
 24-FEB-2004                           !Format date

   1.0057637E+02     1.0810E+06       84       63

   1.1341482E+04   1.4046624E+01   2.8249382E+06   1.8495937E+00   4.3449617E-05   2.9481942E+03   1.0000000E+00     1 
   3.2782926E-02   3.9441855E-03   3.9441855E-03   3.9441855E-03   9.3581760E-05
   4.4324790E-06   4.4324790E-06   4.4324790E-06   9.2463112E-05   8.2356039E-05
   9.9424193E-04   3.1193515E-02   2.0002971E-01   1.4026106E-02   1.4026106E-02
   1.4026106E-02   4.2657654E-03   4.2657654E-03   4.2657654E-03   3.7409197E-03
   1.0640323E-03   1.0640323E-03   1.0640323E-03   9.9705006E-03   1.6293396E+00
   2.8284639E-02   3.5977167E-02   3.5977167E-02   3.5977167E-02   1.7207568E-03
   3.8362996E-02   3.8362996E-02   3.8362996E-02   7.4785986E-03   7.4785986E-03
   7.4785986E-03   5.5655867E-01   5.5655867E-01   5.1893828E-02   5.1893828E-02
   5.1893828E-02   3.0791967E-03   9.6594679E-02   1.0739608E-01   1.0739608E-01
   1.0739608E-01   5.0921493E-03   4.0876649E-03   4.8072919E-02   4.8072919E-02
   4.8072919E-02   2.9662590E-03   2.9662590E-03   2.9662590E-03   4.8541375E-02
   1.1124876E-01   5.6520827E-03   5.6520827E-03   5.6520827E-03   3.2855640E-03
   9.8058991E-01   2.4040874E-02   3.5758544E-02   2.9658596E-01   2.1069360E-02
   9.3891728E-03   9.3891728E-03   1.1545513E-01   1.7065181E-02   7.6904278E-03
   3.3066402E-01   3.0924991E-02   8.7073227E-02   3.9610504E-01   5.4816729E-01
   2.7438914E-02   2.7438914E-02   1.0315202E-02   2.7438914E-02   2.7438914E-02
   2.7438914E-02   2.7438914E-02   4.0309325E-01   4.5188828E-02

   1.1234034E+04   1.4309606E+01   2.8794849E+06   1.8496862E+00   4.3335737E-05   2.9479382E+03   1.0000000E+00     2 
   3.2117627E-02   3.9343880E-03   3.9343880E-03   3.9343880E-03   9.3408634E-05
   4.5041363E-06   4.5041363E-06   4.5041363E-06   9.2291005E-05   8.2194403E-05
   1.0099582E-03   3.1118982E-02   1.9958010E-01   1.4237937E-02   1.4237937E-02
   1.4237937E-02   4.3326759E-03   4.3326759E-03   4.3326759E-03   3.7326229E-03
   1.0783293E-03   1.0783293E-03   1.0783293E-03   1.0122207E-02   1.6250028E+00
   2.8246656E-02   3.6481175E-02   3.6481175E-02   3.6481175E-02   1.7215250E-03
   3.8953911E-02   3.8953911E-02   3.8953911E-02   7.4832327E-03   7.4832327E-03
   7.4832327E-03   5.5519271E-01   5.5519271E-01   5.2494053E-02   5.2494053E-02
   5.2494053E-02   3.0814883E-03   9.8040913E-02   1.0895785E-01   1.0895785E-01
   1.0895785E-01   5.0935870E-03   4.0916144E-03   4.8104239E-02   4.8104239E-02
   4.8104239E-02   2.9669329E-03   2.9669329E-03   2.9669329E-03   4.8551613E-02
   1.1282178E-01   5.6572056E-03   5.6572056E-03   5.6572056E-03   3.2867289E-03
   9.8026600E-01   2.4204744E-02   3.5804533E-02   3.0110773E-01   2.1074603E-02
   9.4017479E-03   9.4017479E-03   1.1515205E-01   1.7091010E-02   7.6923738E-03
   3.3556693E-01   3.0942352E-02   8.7347134E-02   3.9851356E-01   5.5661950E-01
   2.7444856E-02   2.7444856E-02   1.0321196E-02   2.7444856E-02   2.7444856E-02
   2.7444856E-02   2.7444856E-02   4.0902245E-01   4.5205953E-02

   1.1021993E+04   1.4850811E+01   2.9918700E+06   1.8498852E+00   4.3104415E-05   2.9474172E+03   1.0000000E+00     3 
   3.0829733E-02   3.9149139E-03   3.9149139E-03   3.9149139E-03   9.3068554E-05
   4.6509628E-06   4.6509628E-06   4.6509628E-06   9.1950648E-05   8.1872775E-05
   1.0420846E-03   3.0969476E-02   1.9867748E-01   1.4670829E-02   1.4670829E-02
   1.4670829E-02   4.4693448E-03   4.4693448E-03   4.4693448E-03   3.7158872E-03
   1.1075040E-03   1.1075040E-03   1.1075040E-03   1.0431647E-02   1.6162547E+00
   2.8164399E-02   3.7509478E-02   3.7509478E-02   3.7509478E-02   1.7230586E-03
   4.0159968E-02   4.0159968E-02   4.0159968E-02   7.4929233E-03   7.4929233E-03
   7.4929233E-03   5.5242252E-01   5.5242252E-01   5.3718955E-02   5.3718955E-02
   5.3718955E-02   3.0857918E-03   1.0099044E-01   1.1214194E-01   1.1214194E-01
   1.1214194E-01   5.0966479E-03   4.0994337E-03   4.8169286E-02   4.8169286E-02
   4.8169286E-02   2.9683794E-03   2.9683794E-03   2.9683794E-03   4.8566533E-02
   1.1602891E-01   5.6677786E-03   5.6677786E-03   5.6677786E-03   3.2891761E-03
   9.7954521E-01   2.4539233E-02   3.5878985E-02   3.1032367E-01   2.1085880E-02
   9.4236435E-03   9.4236435E-03   1.1453838E-01   1.7144081E-02   7.6965014E-03
   3.4555835E-01   3.0974506E-02   8.7906947E-02   4.0208311E-01   5.7385136E-01
   2.7457621E-02   2.7457621E-02   1.0333669E-02   2.7457621E-02   2.7457621E-02
   2.7457621E-02   2.7457621E-02   4.2110523E-01   4.5241894E-02

   1.0610344E+04   1.5990162E+01   3.2296947E+06   1.8503157E+00   4.2627397E-05   2.9463495E+03   1.0000000E+00     4 
   2.8410859E-02   3.8752442E-03   3.8752442E-03   3.8752442E-03   9.2384101E-05
   4.9569527E-06   4.9569527E-06   4.9569527E-06   9.1262749E-05   8.1216614E-05
   1.1088070E-03   3.0664043E-02   1.9683146E-01   1.5569543E-02   1.5569543E-02
   1.5569543E-02   4.7528573E-03   4.7528573E-03   4.7528573E-03   3.6816491E-03
   1.1679271E-03   1.1679271E-03   1.1679271E-03   1.1072053E-02   1.5983054E+00
   2.7997823E-02   3.9638916E-02   3.9638916E-02   3.9638916E-02   1.7252465E-03
   4.2659867E-02   4.2659867E-02   4.2659867E-02   7.5134205E-03   7.5134205E-03
   7.5134205E-03   5.4675273E-01   5.4675273E-01   5.6256089E-02   5.6256089E-02
   5.6256089E-02   3.0940044E-03   1.0709510E-01   1.1872735E-01   1.1872735E-01
   1.1872735E-01   5.1032209E-03   4.1162120E-03   4.8306031E-02   4.8306031E-02
   4.8306031E-02   2.9715145E-03   2.9715145E-03   2.9715145E-03   4.8585441E-02
   1.2266333E-01   5.6898952E-03   5.6898952E-03   5.6898952E-03   3.2943883E-03
   9.7712017E-01   2.5232135E-02   3.6064318E-02   3.2937820E-01   2.1110277E-02
   9.4754025E-03   9.4754025E-03   1.1327771E-01   1.7254674E-02   7.7053403E-03
   3.6621118E-01   3.1048246E-02   8.9067438E-02   4.1146876E-01   6.0950917E-01
   2.7485229E-02   2.7485229E-02   1.0360001E-02   2.7485229E-02   2.7485229E-02
   2.7485229E-02   2.7485229E-02   4.4608399E-01   4.5318317E-02

   9.8324823E+03   1.8530378E+01   3.7637926E+06   1.8512146E+00   4.1615714E-05   2.9441008E+03   1.0000000E+00     5 
   2.4091782E-02   3.7872168E-03   3.7872168E-03   3.7872168E-03   9.0883139E-05
   5.6159496E-06   5.6159496E-06   5.6159496E-06   8.9762052E-05   7.9793312E-05
   1.2519138E-03   3.0007047E-02   1.9285575E-01   1.7496612E-02   1.7496612E-02
   1.7496612E-02   5.3600443E-03   5.3600443E-03   5.3600443E-03   3.6087212E-03
   1.2969864E-03   1.2969864E-03   1.2969864E-03   1.2438416E-02   1.5599506E+00
   2.7640596E-02   4.4188634E-02   4.4188634E-02   4.4188634E-02   1.7301909E-03
   4.8014506E-02   4.8014506E-02   4.8014506E-02   7.5568229E-03   7.5568229E-03
   7.5568229E-03   5.3474789E-01   5.3474789E-01   6.1677590E-02   6.1677590E-02
   6.1677590E-02   3.1114089E-03   1.2013048E-01   1.3276605E-01   1.3276605E-01
   1.3276605E-01   5.1170738E-03   4.1519322E-03   4.8595938E-02   4.8595938E-02
   4.8595938E-02   2.9781780E-03   2.9781780E-03   2.9781780E-03   4.8621092E-02
   1.3681808E-01   5.7369631E-03   5.7369631E-03   5.7369631E-03   3.3054667E-03
   9.7198527E-01   2.6712329E-02   3.6440101E-02   3.6999934E-01   2.1161339E-02
   9.5821525E-03   9.5821525E-03   1.1059466E-01   1.7490549E-02   7.7240119E-03
   4.1022544E-01   3.1201260E-02   9.1541337E-02   4.3020841E-01   6.8571456E-01
   2.7543187E-02   2.7543187E-02   1.0416440E-02   2.7543187E-02   2.7543187E-02
   2.7543187E-02   2.7543187E-02   4.9935336E-01   4.5481050E-02

   8.4398396E+03   2.4854114E+01   5.1172808E+06   1.8530458E+00   3.9373326E-05   2.9389838E+03   1.0000000E+00     6 
   1.7163004E-02   3.5687508E-03   3.5687508E-03   3.5687508E-03   8.7203364E-05
   7.1195148E-06   7.1195148E-06   7.1195148E-06   8.6141692E-05   7.6400787E-05
   1.5764197E-03   2.8486190E-02   1.8365389E-01   2.1865622E-02   2.1865622E-02
   2.1865622E-02   6.7329961E-03   6.7329961E-03   6.7329961E-03   3.4426070E-03
   1.5873045E-03   1.5873045E-03   1.5873045E-03   1.5507419E-02   1.4728357E+00
   2.6818609E-02   5.4435381E-02   5.4435381E-02   5.4435381E-02   1.7386602E-03
   6.0149303E-02   6.0149303E-02   6.0149303E-02   7.6505988E-03   7.6505988E-03
   7.6505988E-03   5.0789012E-01   5.0789012E-01   7.3893385E-02   7.3893385E-02
   7.3893385E-02   3.1465411E-03   1.4945958E-01   1.6422353E-01   1.6422353E-01
   1.6422353E-01   5.1462616E-03   4.2324023E-03   4.9227635E-02   4.9227635E-02
   4.9227635E-02   2.9924888E-03   2.9924888E-03   2.9924888E-03   4.8624020E-02
   1.6860925E-01   5.8410823E-03   5.8410823E-03   5.8410823E-03   3.3295896E-03
   9.5732771E-01   3.0046308E-02   3.7286812E-02   4.6108284E-01   2.1265955E-02
   9.8231222E-03   9.8231222E-03   1.0456168E-01   1.8017161E-02   7.7637267E-03
   5.0888248E-01   3.1538911E-02   9.7079348E-02   4.7299953E-01   8.5776605E-01
   2.7663132E-02   2.7663132E-02   1.0543073E-02   2.7663132E-02   2.7663132E-02
   2.7663132E-02   2.7663132E-02   6.1899589E-01   4.5837328E-02

   6.2778820E+03   4.4330317E+01   9.2882207E+06   1.8563132E+00   3.4479919E-05   2.9264839E+03   1.0000000E+00     7 
   8.5702555E-03   2.9848037E-03   2.9848037E-03   2.9848037E-03   7.7562199E-05
   1.0585926E-05   1.0585926E-05   1.0585926E-05   7.6839554E-05   6.7851180E-05
   2.3173554E-03   2.4861934E-02   1.6169056E-01   3.1866949E-02   3.1866949E-02
   3.1866949E-02   9.8592764E-03   9.8592764E-03   9.8592764E-03   3.0480376E-03
   2.2415021E-03   2.2415021E-03   2.2415021E-03   2.2382278E-02   1.2724254E+00
   2.4631468E-02   7.7607128E-02   7.7607128E-02   7.7607128E-02   1.7426283E-03
   8.8020357E-02   8.8020357E-02   8.8020357E-02   7.8453593E-03   7.8453593E-03
   7.8453593E-03   4.4579227E-01   4.4579227E-01   1.0153967E-01   1.0153967E-01
   1.0153967E-01   3.1938200E-03   2.1565938E-01   2.3450569E-01   2.3450569E-01
   2.3450569E-01   5.2039484E-03   4.4113086E-03   5.0561843E-02   5.0561843E-02
   5.0561843E-02   3.0231022E-03   3.0231022E-03   3.0231022E-03   4.8016429E-02
   2.4011757E-01   6.0694959E-03   6.0694959E-03   6.0694959E-03   3.3817150E-03
   9.0428870E-01   3.7613763E-02   3.8696112E-02   6.6508349E-01   2.1455737E-02
   1.0275874E-02   1.0275874E-02   9.0892195E-02   1.9194419E-02   7.8444595E-03
   7.2976838E-01   3.2179744E-02   1.0947856E-01   5.3794014E-01   1.2507814E+00
   2.7888657E-02   2.7888657E-02   1.0837581E-02   2.7888657E-02   2.7888657E-02
   2.7888657E-02   2.7888657E-02   8.8849893E-01   4.6618184E-02

   4.6756742E+03   7.8617951E+01   1.6838946E+07   1.8603975E+00   2.9315478E-05   2.9100589E+03   1.0000000E+00     8 
   4.1772323E-03   2.3136368E-03   2.3136368E-03   2.3136368E-03   6.6909468E-05
   1.4504286E-05   1.4504286E-05   1.4504286E-05   6.6529242E-05   5.8454158E-05
   3.1323708E-03   2.0952079E-02   1.3782469E-01   4.2902191E-02   4.2902191E-02
   4.2902191E-02   1.3268716E-02   1.3268716E-02   1.3268716E-02   2.6048327E-03
   2.9391851E-03   2.9391851E-03   2.9391851E-03   2.9570588E-02   1.0586604E+00
   2.2035579E-02   1.0238205E-01   1.0238205E-01   1.0238205E-01   1.7620271E-03
   1.1877904E-01   1.1877904E-01   1.1877904E-01   8.0740224E-03   8.0740224E-03
   8.0740224E-03   3.7525840E-01   3.7525840E-01   1.3119186E-01   1.3119186E-01
   1.3119186E-01   3.2541368E-03   2.8594450E-01   3.0788273E-01   3.0788273E-01
   3.0788273E-01   5.2791627E-03   4.6493908E-03   5.2064463E-02   5.2064463E-02
   5.2064463E-02   3.0705578E-03   3.0705578E-03   3.0705578E-03   4.7135939E-02
   3.1552389E-01   6.3301032E-03   6.3301032E-03   6.3301032E-03   3.4513150E-03
   8.3423831E-01   4.5800225E-02   4.0162391E-02   8.7825149E-01   2.1697650E-02
   1.0799648E-02   1.0799648E-02   7.6428396E-02   2.0511865E-02   7.9504336E-03
   9.6087966E-01   3.2946227E-02   1.2275659E-01   5.9701472E-01   1.6756787E+00
   2.8186820E-02   2.8186820E-02   1.1238968E-02   2.8186820E-02   2.8186820E-02
   2.8186820E-02   2.8186820E-02   1.1724687E+00   4.7666796E-02

   3.4842997E+03   1.3816727E+02   3.0552823E+07   1.8657246E+00   2.4645967E-05   2.8881725E+03   1.0000000E+00     9 
   2.0358980E-03   1.6716900E-03   1.6716900E-03   1.6716900E-03   5.7366005E-05
   1.8420850E-05   1.8420850E-05   1.8420850E-05   5.7309031E-05   5.0076433E-05
   3.9099407E-03   1.7425811E-02   1.1625268E-01   5.3491617E-02   5.3491617E-02
   5.3491617E-02   1.6476396E-02   1.6476396E-02   1.6476396E-02   2.2145334E-03
   3.5698713E-03   3.5698713E-03   3.5698713E-03   3.5797329E-02   8.6588405E-01
   1.9828467E-02   1.2485272E-01   1.2485272E-01   1.2485272E-01   1.8569379E-03
   1.4838840E-01   1.4838840E-01   1.4838840E-01   8.3339996E-03   8.3339996E-03
   8.3339996E-03   3.1200401E-01   3.1200401E-01   1.5847126E-01   1.5847126E-01
   1.5847126E-01   3.3925335E-03   3.4869394E-01   3.7133071E-01   3.7133071E-01
   3.7133071E-01   5.3813217E-03   4.9858509E-03   5.3632008E-02   5.3632008E-02
   5.3632008E-02   3.1477079E-03   3.1477079E-03   3.1477079E-03   4.6764134E-02
   3.8223290E-01   6.6075770E-03   6.6075770E-03   6.6075770E-03   3.5474639E-03
   7.7620549E-01   5.3388216E-02   4.1839470E-02   1.0637765E+00   2.2020653E-02
   1.1454236E-02   1.1454236E-02   6.3491405E-02   2.1833773E-02   8.0948793E-03
   1.1617948E+00   3.3925297E-02   1.3498907E-01   6.5551033E-01   2.0670502E+00
   2.8600748E-02   2.8600748E-02   1.1802040E-02   2.8600748E-02   2.8600748E-02
   2.8600748E-02   2.8600748E-02   1.4240028E+00   4.9127539E-02

   2.5985463E+03   2.4004172E+02   5.5496119E+07   1.8726938E+00   2.0980616E-05   2.8587913E+03   1.0000000E+00    10 
   1.0271402E-03   1.1465030E-03   1.1465030E-03   1.1465030E-03   5.0504131E-05
   2.2033106E-05   2.2033106E-05   2.2033106E-05   5.0720642E-05   4.4030929E-05
   4.5745093E-03   1.4736836E-02   1.0003170E-01   6.2683719E-02   6.2683719E-02
   6.2683719E-02   1.9152268E-02   1.9152268E-02   1.9152268E-02   1.9379061E-03
   4.0613936E-03   4.0613936E-03   4.0613936E-03   4.0248026E-02   7.1641442E-01
   1.8524119E-02   1.4236899E-01   1.4236899E-01   1.4236899E-01   2.0927402E-03
   1.7444203E-01   1.7444203E-01   1.7444203E-01   8.6335199E-03   8.6335199E-03
   8.6335199E-03   2.6434797E-01   2.6434797E-01   1.8080771E-01   1.8080771E-01
   1.8080771E-01   3.6805004E-03   3.9559927E-01   4.1597333E-01   4.1597333E-01
   4.1597333E-01   5.5247953E-03   5.4975283E-03   5.5219757E-02   5.5219757E-02
   5.5219757E-02   3.2733471E-03   3.2733471E-03   3.2733471E-03   4.7452668E-02
   4.3175886E-01   6.9034833E-03   6.9034833E-03   6.9034833E-03   3.6863244E-03
   7.4396239E-01   5.9543991E-02   4.4177877E-02   1.1972538E+00   2.2456061E-02
   1.2393052E-02   1.2393052E-02   5.3447998E-02   2.3086935E-02   8.2990025E-03
   1.3042898E+00   3.5304121E-02   1.4484069E-01   7.3443998E-01   2.3792229E+00
   2.9184289E-02   2.9184289E-02   1.2640414E-02   2.9184289E-02   2.9184289E-02
   2.9184289E-02   2.9184289E-02   1.6089926E+00   5.1265871E-02

   1.9408575E+03   4.1067198E+02   1.0087043E+08   1.8822690E+00   1.8362800E-05   2.8193933E+03   1.0000000E+00    11 
   5.5720976E-04   7.7047521E-04   7.7047521E-04   7.7047521E-04   4.7191343E-05
   2.5491131E-05   2.5491131E-05   2.5491131E-05   4.7562974E-05   4.0994926E-05
   5.1358566E-03   1.3018629E-02   9.0120029E-02   7.0635646E-02   7.0635646E-02
   7.0635646E-02   2.1330334E-02   2.1330334E-02   2.1330334E-02   1.8019968E-03
   4.4174514E-03   4.4174514E-03   4.4174514E-03   4.2822799E-02   6.1438324E-01
   1.8496172E-02   1.5469682E-01   1.5469682E-01   1.5469682E-01   2.5844542E-03
   1.9738939E-01   1.9738939E-01   1.9738939E-01   9.0154595E-03   9.0154595E-03
   9.0154595E-03   2.3415842E-01   2.3415842E-01   1.9867699E-01   1.9867699E-01
   1.9867699E-01   4.2447383E-03   4.2530107E-01   4.4088129E-01   4.4088129E-01
   4.4088129E-01   5.7408278E-03   6.3329720E-03   5.6964879E-02   5.6964879E-02
   5.6964879E-02   3.4803815E-03   3.4803815E-03   3.4803815E-03   4.9982118E-02
   4.6312654E-01   7.2579692E-03   7.2579692E-03   7.2579692E-03   3.9000699E-03
   7.5428042E-01   6.4200542E-02   4.7823696E-02   1.2757887E+00   2.3075280E-02
   1.3872746E-02   1.3872746E-02   4.6317784E-02   2.4337011E-02   8.6073685E-03
   1.3842826E+00   3.7413229E-02   1.5253149E-01   8.5750831E-01   2.6022003E+00
   3.0050124E-02   3.0050124E-02   1.3995027E-02   3.0050124E-02   3.0050124E-02
   3.0050124E-02   3.0050124E-02   1.7263218E+00   5.4647858E-02

   1.4530208E+03   6.8797689E+02   1.8340066E+08   1.8957601E+00   1.6514196E-05   2.7667114E+03   1.0000000E+00    12 
   3.3318483E-04   5.2425847E-04   5.2425847E-04   5.2425847E-04   4.7660622E-05
   2.9290562E-05   2.9290562E-05   2.9290562E-05   4.7927036E-05   4.1055444E-05
   5.6585429E-03   1.2126191E-02   8.5606539E-02   7.8248143E-02   7.8248143E-02
   7.8248143E-02   2.3296686E-02   2.3296686E-02   2.3296686E-02   1.8089920E-03
   4.6911838E-03   4.6911838E-03   4.6911838E-03   4.3789131E-02   5.4935382E-01
   1.9936361E-02   1.6287818E-01   1.6287818E-01   1.6287818E-01   3.5095378E-03
   2.1967338E-01   2.1967338E-01   2.1967338E-01   9.5560357E-03   9.5560357E-03
   9.5560357E-03   2.1828048E-01   2.1828048E-01   2.1478255E-01   2.1478255E-01
   2.1478255E-01   5.2741210E-03   4.3951448E-01   4.4985840E-01   4.4985840E-01
   4.4985840E-01   6.0807259E-03   7.7428178E-03   5.9134184E-02   5.9134184E-02
   5.9134184E-02   3.8210713E-03   3.8210713E-03   3.8210713E-03   5.5041477E-02
   4.7920602E-01   7.7476536E-03   7.7476536E-03   7.7476536E-03   4.2387850E-03
   8.1116847E-01   6.7642019E-02   5.3678126E-02   1.3088346E+00   2.3984392E-02
   1.6295496E-02   1.6295496E-02   4.1593652E-02   2.5739472E-02   9.0912435E-03
   1.4123665E+00   4.0753437E-02   1.5885742E-01   1.0507893E+00   2.7388289E+00
   3.1373329E-02   3.1373329E-02   1.6293716E-02   3.1373329E-02   3.1373329E-02
   3.1373329E-02   3.1373329E-02   1.7848563E+00   6.0254745E-02

   1.0915123E+03   1.1226768E+03   3.3344042E+08   1.9147175E+00   1.5106787E-05   2.6967212E+03   1.0000000E+00    13 
   2.2252405E-04   3.7206124E-04   3.7206124E-04   3.7206124E-04   5.2319434E-05
   3.4194487E-05   3.4194487E-05   3.4194487E-05   5.1908285E-05   4.4441930E-05
   6.2292605E-03   1.1855658E-02   8.4825737E-02   8.6726204E-02   8.6726204E-02
   8.6726204E-02   2.5365806E-02   2.5365806E-02   2.5365806E-02   1.9794933E-03
   4.9631035E-03   4.9631035E-03   4.9631035E-03   4.3616711E-02   5.0804173E-01
   2.3131490E-02   1.6833559E-01   1.6833559E-01   1.6833559E-01   5.1580890E-03
   2.4416714E-01   2.4416714E-01   2.4416714E-01   1.0373318E-02   1.0373318E-02
   1.0373318E-02   2.1417623E-01   2.1417623E-01   2.3340368E-01   2.3340368E-01
   2.3340368E-01   7.0823549E-03   4.3949990E-01   4.4877536E-01   4.4877536E-01
   4.4877536E-01   6.6238118E-03   1.0152793E-02   6.2099093E-02   6.2099093E-02
   6.2099093E-02   4.3757139E-03   4.3757139E-03   4.3757139E-03   6.3439581E-02
   4.8335433E-01   8.4923490E-03   8.4923490E-03   8.4923490E-03   4.7712830E-03
   9.1413133E-01   7.0102246E-02   6.2941168E-02   1.3130949E+00   2.5330144E-02
   2.0292413E-02   2.0292413E-02   3.8326717E-02   2.7508885E-02   9.8579176E-03
   1.4007114E+00   4.6045226E-02   1.6489522E-01   1.3369040E+00   2.7827515E+00
   3.3412986E-02   3.3412986E-02   2.0238796E-02   3.3412986E-02   3.3412986E-02
   3.3412986E-02   3.3412986E-02   1.7963306E+00   6.9658702E-02

   8.2390322E+02   1.7634467E+03   6.0578738E+08   1.9422445E+00   1.3874700E-05   2.6052265E+03   1.0000000E+00    14 
   1.7083183E-04   2.8782892E-04   2.8782892E-04   2.8782892E-04   6.3386294E-05
   4.1899198E-05   4.1899198E-05   4.1899198E-05   6.0480394E-05   5.2451360E-05
   7.0008895E-03   1.2008349E-02   8.6239743E-02   9.7788106E-02   9.7788106E-02
   9.7788106E-02   2.8130206E-02   2.8130206E-02   2.8130206E-02   2.3735521E-03
   5.3589513E-03   5.3589513E-03   5.3589513E-03   4.3350417E-02   4.7584728E-01
   2.8563439E-02   1.7278780E-01   1.7278780E-01   1.7278780E-01   8.0291919E-03
   2.7312494E-01   2.7312494E-01   2.7312494E-01   1.1697120E-02   1.1697120E-02
   1.1697120E-02   2.1915243E-01   2.1915243E-01   2.6281745E-01   2.6281745E-01
   2.6281745E-01   1.0240609E-02   4.2713795E-01   4.4516606E-01   4.4516606E-01
   4.4516606E-01   7.5022457E-03   1.4282645E-02   6.6522234E-02   6.6522234E-02
   6.6522234E-02   5.2830306E-03   5.2830306E-03   5.2830306E-03   7.6302135E-02
   4.7730524E-01   9.6962293E-03   9.6962293E-03   9.6962293E-03   5.5787703E-03
   1.0655235E+00   7.1810523E-02   7.7402110E-02   1.3084098E+00   2.7410118E-02
   2.6945843E-02   2.6945843E-02   3.5930537E-02   3.0054901E-02   1.1081941E-02
   1.3632705E+00   5.4440746E-02   1.7152738E-01   1.7292375E+00   2.7178755E+00
   3.6660515E-02   3.6660515E-02   2.6898784E-02   3.6660515E-02   3.6660515E-02
   3.6660515E-02   3.6660515E-02   1.7563644E+00   8.5395206E-02

   6.2602163E+02   2.6169471E+03   1.0976257E+09   1.9845700E+00   1.2618777E-05   2.4905748E+03   1.0000000E+00    15 
   1.6124532E-04   2.6135325E-04   2.6135325E-04   2.6135325E-04   8.8492565E-05
   5.7141588E-05   5.7141588E-05   5.7141588E-05   7.8341833E-05   7.0904699E-05
   8.2861469E-03   1.2854067E-02   8.9449408E-02   1.1400216E-01   1.1400216E-01
   1.1400216E-01   3.2533596E-02   3.2533596E-02   3.2533596E-02   3.1838469E-03
   6.1010200E-03   6.1010200E-03   6.1010200E-03   4.5090234E-02   4.5523958E-01
   3.7403308E-02   1.7890005E-01   1.7890005E-01   1.7890005E-01   1.2931552E-02
   3.0535473E-01   3.0535473E-01   3.0535473E-01   1.3999133E-02   1.3999133E-02
   1.3999133E-02   2.3422376E-01   2.3422376E-01   3.1014923E-01   3.1014923E-01
   3.1014923E-01   1.5821626E-02   4.0526051E-01   4.5375877E-01   4.5375877E-01
   4.5375877E-01   8.9547886E-03   2.1529054E-02   7.3631079E-02   7.3631079E-02
   7.3631079E-02   6.8010497E-03   6.8010497E-03   6.8010497E-03   9.5412570E-02
   4.6263285E-01   1.1728660E-02   1.1728660E-02   1.1728660E-02   6.7675891E-03
   1.2760676E+00   7.3525862E-02   1.0050333E-01   1.3157004E+00   3.0845266E-02
   3.8262037E-02   3.8262037E-02   3.4622188E-02   3.4270324E-02   1.3077814E-02
   1.3188350E+00   6.8385349E-02   1.8192420E-01   2.2523254E+00   2.5367554E+00
   4.2035232E-02   4.2035232E-02   3.7590113E-02   4.2035232E-02   4.2035232E-02
   4.2035232E-02   4.2035232E-02   1.6938562E+00   1.1174581E-01

   4.7890745E+02   3.6206830E+03   1.9914092E+09   2.0523961E+00   1.1232037E-05   2.3458450E+03   1.0000000E+00    16 
   2.0766427E-04   3.0903649E-04   3.0903649E-04   3.0903649E-04   1.5298274E-04
   9.3816080E-05   9.3816080E-05   9.3816080E-05   1.2029383E-04   1.1912088E-04
   1.0807066E-02   1.4969323E-02   9.5438114E-02   1.4123028E-01   1.4123028E-01
   1.4123028E-01   4.0766979E-02   4.0766979E-02   4.0766979E-02   4.9214468E-03
   7.5781383E-03   7.5781383E-03   7.5781383E-03   5.2848916E-02   4.4924616E-01
   5.2037065E-02   1.9243557E-01   1.9243557E-01   1.9243557E-01   2.1352323E-02
   3.4105630E-01   3.4105630E-01   3.4105630E-01   1.8262622E-02   1.8262622E-02
   1.8262622E-02   2.6684725E-01   2.6684725E-01   3.8732574E-01   3.8732574E-01
   3.8732574E-01   2.5999204E-02   3.8655121E-01   4.8913999E-01   4.8913999E-01
   4.8913999E-01   1.1430260E-02   3.4681171E-02   8.5796144E-02   8.5796144E-02
   8.5796144E-02   9.5062438E-03   9.5062438E-03   9.5062438E-03   1.2305034E-01
   4.3801323E-01   1.5267264E-02   1.5267264E-02   1.5267264E-02   8.5397154E-03
   1.5660116E+00   7.7063793E-02   1.3811187E-01   1.3733555E+00   3.6889839E-02
   5.7674524E-02   5.7674524E-02   3.5710382E-02   4.2105187E-02   1.6521781E-02
   1.2830259E+00   9.3356788E-02   2.0072497E-01   2.9337528E+00   2.2727661E+00
   5.1299260E-02   5.1299260E-02   5.3523405E-02   5.1299260E-02   5.1299260E-02
   5.1299260E-02   5.1299260E-02   1.6288628E+00   1.5560178E-01

   3.6959393E+02   4.6427749E+03   3.6315609E+09   2.1590312E+00   9.7282118E-06   2.1600962E+03   1.0000000E+00    17 
   3.9952347E-04   5.2206208E-04   5.2206208E-04   5.2206208E-04   3.4782833E-04
   2.0415679E-04   2.0415679E-04   2.0415679E-04   2.3629138E-04   2.6957583E-04
   1.6135746E-02   1.9692541E-02   1.0836081E-01   1.8828336E-01   1.8828336E-01
   1.8828336E-01   5.5782873E-02   5.5782873E-02   5.5782873E-02   8.7733418E-03
   1.0346951E-02   1.0346951E-02   1.0346951E-02   7.2055459E-02   4.6710949E-01
   7.6561417E-02   2.1994702E-01   2.1994702E-01   2.1994702E-01   3.5275392E-02
   3.7842734E-01   3.7842734E-01   3.7842734E-01   2.6250334E-02   2.6250334E-02
   2.6250334E-02   3.2422286E-01   3.2422286E-01   4.5878399E-01   4.5878399E-01
   4.5878399E-01   4.5007861E-02   3.8665414E-01   5.5808413E-01   5.5808413E-01
   5.5808413E-01   1.5804295E-02   5.9131030E-02   1.0677896E-01   1.0677896E-01
   1.0677896E-01   1.4887220E-02   1.4887220E-02   1.4887220E-02   1.6116783E-01
   4.1149128E-01   2.1684563E-02   2.1684563E-02   2.1684563E-02   1.1599336E-02
   1.9533384E+00   8.5765249E-02   1.9621199E-01   1.4988573E+00   4.7650423E-02
   8.8493808E-02   8.8493808E-02   4.1853405E-02   5.6632130E-02   2.2770503E-02
   1.2545067E+00   1.4014519E-01   2.3539650E-01   3.7979818E+00   1.9954754E+00
   6.7022962E-02   6.7022962E-02   7.6257954E-02   6.7022962E-02   6.7022962E-02
   6.7022962E-02   6.7022962E-02   1.5988348E+00   2.2538527E-01

   2.8900439E+02   5.6534360E+03   6.6747743E+09   2.3126674E+00   8.2355011E-06   1.9223545E+03   1.0000000E+00    18 
   1.1006968E-03   1.2395495E-03   1.2395495E-03   1.2395495E-03   9.9524400E-04
   5.6990708E-04   5.6990708E-04   5.6990708E-04   6.3359579E-04   8.0562928E-04
   2.7511104E-02   2.9429373E-02   1.6123887E-01   2.7124689E-01   2.7124689E-01
   2.7124689E-01   7.9140194E-02   7.9140194E-02   7.9140194E-02   1.6792544E-02
   1.5091881E-02   1.5091881E-02   1.5091881E-02   9.6969831E-02   5.0557046E-01
   1.1898479E-01   2.6200932E-01   2.6200932E-01   2.6200932E-01   5.7914583E-02
   4.4782007E-01   4.4782007E-01   4.4782007E-01   4.0341355E-02   4.0341355E-02
   4.0341355E-02   4.0788788E-01   4.0788788E-01   4.0320623E-01   4.0320623E-01
   4.0320623E-01   7.9846010E-02   4.1208576E-01   6.3539751E-01   6.3539751E-01
   6.3539751E-01   2.4400778E-02   1.0042788E-01   1.4092403E-01   1.4092403E-01
   1.4092403E-01   2.5867231E-02   2.5867231E-02   2.5867231E-02   2.1907236E-01
   4.8251595E-01   3.3460814E-02   3.3460814E-02   3.3460814E-02   1.9421149E-02
   2.4149400E+00   1.0331059E-01   2.6680631E-01   1.5951041E+00   6.5748170E-02
   1.2867022E-01   1.2867022E-01   5.6036082E-02   7.9474230E-02   3.4525641E-02
   1.2006450E+00   2.1606392E-01   2.9226247E-01   4.7718747E+00   1.7884718E+00
   9.1413960E-02   9.1413960E-02   1.1667857E-01   9.1413960E-02   9.1413960E-02
   9.1413960E-02   9.1413960E-02   1.6147346E+00   3.3686180E-01

   2.3028591E+02   6.6522827E+03   1.2204120E+10   2.5283629E+00   6.9033468E-06   1.6561071E+03   1.0000000E+00    19 
   4.3359559E-03   4.1059457E-03   4.1059457E-03   4.1059457E-03   3.4336005E-03
   1.9480336E-03   1.9480336E-03   1.9480336E-03   2.1157714E-03   2.8833040E-03
   5.3309578E-02   5.2767965E-02   2.6233860E-01   4.2100581E-01   4.2100581E-01
   4.2100581E-01   1.1900771E-01   1.1900771E-01   1.1900771E-01   3.4165588E-02
   2.4818648E-02   2.4818648E-02   2.4818648E-02   1.3266227E-01   6.0818487E-01
   1.9117860E-01   3.3221096E-01   3.3221096E-01   3.3221096E-01   9.5027474E-02
   5.7031478E-01   5.7031478E-01   5.7031478E-01   6.5095828E-02   6.5095828E-02
   6.5095828E-02   5.3800254E-01   5.3800254E-01   3.7071897E-01   3.7071897E-01
   3.7071897E-01   1.3811797E-01   3.7900060E-01   7.4665236E-01   7.4665236E-01
   7.4665236E-01   4.0681260E-02   1.6145001E-01   1.9458179E-01   1.9458179E-01
   1.9458179E-01   4.5450270E-02   4.5450270E-02   4.5450270E-02   3.1266432E-01
   8.2277363E-01   5.6867814E-02   5.6867814E-02   5.6867814E-02   4.0170668E-02
   3.0062980E+00   1.3594525E-01   3.4234119E-01   1.6056925E+00   9.6390828E-02
   1.8174584E-01   1.8174584E-01   7.6155362E-02   1.1533705E-01   5.3322355E-02
   1.2135501E+00   3.1056137E-01   3.7739564E-01   5.7761557E+00   1.7029256E+00
   1.3045810E-01   1.3045810E-01   1.7061871E-01   1.3045810E-01   1.3045810E-01
   1.3045810E-01   1.3045810E-01   1.6017189E+00   5.2612934E-01

   1.8732298E+02   7.9935958E+03   2.2558788E+10   2.8072781E+00   5.7710277E-06   1.3541399E+03   1.0000000E+00    20 
   1.9665453E-02   1.5318362E-02   1.5318362E-02   1.5318362E-02   1.2950828E-02
   7.7661233E-03   7.7661233E-03   7.7661233E-03   7.7666044E-03   1.1144290E-02
   1.0853951E-01   1.3313192E-01   3.4600260E-01   7.7983622E-01   7.7983622E-01
   7.7983622E-01   1.8939717E-01   1.8939717E-01   1.8939717E-01   7.0728233E-02
   4.7418203E-02   4.7418203E-02   4.7418203E-02   2.2485371E-01   1.0962458E+00
   2.9527027E-01   4.8081177E-01   4.8081177E-01   4.8081177E-01   1.4730490E-01
   9.1124323E-01   9.1124323E-01   9.1124323E-01   1.0837012E-01   1.0837012E-01
   1.0837012E-01   7.2487854E-01   7.2487854E-01   7.7490956E-01   7.7490956E-01
   7.7490956E-01   2.3992209E-01   6.0951503E-01   7.6976083E-01   7.6976083E-01
   7.6976083E-01   7.0935493E-02   2.4307054E-01   2.7893709E-01   2.7893709E-01
   2.7893709E-01   8.6028485E-02   8.6028485E-02   8.6028485E-02   4.2030701E-01
   8.3288124E-01   9.9850912E-02   9.9850912E-02   9.9850912E-02   7.5049061E-02
   3.6551170E+00   2.1376211E-01   4.8720332E-01   1.8902138E+00   1.4713049E-01
   2.5583541E-01   2.5583541E-01   1.0946590E-01   1.8283839E-01   9.2010220E-02
   1.6098708E+00   4.9542462E-01   5.2184053E-01   6.7492474E+00   2.2466538E+00
   1.9554424E-01   1.9554424E-01   2.7953275E-01   1.9554424E-01   1.9554424E-01
   1.9554424E-01   1.9554424E-01   1.6094017E+00   7.6470724E-01

   1.5629712E+02   1.0781867E+04   4.2646154E+10   3.1032329E+00   4.8874449E-06   1.0289587E+03   1.0000000E+00    21 
   6.2577175E-02   4.6301576E-02   4.6301576E-02   4.6301576E-02   4.3558270E-02
   2.3722088E-02   2.3722088E-02   2.3722088E-02   2.2103245E-02   3.9834271E-02
   1.9067042E-01   2.0076520E-01   2.6338208E-01   1.0549753E+00   1.0549753E+00
   1.0549753E+00   2.6326496E-01   2.6326496E-01   2.6326496E-01   1.4081882E-01
   8.6815293E-02   8.6815293E-02   8.6815293E-02   3.2652806E-01   1.0939867E+00
   3.8587291E-01   6.9505126E-01   6.9505126E-01   6.9505126E-01   2.8359796E-01
   9.1561483E-01   9.1561483E-01   9.1561483E-01   1.6398627E-01   1.6398627E-01
   1.6398627E-01   9.1806544E-01   9.1806544E-01   9.1101270E-01   9.1101270E-01
   9.1101270E-01   3.7217415E-01   7.3416784E-01   1.1591521E+00   1.1591521E+00
   1.1591521E+00   1.1269145E-01   4.0144298E-01   3.6994709E-01   3.6994709E-01
   3.6994709E-01   1.4000017E-01   1.4000017E-01   1.4000017E-01   4.9520146E-01
   9.9243858E-01   1.6010173E-01   1.6010173E-01   1.6010173E-01   1.1575969E-01
   3.8161915E+00   3.1341329E-01   7.5495325E-01   2.4916148E+00   2.1246569E-01
   4.2808361E-01   4.2808361E-01   1.9075691E-01   2.4887351E-01   1.4101122E-01
   1.6631716E+00   6.8474464E-01   6.9242595E-01   7.0270888E+00   2.6725290E+00
   2.7233753E-01   2.7233753E-01   3.0672332E-01   2.7233753E-01   2.7233753E-01
   2.7233753E-01   2.7233753E-01   1.6369717E+00   8.9143353E-01

   1.3525275E+02   1.5359648E+04   8.0502317E+10   3.4279018E+00   4.5424535E-06   7.2792964E+02   1.0000000E+00    22 
   1.8211756E-01   1.2526359E-01   1.2526359E-01   1.2526359E-01   1.1567374E-01
   6.1905053E-02   6.1905053E-02   6.1905053E-02   6.1743599E-02   9.5083619E-02
   3.1616295E-01   3.8416888E-01   3.8892347E-01   1.5685000E+00   1.5685000E+00
   1.5685000E+00   5.1032898E-01   5.1032898E-01   5.1032898E-01   2.4614266E-01
   1.4485773E-01   1.4485773E-01   1.4485773E-01   6.0364184E-01   1.5981371E+00
   4.8836521E-01   8.8395781E-01   8.8395781E-01   8.8395781E-01   3.7510612E-01
   1.2374308E+00   1.2374308E+00   1.2374308E+00   2.8902275E-01   2.8902275E-01
   2.8902275E-01   9.3735526E-01   9.3735526E-01   1.2301355E+00   1.2301355E+00
   1.2301355E+00   5.5871066E-01   1.1450828E+00   1.5090101E+00   1.5090101E+00
   1.5090101E+00   1.8465917E-01   4.3031211E-01   5.3002012E-01   5.3002012E-01
   5.3002012E-01   2.1020815E-01   2.1020815E-01   2.1020815E-01   6.2711740E-01
   1.2686552E+00   2.4798767E-01   2.4798767E-01   2.4798767E-01   2.0015052E-01
   3.8976956E+00   4.1549161E-01   1.0836979E+00   2.6812690E+00   3.1491318E-01
   5.2797412E-01   5.2797412E-01   3.0387514E-01   3.8813708E-01   2.1172512E-01
   1.8261629E+00   7.7910257E-01   8.4495421E-01   6.0019317E+00   2.2981559E+00
   3.9207285E-01   3.9207285E-01   5.3858234E-01   3.9207285E-01   3.9207285E-01
   3.9207285E-01   3.9207285E-01   1.2770837E+00   1.0636492E+00

   1.2356812E+02   2.3150348E+04   1.3634361E+11   3.6397230E+00   4.8602148E-06   5.1492786E+02   1.0000000E+00    23 
   3.1141883E-01   2.0370510E-01   2.0370510E-01   2.0370510E-01   1.8198171E-01
   1.0032713E-01   1.0032713E-01   1.0032713E-01   1.0434625E-01   1.3952412E-01
   4.1913209E-01   4.7913375E-01   4.7967174E-01   1.8663731E+00   1.8663731E+00
   1.8663731E+00   6.3015367E-01   6.3015367E-01   6.3015367E-01   3.1809705E-01
   1.9174095E-01   1.9174095E-01   1.9174095E-01   6.5503535E-01   1.7402018E+00
   5.5771446E-01   1.0469687E+00   1.0469687E+00   1.0469687E+00   3.3027502E-01
   1.4753608E+00   1.4753608E+00   1.4753608E+00   3.7497529E-01   3.7497529E-01
   3.7497529E-01   9.9264342E-01   9.9264342E-01   1.4083199E+00   1.4083199E+00
   1.4083199E+00   5.9863567E-01   1.2303067E+00   1.5660835E+00   1.5660835E+00
   1.5660835E+00   2.4000664E-01   6.4689237E-01   6.3078781E-01   6.3078781E-01
   6.3078781E-01   2.6746054E-01   2.6746054E-01   2.6746054E-01   7.2751209E-01
   1.4464222E+00   2.8854636E-01   2.8854636E-01   2.8854636E-01   2.5620501E-01
   3.9056066E+00   5.0771310E-01   1.0188708E+00   2.6955149E+00   3.9114585E-01
   6.8278259E-01   6.8278259E-01   3.7397780E-01   4.8060836E-01   2.7046613E-01
   1.6871092E+00   8.7242854E-01   9.9202769E-01   5.4948568E+00   3.0791270E+00
   4.7884949E-01   4.7884949E-01   7.9115658E-01   4.7884949E-01   4.7884949E-01
   4.7884949E-01   4.7884949E-01   1.4666234E+00   1.2268654E+00

   1.1645889E+02   3.7007479E+04   2.1691488E+11   3.7978819E+00   5.5299880E-06   3.6438532E+02   1.0000000E+00    24 
   4.2114663E-01   2.8827217E-01   2.8827217E-01   2.8827217E-01   2.4655484E-01
   1.3375879E-01   1.3375879E-01   1.3375879E-01   1.4636543E-01   1.7986449E-01
   5.0315338E-01   4.8726304E-01   5.1128337E-01   1.8605602E+00   1.8605602E+00
   1.8605602E+00   6.3444147E-01   6.3444147E-01   6.3444147E-01   3.8205623E-01
   2.2855049E-01   2.2855049E-01   2.2855049E-01   7.2519792E-01   1.5333143E+00
   5.9845386E-01   1.0988390E+00   1.0988390E+00   1.0988390E+00   3.9600444E-01
   1.4054336E+00   1.4054336E+00   1.4054336E+00   4.1072729E-01   4.1072729E-01
   4.1072729E-01   1.1297355E+00   1.1297355E+00   1.5220885E+00   1.5220885E+00
   1.5220885E+00   6.4187807E-01   1.2627647E+00   1.6830816E+00   1.6830816E+00
   1.6830816E+00   2.8378177E-01   6.3990080E-01   6.6609010E-01   6.6609010E-01
   6.6609010E-01   3.0650610E-01   3.0650610E-01   3.0650610E-01   7.8437001E-01
   1.4381262E+00   3.2107983E-01   3.2107983E-01   3.2107983E-01   2.9700016E-01
   3.6991090E+00   5.6294984E-01   8.4002571E-01   2.4944691E+00   4.3845668E-01
   8.4058890E-01   8.4058890E-01   4.0194015E-01   5.2579365E-01   3.3240408E-01
   1.4563744E+00   9.8824530E-01   1.0923587E+00   4.7857192E+00   3.4623212E+00
   5.3414229E-01   5.3414229E-01   9.8329797E-01   5.3414229E-01   5.3414229E-01
   5.3414229E-01   5.3414229E-01   1.7465098E+00   1.2191419E+00

   1.1191196E+02   6.4057432E+04   3.3092522E+11   3.9319166E+00   6.4934397E-06   2.5864938E+02   1.0000000E+00    25 
   5.1226437E-01   3.9465431E-01   3.9465431E-01   3.9465431E-01   3.1488938E-01
   1.6464571E-01   1.6464571E-01   1.6464571E-01   1.9199997E-01   2.1966189E-01
   5.7642633E-01   5.1367029E-01   7.1734297E-01   1.7244915E+00   1.7244915E+00
   1.7244915E+00   6.2397158E-01   6.2397158E-01   6.2397158E-01   4.4324060E-01
   2.5261542E-01   2.5261542E-01   2.5261542E-01   7.6068235E-01   1.2502682E+00
   6.6426119E-01   1.1135842E+00   1.1135842E+00   1.1135842E+00   5.7663780E-01
   1.2072356E+00   1.2072356E+00   1.2072356E+00   4.3213689E-01   4.3213689E-01
   4.3213689E-01   1.1669541E+00   1.1669541E+00   1.5375829E+00   1.5375829E+00
   1.5375829E+00   7.2727852E-01   1.3246490E+00   1.5384270E+00   1.5384270E+00
   1.5384270E+00   3.3058584E-01   7.2364503E-01   6.8348433E-01   6.8348433E-01
   6.8348433E-01   3.2927032E-01   3.2927032E-01   3.2927032E-01   8.5814153E-01
   1.3505983E+00   3.5462159E-01   3.5462159E-01   3.5462159E-01   3.4307576E-01
   3.3021071E+00   6.0631282E-01   8.7386469E-01   2.2651322E+00   4.7182941E-01
   8.6558100E-01   8.6558100E-01   4.3174202E-01   5.5067428E-01   3.9236805E-01
   1.5935520E+00   1.1195458E+00   1.1998810E+00   4.1002347E+00   3.5614898E+00
   5.6791087E-01   5.6791087E-01   1.1742792E+00   5.6791087E-01   5.6791087E-01
   5.6791087E-01   5.6791087E-01   2.2778882E+00   1.2528175E+00

   1.0890312E+02   1.1848594E+05   4.9287427E+11   4.0198827E+00   8.1616405E-06   1.8338929E+02   1.0000000E+00    26 
   5.8117130E-01   4.6852110E-01   4.6852110E-01   4.6852110E-01   3.5121442E-01
   1.8649925E-01   1.8649925E-01   1.8649925E-01   2.2103421E-01   2.4293370E-01
   6.1566826E-01   5.2635559E-01   8.2982064E-01   1.5716926E+00   1.5716926E+00
   1.5716926E+00   5.9289960E-01   5.9289960E-01   5.9289960E-01   4.6528259E-01
   2.6792314E-01   2.6792314E-01   2.6792314E-01   7.6261651E-01   1.0538757E+00
   7.1050443E-01   1.1190967E+00   1.1190967E+00   1.1190967E+00   6.8979907E-01
   1.0370533E+00   1.0370533E+00   1.0370533E+00   4.4108765E-01   4.4108765E-01
   4.4108765E-01   1.1573845E+00   1.1573845E+00   1.5841382E+00   1.5841382E+00
   1.5841382E+00   8.0385358E-01   1.2232480E+00   1.2623042E+00   1.2623042E+00
   1.2623042E+00   3.6192826E-01   7.9674503E-01   6.8651667E-01   6.8651667E-01
   6.8651667E-01   3.4158230E-01   3.4158230E-01   3.4158230E-01   9.0980126E-01
   1.2869135E+00   3.8045927E-01   3.8045927E-01   3.8045927E-01   3.7422020E-01
   3.0452907E+00   6.3510276E-01   9.7721666E-01   2.2491739E+00   4.9297995E-01
   8.2124102E-01   8.2124102E-01   4.5166084E-01   5.6709233E-01   4.2632823E-01
   1.8649222E+00   1.1531408E+00   1.2776170E+00   3.7989378E+00   3.2920795E+00
   5.9059190E-01   5.9059190E-01   1.2807441E+00   5.9059190E-01   5.9059190E-01
   5.9059190E-01   5.9059190E-01   2.4692873E+00   1.3471360E+00

   1.0686730E+02   2.2620967E+05   7.2115837E+11   4.0754363E+00   1.0748117E-05   1.3015632E+02   1.0000000E+00    27 
   6.4621310E-01   5.0546219E-01   5.0546219E-01   5.0546219E-01   3.6324078E-01
   1.9958828E-01   1.9958828E-01   1.9958828E-01   2.3461203E-01   2.5852091E-01
   6.3099193E-01   5.3044202E-01   7.8800997E-01   1.4752521E+00   1.4752521E+00
   1.4752521E+00   5.5908540E-01   5.5908540E-01   5.5908540E-01   4.5537018E-01
   2.8004900E-01   2.8004900E-01   2.8004900E-01   7.4782426E-01   9.7747492E-01
   7.1608907E-01   1.1125962E+00   1.1125962E+00   1.1125962E+00   7.1835298E-01
   9.5224110E-01   9.5224110E-01   9.5224110E-01   4.4396587E-01   4.4396587E-01
   4.4396587E-01   1.1462818E+00   1.1462818E+00   1.6349348E+00   1.6349348E+00
   1.6349348E+00   8.2322847E-01   1.1767172E+00   1.1024398E+00   1.1024398E+00
   1.1024398E+00   3.7816925E-01   7.2730184E-01   6.8434351E-01   6.8434351E-01
   6.8434351E-01   3.4465793E-01   3.4465793E-01   3.4465793E-01   9.2818556E-01
   1.2556615E+00   3.9870759E-01   3.9870759E-01   3.9870759E-01   3.8908686E-01
   3.0268650E+00   6.5318146E-01   1.0923339E+00   2.2911761E+00   5.0701914E-01
   7.6542497E-01   7.6542497E-01   4.6793591E-01   5.8645007E-01   4.3994562E-01
   2.1006237E+00   1.1669409E+00   1.3286221E+00   3.6961559E+00   2.9330277E+00
   6.0787005E-01   6.0787005E-01   1.2796547E+00   6.0787005E-01   6.0787005E-01
   6.0787005E-01   6.0787005E-01   2.4256636E+00   1.4252473E+00

   1.0545841E+02   4.4188129E+05   1.0448504E+12   4.1113438E+00   1.4747253E-05   9.2249065E+01   1.0000000E+00    28 
   7.2244576E-01   5.2251515E-01   5.2251515E-01   5.2251515E-01   3.5638079E-01
   2.0639908E-01   2.0639908E-01   2.0639908E-01   2.3789828E-01   2.6468247E-01
   6.4031507E-01   5.3525713E-01   7.1409863E-01   1.4023711E+00   1.4023711E+00
   1.4023711E+00   5.3818345E-01   5.3818345E-01   5.3818345E-01   4.2659695E-01
   2.9026631E-01   2.9026631E-01   2.9026631E-01   7.3183824E-01   9.8791691E-01
   7.1007409E-01   1.0931273E+00   1.0931273E+00   1.0931273E+00   7.0203351E-01
   8.9702863E-01   8.9702863E-01   8.9702863E-01   4.4804355E-01   4.4804355E-01
   4.4804355E-01   1.1528508E+00   1.1528508E+00   1.5844560E+00   1.5844560E+00
   1.5844560E+00   7.9735701E-01   1.2535930E+00   1.0551266E+00   1.0551266E+00
   1.0551266E+00   3.8375762E-01   5.9064758E-01   6.8255387E-01   6.8255387E-01
   6.8255387E-01   3.4181692E-01   3.4181692E-01   3.4181692E-01   9.5122031E-01
   1.2434090E+00   4.1219722E-01   4.1219722E-01   4.1219722E-01   3.9091327E-01
   3.2052247E+00   6.6543088E-01   1.1580675E+00   2.2884809E+00   5.1842843E-01
   7.3891913E-01   7.3891913E-01   4.7725540E-01   6.0296462E-01   4.4116002E-01
   2.2219271E+00   1.2106472E+00   1.3660026E+00   3.6647050E+00   2.6312178E+00
   6.2165771E-01   6.2165771E-01   1.2203918E+00   6.2165771E-01   6.2165771E-01
   6.2165771E-01   6.2165771E-01   2.3423739E+00   1.4776007E+00

   1.0447983E+02   8.7679920E+05   1.5062157E+12   4.1367293E+00   2.0839150E-05   6.5195373E+01   1.0000000E+00    29 
   8.0974514E-01   5.3538115E-01   5.3538115E-01   5.3538115E-01   3.3864790E-01
   2.0867328E-01   2.0867328E-01   2.0867328E-01   2.3636017E-01   2.6148122E-01
   6.5071673E-01   5.4290784E-01   6.9162485E-01   1.3417347E+00   1.3417347E+00
   1.3417347E+00   5.3091866E-01   5.3091866E-01   5.3091866E-01   3.9236526E-01
   2.9777030E-01   2.9777030E-01   2.9777030E-01   7.2351867E-01   1.0467945E+00
   7.1846341E-01   1.0689985E+00   1.0689985E+00   1.0689985E+00   6.7488674E-01
   8.5181611E-01   8.5181611E-01   8.5181611E-01   4.5570392E-01   4.5570392E-01
   4.5570392E-01   1.1639731E+00   1.1639731E+00   1.4917249E+00   1.4917249E+00
   1.4917249E+00   7.5117507E-01   1.3523654E+00   1.0607974E+00   1.0607974E+00
   1.0607974E+00   3.8350802E-01   4.7010961E-01   6.8359717E-01   6.8359717E-01
   6.8359717E-01   3.3587304E-01   3.3587304E-01   3.3587304E-01   1.0041268E+00
   1.2445303E+00   4.2084297E-01   4.2084297E-01   4.2084297E-01   3.8537762E-01
   3.5428844E+00   6.7480791E-01   1.1750973E+00   2.2458405E+00   5.3011301E-01
   7.3713224E-01   7.3713224E-01   4.8102634E-01   6.1747206E-01   4.3662101E-01
   2.2558449E+00   1.3039806E+00   1.4024712E+00   3.6503121E+00   2.4117352E+00
   6.3530682E-01   6.3530682E-01   1.1493644E+00   6.3530682E-01   6.3530682E-01
   6.3530682E-01   6.3530682E-01   2.2887535E+00   1.5242206E+00

   1.0379966E+02   1.7340269E+06   2.1565909E+12   4.1586923E+00   2.9685634E-05   4.6131403E+01   1.0000000E+00    30 
   9.0342829E-01   5.5242409E-01   5.5242409E-01   5.5242409E-01   3.1958428E-01
   2.1039682E-01   2.1039682E-01   2.1039682E-01   2.3473363E-01   2.5415760E-01
   6.6446999E-01   5.5271386E-01   7.2565307E-01   1.2956266E+00   1.2956266E+00
   1.2956266E+00   5.3102685E-01   5.3102685E-01   5.3102685E-01   3.6364181E-01
   3.0452996E-01   3.0452996E-01   3.0452996E-01   7.2231126E-01   1.1194628E+00
   7.4142012E-01   1.0509144E+00   1.0509144E+00   1.0509144E+00   6.5039437E-01
   8.1526603E-01   8.1526603E-01   8.1526603E-01   4.6588546E-01   4.6588546E-01
   4.6588546E-01   1.1708612E+00   1.1708612E+00   1.4013079E+00   1.4013079E+00
   1.4013079E+00   7.0418498E-01   1.4356095E+00   1.0800757E+00   1.0800757E+00
   1.0800757E+00   3.8207841E-01   3.9327106E-01   6.8737174E-01   6.8737174E-01
   6.8737174E-01   3.3174230E-01   3.3174230E-01   3.3174230E-01   1.0784392E+00
   1.2565131E+00   4.2817248E-01   4.2817248E-01   4.2817248E-01   3.7835789E-01
   3.8658863E+00   6.8683707E-01   1.1696488E+00   2.2075994E+00   5.4323427E-01
   7.4658429E-01   7.4658429E-01   4.8103512E-01   6.3157028E-01   4.3205521E-01
   2.2531274E+00   1.4229153E+00   1.4472191E+00   3.5961425E+00   2.2633024E+00
   6.5157860E-01   6.5157860E-01   1.0897906E+00   6.5157860E-01   6.5157860E-01
   6.5157860E-01   6.5157860E-01   2.2716882E+00   1.5638427E+00

   1.0333957E+02   3.3784837E+06   3.0138127E+12   4.1647579E+00   4.2049479E-05   3.3303524E+01   1.0000000E+00    31 
   9.6700237E-01   5.5296184E-01   5.5296184E-01   5.5296184E-01   2.8897785E-01
   2.0517368E-01   2.0517368E-01   2.0517368E-01   2.2544088E-01   2.3733069E-01
   6.6812911E-01   5.4910976E-01   7.8101818E-01   1.2388551E+00   1.2388551E+00
   1.2388551E+00   5.2474818E-01   5.2474818E-01   5.2474818E-01   3.3216838E-01
   3.0651717E-01   3.0651717E-01   3.0651717E-01   7.1607056E-01   1.1684099E+00
   7.6502844E-01   1.0275466E+00   1.0275466E+00   1.0275466E+00   6.1951708E-01
   7.7465984E-01   7.7465984E-01   7.7465984E-01   4.7164208E-01   4.7164208E-01
   4.7164208E-01   1.1649877E+00   1.1649877E+00   1.3108127E+00   1.3108127E+00
   1.3108127E+00   6.4941978E-01   1.4952512E+00   1.0911326E+00   1.0911326E+00
   1.0911326E+00   3.7499005E-01   3.4181339E-01   6.8655047E-01   6.8655047E-01
   6.8655047E-01   3.2491783E-01   3.2491783E-01   3.2491783E-01   1.1585502E+00
   1.2673401E+00   4.3034550E-01   4.3034550E-01   4.3034550E-01   3.6553368E-01
   4.1147414E+00   6.9562977E-01   1.1478117E+00   2.1665276E+00   5.5271264E-01
   7.5338952E-01   7.5338952E-01   4.7507643E-01   6.4098787E-01   4.2281531E-01
   2.2220470E+00   1.5445358E+00   1.4856455E+00   3.5264607E+00   2.1423676E+00
   6.6529467E-01   6.6529467E-01   1.0348006E+00   6.6529467E-01   6.6529467E-01
   6.6529467E-01   6.6529467E-01   2.2695822E+00   1.5937796E+00

   1.0311115E+02   7.4786658E+06   4.3404685E+12   4.1308309E+00   6.3090032E-05   2.3225478E+01   1.0000000E+00    32 
   9.1630196E-01   5.0413093E-01   5.0413093E-01   5.0413093E-01   2.3798668E-01
   1.8359863E-01   1.8359863E-01   1.8359863E-01   1.9917072E-01   2.0473912E-01
   6.4033175E-01   5.1633609E-01   8.2006265E-01   1.1448348E+00   1.1448348E+00
   1.1448348E+00   4.9703883E-01   4.9703883E-01   4.9703883E-01   2.9199917E-01
   2.9637454E-01   2.9637454E-01   2.9637454E-01   6.9528938E-01   1.1647425E+00
   7.6969591E-01   9.8175446E-01   9.8175446E-01   9.8175446E-01   5.7405810E-01
   7.1964160E-01   7.1964160E-01   7.1964160E-01   4.6359626E-01   4.6359626E-01
   4.6359626E-01   1.1234090E+00   1.1234090E+00   1.2045495E+00   1.2045495E+00
   1.2045495E+00   5.8139720E-01   1.5084636E+00   1.0764446E+00   1.0764446E+00
   1.0764446E+00   3.5624715E-01   3.0783934E-01   6.7147032E-01   6.7147032E-01
   6.7147032E-01   3.0995116E-01   3.0995116E-01   3.0995116E-01   1.2220094E+00
   1.2597478E+00   4.2002282E-01   4.2002282E-01   4.2002282E-01   3.4227090E-01
   4.1749001E+00   6.9381492E-01   1.1076923E+00   2.1017867E+00   5.5133007E-01
   7.4517745E-01   7.4517745E-01   4.5923476E-01   6.3870471E-01   4.0369819E-01
   2.1377929E+00   1.6696403E+00   1.5120509E+00   3.4626427E+00   2.0255109E+00
   6.7114048E-01   6.7114048E-01   9.8538913E-01   6.7114048E-01   6.7114048E-01
   6.7114048E-01   6.7114048E-01   2.2665789E+00   1.6041017E+00

   1.0303449E+02   1.5829853E+07   6.1655873E+12   4.1001680E+00   9.1514569E-05   1.6373496E+01   1.0000000E+00    33 
   8.4200070E-01   4.6434447E-01   4.6434447E-01   4.6434447E-01   2.0823876E-01
   1.6868964E-01   1.6868964E-01   1.6868964E-01   1.8135246E-01   1.8431109E-01
   6.1620827E-01   4.9024905E-01   8.2591358E-01   1.0825880E+00   1.0825880E+00
   1.0825880E+00   4.7690432E-01   4.7690432E-01   4.7690432E-01   2.6957444E-01
   2.8863311E-01   2.8863311E-01   2.8863311E-01   6.8013904E-01   1.1427047E+00
   7.5910932E-01   9.4628286E-01   9.4628286E-01   9.4628286E-01   5.4676941E-01
   6.9182206E-01   6.9182206E-01   6.9182206E-01   4.5808564E-01   4.5808564E-01
   4.5808564E-01   1.0794454E+00   1.0794454E+00   1.1438111E+00   1.1438111E+00
   1.1438111E+00   5.4350890E-01   1.4966136E+00   1.0577649E+00   1.0577649E+00
   1.0577649E+00   3.4360539E-01   2.9734615E-01   6.6019949E-01   6.6019949E-01
   6.6019949E-01   3.0117410E-01   3.0117410E-01   3.0117410E-01   1.2582878E+00
   1.2437929E+00   4.1283040E-01   4.1283040E-01   4.1283040E-01   3.2777253E-01
   4.0308748E+00   7.0055342E-01   1.0870484E+00   2.0523350E+00   5.5286766E-01
   7.3736369E-01   7.3736369E-01   4.4812113E-01   6.4286794E-01   3.9280297E-01
   2.0615887E+00   1.7650389E+00   1.5419124E+00   3.3225882E+00   1.9437662E+00
   6.8320910E-01   6.8320910E-01   9.7683812E-01   6.8320910E-01   6.8320910E-01
   6.8320910E-01   6.8320910E-01   2.2616084E+00   1.5884164E+00

   1.0299255E+02   3.1466978E+07   8.5204921E+12   4.0740833E+00   1.2742374E-04   1.1856899E+01   1.0000000E+00    34 
   7.6853312E-01   4.3177187E-01   4.3177187E-01   4.3177187E-01   1.8858500E-01
   1.5783903E-01   1.5783903E-01   1.5783903E-01   1.6837440E-01   1.7025028E-01
   5.9615633E-01   4.6878472E-01   8.1929591E-01   1.0349121E+00   1.0349121E+00
   1.0349121E+00   4.6234853E-01   4.6234853E-01   4.6234853E-01   2.5500099E-01
   2.8332360E-01   2.8332360E-01   2.8332360E-01   6.6765125E-01   1.1133115E+00
   7.4388610E-01   9.1559115E-01   9.1559115E-01   9.1559115E-01   5.2890309E-01
   6.7721533E-01   6.7721533E-01   6.7721533E-01   4.5587203E-01   4.5587203E-01
   4.5587203E-01   1.0362320E+00   1.0362320E+00   1.1005800E+00   1.1005800E+00
   1.1005800E+00   5.1972998E-01   1.4797999E+00   1.0398509E+00   1.0398509E+00
   1.0398509E+00   3.3483560E-01   2.9300722E-01   6.5208244E-01   6.5208244E-01
   6.5208244E-01   2.9586232E-01   2.9586232E-01   2.9586232E-01   1.2856846E+00
   1.2233187E+00   4.0862737E-01   4.0862737E-01   4.0862737E-01   3.1825351E-01
   3.8197656E+00   7.1416721E-01   1.0757728E+00   2.0066836E+00   5.5815422E-01
   7.3180774E-01   7.3180774E-01   4.4031869E-01   6.5305356E-01   3.8695626E-01
   1.9937302E+00   1.8264694E+00   1.5628146E+00   3.1267257E+00   1.8700348E+00
   7.0049969E-01   7.0049969E-01   9.8256291E-01   7.0049969E-01   7.0049969E-01
   7.0049969E-01   7.0049969E-01   2.2502902E+00   1.5598149E+00

   1.0296080E+02   6.6823296E+07   1.2172607E+13   4.0502574E+00   1.8067951E-04   8.3038406E+00   1.0000000E+00    35 
   6.8984775E-01   4.0185924E-01   4.0185924E-01   4.0185924E-01   1.7523272E-01
   1.4929382E-01   1.4929382E-01   1.4929382E-01   1.5836561E-01   1.6035543E-01
   5.7781106E-01   4.4964311E-01   8.0313948E-01   9.9312136E-01   9.9312136E-01
   9.9312136E-01   4.5194873E-01   4.5194873E-01   4.5194873E-01   2.4578469E-01
   2.8014281E-01   2.8014281E-01   2.8014281E-01   6.5619334E-01   1.0732848E+00
   7.2461205E-01   8.8429275E-01   8.8429275E-01   8.8429275E-01   5.1888374E-01
   6.7394616E-01   6.7394616E-01   6.7394616E-01   4.5809335E-01   4.5809335E-01
   4.5809335E-01   9.8736801E-01   9.8736801E-01   1.0650706E+00   1.0650706E+00
   1.0650706E+00   5.0654871E-01   1.4584500E+00   1.0221936E+00   1.0221936E+00
   1.0221936E+00   3.2933368E-01   2.9262175E-01   6.4667536E-01   6.4667536E-01
   6.4667536E-01   2.9319263E-01   2.9319263E-01   2.9319263E-01   1.3126975E+00
   1.1949836E+00   4.0735627E-01   4.0735627E-01   4.0735627E-01   3.1280869E-01
   3.5396061E+00   7.3866654E-01   1.0727611E+00   1.9535455E+00   5.7004094E-01
   7.2943357E-01   7.2943357E-01   4.3593951E-01   6.7301308E-01   3.8641049E-01
   1.9215642E+00   1.8464472E+00   1.5732463E+00   2.8410420E+00   1.7867148E+00
   7.2752285E-01   7.2752285E-01   9.9707163E-01   7.2752285E-01   7.2752285E-01
   7.2752285E-01   7.2752285E-01   2.2262746E+00   1.5145007E+00

   1.0292345E+02   1.3889170E+08   1.7206312E+13   4.0269935E+00   2.4596251E-04   5.8782133E+00   1.0000000E+00    36 
   5.9255845E-01   3.6840600E-01   3.6840600E-01   3.6840600E-01   1.7124392E-01
   1.4229001E-01   1.4229001E-01   1.4229001E-01   1.5259524E-01   1.5728217E-01
   5.5681230E-01   4.3406926E-01   7.7762048E-01   9.5384180E-01   9.5384180E-01
   9.5384180E-01   4.4684731E-01   4.4684731E-01   4.4684731E-01   2.4662814E-01
   2.7939983E-01   2.7939983E-01   2.7939983E-01   6.4529008E-01   1.0086857E+00
   7.0152013E-01   8.5020066E-01   8.5020066E-01   8.5020066E-01   5.2840255E-01
   6.8899127E-01   6.8899127E-01   6.8899127E-01   4.6555194E-01   4.6555194E-01
   4.6555194E-01   9.2180890E-01   9.2180890E-01   1.0278295E+00   1.0278295E+00
   1.0278295E+00   5.1312762E-01   1.4234753E+00   1.0001569E+00   1.0001569E+00
   1.0001569E+00   3.3160606E-01   3.0207225E-01   6.4475394E-01   6.4475394E-01
   6.4475394E-01   2.9400631E-01   2.9400631E-01   2.9400631E-01   1.3073151E+00
   1.1570424E+00   4.0998647E-01   4.0998647E-01   4.0998647E-01   3.1591841E-01
   3.1298588E+00   7.6886913E-01   1.0744907E+00   1.8795092E+00   5.8776437E-01
   7.2798697E-01   7.2798697E-01   4.4110809E-01   6.9998807E-01   3.9611304E-01
   1.8301710E+00   1.7692455E+00   1.5526782E+00   2.4587726E+00   1.6864829E+00
   7.5867239E-01   7.5867239E-01   1.0041235E+00   7.5867239E-01   7.5867239E-01
   7.5867239E-01   7.5867239E-01   2.1726761E+00   1.4430426E+00

   1.0287946E+02   2.7885305E+08   2.4301188E+13   4.0169257E+00   3.1599119E-04   4.1651427E+00   1.0000000E+00    37 
   4.9224436E-01   3.3988555E-01   3.3988555E-01   3.3988555E-01   1.8602687E-01
   1.4189334E-01   1.4189334E-01   1.4189334E-01   1.5731092E-01   1.6844275E-01
   5.3875407E-01   4.2866642E-01   7.3969630E-01   9.2774334E-01   9.2774334E-01
   9.2774334E-01   4.6007716E-01   4.6007716E-01   4.6007716E-01   2.6752147E-01
   2.8571989E-01   2.8571989E-01   2.8571989E-01   6.4488324E-01   9.0515632E-01
   6.7600459E-01   8.2043484E-01   8.2043484E-01   8.2043484E-01   5.7291353E-01
   7.3105392E-01   7.3105392E-01   7.3105392E-01   4.8645959E-01   4.8645959E-01
   4.8645959E-01   8.4207796E-01   8.4207796E-01   9.9375409E-01   9.9375409E-01
   9.9375409E-01   5.5435932E-01   1.3713742E+00   9.7582019E-01   9.7582019E-01
   9.7582019E-01   3.4953369E-01   3.3102211E-01   6.5413859E-01   6.5413859E-01
   6.5413859E-01   3.0369448E-01   3.0369448E-01   3.0369448E-01   1.2472284E+00
   1.1100938E+00   4.2267668E-01   4.2267668E-01   4.2267668E-01   3.3549232E-01
   2.5883636E+00   8.0600605E-01   1.0819210E+00   1.7778900E+00   6.1657074E-01
   7.3020051E-01   7.3020051E-01   4.6510978E-01   7.3756296E-01   4.2429068E-01
   1.7116465E+00   1.5847554E+00   1.4960355E+00   2.0024468E+00   1.5654039E+00
   7.9407843E-01   7.9407843E-01   9.9942004E-01   7.9407843E-01   7.9407843E-01
   7.9407843E-01   7.9407843E-01   2.0727676E+00   1.3431238E+00

   1.0282819E+02   5.1851197E+08   3.4304587E+13   4.0320141E+00   3.7703188E-04   2.9531994E+00   1.0000000E+00    38 
   4.0663117E-01   3.2095920E-01   3.2095920E-01   3.2095920E-01   2.1947819E-01
   1.5368545E-01   1.5368545E-01   1.5368545E-01   1.7618688E-01   1.9519796E-01
   5.2951145E-01   4.3620295E-01   6.9784720E-01   9.1510859E-01   9.1510859E-01
   9.1510859E-01   5.0782785E-01   5.0782785E-01   5.0782785E-01   3.1088662E-01
   3.0509640E-01   3.0509640E-01   3.0509640E-01   6.6111573E-01   7.7744401E-01
   6.5190821E-01   8.0239701E-01   8.0239701E-01   8.0239701E-01   6.4481197E-01
   7.8915556E-01   7.8915556E-01   7.8915556E-01   5.3032428E-01   5.3032428E-01
   5.3032428E-01   7.6521111E-01   7.6521111E-01   9.6535262E-01   9.6535262E-01
   9.6535262E-01   6.2426102E-01   1.2995727E+00   9.5040484E-01   9.5040484E-01
   9.5040484E-01   3.8647011E-01   3.8343192E-01   6.8296011E-01   6.8296011E-01
   6.8296011E-01   3.3033292E-01   3.3033292E-01   3.3033292E-01   1.1357009E+00
   1.0575677E+00   4.5359376E-01   4.5359376E-01   4.5359376E-01   3.7489667E-01
   2.0064165E+00   8.4818821E-01   1.0805522E+00   1.6488104E+00   6.6039102E-01
   7.3643327E-01   7.3643327E-01   5.0686833E-01   7.8608583E-01   4.7240477E-01
   1.5623558E+00   1.3513613E+00   1.4026592E+00   1.5724372E+00   1.4260669E+00
   8.3045777E-01   8.3045777E-01   9.8320298E-01   8.3045777E-01   8.3045777E-01
   8.3045777E-01   8.3045777E-01   1.9155143E+00   1.2301761E+00

   1.0276873E+02   8.4709605E+08   4.8428475E+13   4.0821261E+00   4.1884009E-04   2.0941743E+00   1.0000000E+00    39 
   3.5129504E-01   3.1461994E-01   3.1461994E-01   3.1461994E-01   2.6283205E-01
   1.8239651E-01   1.8239651E-01   1.8239651E-01   2.1090590E-01   2.3375954E-01
   5.3615052E-01   4.5674153E-01   6.7149913E-01   9.1108800E-01   9.1108800E-01
   9.1108800E-01   5.9986616E-01   5.9986616E-01   5.9986616E-01   3.7235152E-01
   3.4200037E-01   3.4200037E-01   3.4200037E-01   6.8896738E-01   6.7847859E-01
   6.3651850E-01   8.0084973E-01   8.0084973E-01   8.0084973E-01   7.1239088E-01
   8.4009550E-01   8.4009550E-01   8.4009550E-01   6.0290499E-01   6.0290499E-01
   6.0290499E-01   7.1526895E-01   7.1526895E-01   9.4683337E-01   9.4683337E-01
   9.4683337E-01   6.9716330E-01   1.2156680E+00   9.2861334E-01   9.2861334E-01
   9.2861334E-01   4.4027321E-01   4.5278050E-01   7.3475100E-01   7.3475100E-01
   7.3475100E-01   3.8127518E-01   3.8127518E-01   3.8127518E-01   1.0148764E+00
   1.0087385E+00   5.0668676E-01   5.0668676E-01   5.0668676E-01   4.3276182E-01
   1.5241979E+00   8.9162268E-01   1.0534937E+00   1.5101417E+00   7.2023746E-01
   7.4680594E-01   7.4680594E-01   5.5379658E-01   8.4287236E-01   5.3454507E-01
   1.3997715E+00   1.1541646E+00   1.2898945E+00   1.2606192E+00   1.2871396E+00
   8.6562728E-01   8.6562728E-01   9.6398976E-01   8.6562728E-01   8.6562728E-01
   8.6562728E-01   8.6562728E-01   1.7159650E+00   1.1274856E+00

   1.0270049E+02   1.1966872E+09   6.8401838E+13   4.1734515E+00   4.3915780E-04   1.4846026E+00   1.0000000E+00    40 
   3.3381609E-01   3.2311720E-01   3.2311720E-01   3.2311720E-01   3.0785125E-01
   2.3022981E-01   2.3022981E-01   2.3022981E-01   2.6143173E-01   2.8118702E-01
   5.6216072E-01   4.8630197E-01   6.7427401E-01   9.1421307E-01   9.1421307E-01
   9.1421307E-01   7.2428507E-01   7.2428507E-01   7.2428507E-01   4.4705017E-01
   3.9616657E-01   3.9616657E-01   3.9616657E-01   7.2038388E-01   6.3360678E-01
   6.3599915E-01   8.1447421E-01   8.1447421E-01   8.1447421E-01   7.5085701E-01
   8.7377980E-01   8.7377980E-01   8.7377980E-01   6.9827105E-01   6.9827105E-01
   6.9827105E-01   7.0322261E-01   7.0322261E-01   9.4071482E-01   9.4071482E-01
   9.4071482E-01   7.5237515E-01   1.1350547E+00   9.1738229E-01   9.1738229E-01
   9.1738229E-01   5.0512592E-01   5.2561764E-01   8.0276095E-01   8.0276095E-01
   8.0276095E-01   4.5907268E-01   4.5907268E-01   4.5907268E-01   9.2831469E-01
   9.7427950E-01   5.7629916E-01   5.7629916E-01   5.7629916E-01   5.0484933E-01
   1.2126593E+00   9.3124468E-01   1.0016910E+00   1.3853994E+00   7.9089009E-01
   7.6284075E-01   7.6284075E-01   5.9534847E-01   9.0067746E-01   6.0191998E-01
   1.2548993E+00   1.0329247E+00   1.1859042E+00   1.0836301E+00   1.1732168E+00
   8.9920813E-01   8.9920813E-01   9.5161793E-01   8.9920813E-01   8.9920813E-01
   8.9920813E-01   8.9920813E-01   1.5132379E+00   1.0498647E+00

   1.0262342E+02   1.4723738E+09   9.6467906E+13   4.3089426E+00   4.3621531E-04   1.0542925E+00   1.0000000E+00    41 
   3.5051413E-01   3.4792342E-01   3.4792342E-01   3.4792342E-01   3.5605197E-01
   2.9679288E-01   2.9679288E-01   2.9679288E-01   3.2649620E-01   3.3956259E-01
   6.0227899E-01   5.2442195E-01   7.0276200E-01   9.2196230E-01   9.2196230E-01
   9.2196230E-01   8.4358626E-01   8.4358626E-01   8.4358626E-01   5.3056732E-01
   4.6340989E-01   4.6340989E-01   4.6340989E-01   7.5236458E-01   6.2923434E-01
   6.5220685E-01   8.3624253E-01   8.3624253E-01   8.3624253E-01   7.6646684E-01
   8.9493724E-01   8.9493724E-01   8.9493724E-01   7.9612858E-01   7.9612858E-01
   7.9612858E-01   7.2047737E-01   7.2047737E-01   9.4447287E-01   9.4447287E-01
   9.4447287E-01   7.9169756E-01   1.0671073E+00   9.1822180E-01   9.1822180E-01
   9.1822180E-01   5.7503751E-01   5.9495041E-01   8.6971891E-01   8.6971891E-01
   8.6971891E-01   5.5969994E-01   5.5969994E-01   5.5969994E-01   8.8554991E-01
   9.5705781E-01   6.5064371E-01   6.5064371E-01   6.5064371E-01   5.8614511E-01
   1.0446771E+00   9.6169722E-01   9.4693183E-01   1.2844029E+00   8.5969429E-01
   7.8613474E-01   7.8613474E-01   6.3289459E-01   9.4772100E-01   6.6793012E-01
   1.1481168E+00   9.7481176E-01   1.1087725E+00   1.0009432E+00   1.0956289E+00
   9.2900090E-01   9.2900090E-01   9.4950096E-01   9.2900090E-01   9.2900090E-01
   9.2900090E-01   9.2900090E-01   1.3422629E+00   1.0001159E+00

   1.0254756E+02   1.5850956E+09   1.3061232E+14   4.4695166E+00   4.1382704E-04   7.7989620E-01   1.0000000E+00    42 
   3.9012385E-01   3.8657689E-01   3.8657689E-01   3.8657689E-01   4.0854416E-01
   3.6975304E-01   3.6975304E-01   3.6975304E-01   3.9634228E-01   4.0418174E-01
   6.4392934E-01   5.6910050E-01   7.4207233E-01   9.3150327E-01   9.3150327E-01
   9.3150327E-01   9.1963205E-01   9.1963205E-01   9.1963205E-01   6.0703043E-01
   5.2935493E-01   5.2935493E-01   5.2935493E-01   7.8409754E-01   6.4700883E-01
   6.8048078E-01   8.5909223E-01   8.5909223E-01   8.5909223E-01   7.7633080E-01
   9.1319983E-01   9.1319983E-01   9.1319983E-01   8.7004569E-01   8.7004569E-01
   8.7004569E-01   7.4983557E-01   7.4983557E-01   9.5311772E-01   9.5311772E-01
   9.5311772E-01   8.2094678E-01   1.0210598E+00   9.2917745E-01   9.2917745E-01
   9.2917745E-01   6.3774778E-01   6.5737518E-01   9.1748415E-01   9.1748415E-01
   9.1748415E-01   6.5610934E-01   6.5610934E-01   6.5610934E-01   8.7618179E-01
   9.5316970E-01   7.1096406E-01   7.1096406E-01   7.1096406E-01   6.6086900E-01
   9.7278119E-01   9.7900894E-01   9.1242928E-01   1.2134007E+00   9.1130115E-01
   8.1301398E-01   8.1301398E-01   6.6865268E-01   9.7611070E-01   7.2309244E-01
   1.0870219E+00   9.5684010E-01   1.0649292E+00   9.7294359E-01   1.0544835E+00
   9.5110968E-01   9.5110968E-01   9.5545157E-01   9.5110968E-01   9.5110968E-01
   9.5110968E-01   9.5110968E-01   1.2292601E+00   9.7704855E-01

   1.0247369E+02   1.5590319E+09   1.7125313E+14   4.6495378E+00   3.7989166E-04   5.9573726E-01   1.0000000E+00    43 
   4.4407828E-01   4.3709305E-01   4.3709305E-01   4.3709305E-01   4.6875708E-01
   4.4523712E-01   4.4523712E-01   4.4523712E-01   4.6952376E-01   4.7362457E-01
   6.8214125E-01   6.2010231E-01   7.8324282E-01   9.4100895E-01   9.4100895E-01
   9.4100895E-01   9.6115532E-01   9.6115532E-01   9.6115532E-01   6.7308161E-01
   5.9086059E-01   5.9086059E-01   5.9086059E-01   8.1669975E-01   6.7608625E-01
   7.1554230E-01   8.8165350E-01   8.8165350E-01   8.8165350E-01   7.8947031E-01
   9.3311273E-01   9.3311273E-01   9.3311273E-01   9.2155344E-01   9.2155344E-01
   9.2155344E-01   7.8141737E-01   7.8141737E-01   9.6265570E-01   9.6265570E-01
   9.6265570E-01   8.4553051E-01   9.9091618E-01   9.4439912E-01   9.4439912E-01
   9.4439912E-01   6.9258388E-01   7.1649030E-01   9.4944586E-01   9.4944586E-01
   9.4944586E-01   7.3516973E-01   7.3516973E-01   7.3516973E-01   8.8212896E-01
   9.5481861E-01   7.5696569E-01   7.5696569E-01   7.5696569E-01   7.2528495E-01
   9.4432765E-01   9.8698027E-01   8.9738077E-01   1.1600078E+00   9.4797144E-01
   8.4033038E-01   8.4033038E-01   7.0577490E-01   9.9243753E-01   7.6918802E-01
   1.0526193E+00   9.5605955E-01   1.0403842E+00   9.6731730E-01   1.0328457E+00
   9.6691312E-01   9.6691312E-01   9.6435453E-01   9.6691312E-01   9.6691312E-01
   9.6691312E-01   9.6691312E-01   1.1559319E+00   9.6925182E-01

   1.0239913E+02   1.4344867E+09   2.2107639E+14   4.8537518E+00   3.3904364E-04   4.6220706E-01   1.0000000E+00    44 
   5.0972282E-01   4.9994471E-01   4.9994471E-01   4.9994471E-01   5.3917928E-01
   5.2350825E-01   5.2350825E-01   5.2350825E-01   5.4801423E-01   5.4823385E-01
   7.1827203E-01   6.7768517E-01   8.2499091E-01   9.5045389E-01   9.5045389E-01
   9.5045389E-01   9.8171426E-01   9.8171426E-01   9.8171426E-01   7.3107729E-01
   6.4928818E-01   6.4928818E-01   6.4928818E-01   8.5143914E-01   7.1344180E-01
   7.5539609E-01   9.0483376E-01   9.0483376E-01   9.0483376E-01   8.0811063E-01
   9.5554286E-01   9.5554286E-01   9.5554286E-01   9.5630440E-01   9.5630440E-01
   9.5630440E-01   8.1290423E-01   8.1290423E-01   9.7135452E-01   9.7135452E-01
   9.7135452E-01   8.6748920E-01   9.7150061E-01   9.6099316E-01   9.6099316E-01
   9.6099316E-01   7.4212912E-01   7.7415869E-01   9.7122689E-01   9.7122689E-01
   9.7122689E-01   7.9389298E-01   7.9389298E-01   7.9389298E-01   8.9438984E-01
   9.5839761E-01   7.9280305E-01   7.9280305E-01   7.9280305E-01   7.8025180E-01
   9.3503071E-01   9.8938040E-01   8.9594647E-01   1.1166452E+00   9.7307109E-01
   8.6679225E-01   8.6679225E-01   7.4626260E-01   1.0007327E+00   8.0961117E-01
   1.0318129E+00   9.6171309E-01   1.0253418E+00   9.6999966E-01   1.0202220E+00
   9.7775223E-01   9.7775223E-01   9.7310612E-01   9.7775223E-01   9.7775223E-01
   9.7775223E-01   9.7775223E-01   1.1057219E+00   9.6905976E-01

   1.0232234E+02   1.2510608E+09   2.8366900E+14   5.0864571E+00   2.9485594E-04   3.6080620E-01   1.0000000E+00    45 
   5.8406897E-01   5.7420992E-01   5.7420992E-01   5.7420992E-01   6.1904438E-01
   6.0357564E-01   6.0357564E-01   6.0357564E-01   6.3153634E-01   6.2651393E-01
   7.5432139E-01   7.4011331E-01   8.6642221E-01   9.5972254E-01   9.5972254E-01
   9.5972254E-01   9.8995086E-01   9.8995086E-01   9.8995086E-01   7.8275701E-01
   7.0561522E-01   7.0561522E-01   7.0561522E-01   8.8750758E-01   7.5721901E-01
   7.9822517E-01   9.2863686E-01   9.2863686E-01   9.2863686E-01   8.3206260E-01
   9.7967078E-01   9.7967078E-01   9.7967078E-01   9.7778679E-01   9.7778679E-01
   9.7778679E-01   8.4380131E-01   8.4380131E-01   9.7826852E-01   9.7826852E-01
   9.7826852E-01   8.8714518E-01   9.6010292E-01   9.7564848E-01   9.7564848E-01
   9.7564848E-01   7.8793438E-01   8.2895818E-01   9.8600091E-01   9.8600091E-01
   9.8600091E-01   8.3347434E-01   8.3347434E-01   8.3347434E-01   9.0902004E-01
   9.6218406E-01   8.2209960E-01   8.2209960E-01   8.2209960E-01   8.2633188E-01
   9.3503628E-01   9.8826995E-01   9.0352959E-01   1.0798255E+00   9.8826043E-01
   8.9139366E-01   8.9139366E-01   7.8986810E-01   1.0032416E+00   8.4591919E-01
   1.0180051E+00   9.6893278E-01   1.0148767E+00   9.7501829E-01   1.0115885E+00
   9.8438813E-01   9.8438813E-01   9.8009320E-01   9.8438813E-01   9.8438813E-01
   9.8438813E-01   9.8438813E-01   1.0695283E+00   9.7214897E-01

   1.0224233E+02   1.0430100E+09   3.6389853E+14   5.3518948E+00   2.5052424E-04   2.8173224E-01   1.0000000E+00    46 
   6.6444354E-01   6.5747829E-01   6.5747829E-01   6.5747829E-01   7.0438113E-01
   6.8356299E-01   6.8356299E-01   6.8356299E-01   7.1722529E-01   7.0559099E-01
   7.9284503E-01   8.0425345E-01   9.0789214E-01   9.6863866E-01   9.6863866E-01
   9.6863866E-01   9.9066242E-01   9.9066242E-01   9.9066242E-01   8.2895464E-01
   7.6071090E-01   7.6071090E-01   7.6071090E-01   9.2319115E-01   8.0564020E-01
   8.4245914E-01   9.5219498E-01   9.5219498E-01   9.5219498E-01   8.6024676E-01
   1.0029633E+00   1.0029633E+00   1.0029633E+00   9.8898414E-01   9.8898414E-01
   9.8898414E-01   8.7420237E-01   8.7420237E-01   9.8332516E-01   9.8332516E-01
   9.8332516E-01   9.0471413E-01   9.5614200E-01   9.8615320E-01   9.8615320E-01
   9.8615320E-01   8.3076490E-01   8.7815061E-01   9.9523741E-01   9.9523741E-01
   9.9523741E-01   8.5906460E-01   8.5906460E-01   8.5906460E-01   9.2501366E-01
   9.6587852E-01   8.4846113E-01   8.4846113E-01   8.4846113E-01   8.6438822E-01
   9.4084889E-01   9.8558737E-01   9.1688055E-01   1.0489268E+00   9.9511808E-01
   9.1355456E-01   9.1355456E-01   8.3443332E-01   1.0015843E+00   8.7863308E-01
   1.0080980E+00   9.7555678E-01   1.0068045E+00   9.7981402E-01   1.0047933E+00
   9.8764950E-01   9.8764950E-01   9.8463907E-01   9.8764950E-01   9.8764950E-01
   9.8764950E-01   9.8764950E-01   1.0426562E+00   9.7624892E-01

   1.0215847E+02   8.3790775E+08   4.6839809E+14   5.6536814E+00   2.0858327E-04   2.1925969E-01   1.0000000E+00    47 
   7.4721026E-01   7.4441900E-01   7.4441900E-01   7.4441900E-01   7.8777748E-01
   7.6072182E-01   7.6072182E-01   7.6072182E-01   7.9948022E-01   7.8134739E-01
   8.3516578E-01   8.6524041E-01   9.4822907E-01   9.7670416E-01   9.7670416E-01
   9.7670416E-01   9.8634497E-01   9.8634497E-01   9.8634497E-01   8.6973487E-01
   8.1471131E-01   8.1471131E-01   8.1471131E-01   9.5607220E-01   8.5563434E-01
   8.8562214E-01   9.7371115E-01   9.7371115E-01   9.7371115E-01   8.9049984E-01
   1.0219221E+00   1.0219221E+00   1.0219221E+00   9.9318226E-01   9.9318226E-01
   9.9318226E-01   9.0364016E-01   9.0364016E-01   9.8686307E-01   9.8686307E-01
   9.8686307E-01   9.2040090E-01   9.5890365E-01   9.9114175E-01   9.9114175E-01
   9.9114175E-01   8.7055766E-01   9.1853550E-01   9.9963715E-01   9.9963715E-01
   9.9963715E-01   8.7791896E-01   8.7791896E-01   8.7791896E-01   9.4183041E-01
   9.6984523E-01   8.7488217E-01   8.7488217E-01   8.7488217E-01   8.9587825E-01
   9.5069458E-01   9.8309411E-01   9.3321673E-01   1.0244045E+00   9.9596992E-01
   9.3300575E-01   9.3300575E-01   8.7664928E-01   9.9750120E-01   9.0767662E-01
   1.0006255E+00   9.8062539E-01   1.0002171E+00   9.8333274E-01   9.9901228E-01
   9.8846630E-01   9.8846630E-01   9.8678834E-01   9.8846630E-01   9.8846630E-01
   9.8846630E-01   9.8846630E-01   1.0226306E+00   9.8014289E-01

   1.0207031E+02   6.5623855E+08   6.0665428E+14   5.9947117E+00   1.7102966E-04   1.6959821E-01   1.0000000E+00    48 
   8.2719549E-01   8.2752978E-01   8.2752978E-01   8.2752978E-01   8.6106823E-01
   8.3135886E-01   8.3135886E-01   8.3135886E-01   8.7151658E-01   8.4985364E-01
   8.7982420E-01   9.1759628E-01   9.8251725E-01   9.8338452E-01   9.8338452E-01
   9.8338452E-01   9.8015853E-01   9.8015853E-01   9.8015853E-01   9.0532108E-01
   8.6612073E-01   8.6612073E-01   8.6612073E-01   9.8317710E-01   9.0303069E-01
   9.2429102E-01   9.9080624E-01   9.9080624E-01   9.9080624E-01   9.2016045E-01
   1.0327302E+00   1.0327302E+00   1.0327302E+00   9.9392528E-01   9.9392528E-01
   9.9392528E-01   9.3097422E-01   9.3097422E-01   9.8944761E-01   9.8944761E-01
   9.8944761E-01   9.3525022E-01   9.6637498E-01   9.9111210E-01   9.9111210E-01
   9.9111210E-01   9.0671711E-01   9.4866308E-01   1.0004537E+00   1.0004537E+00
   1.0004537E+00   8.9651758E-01   8.9651758E-01   8.9651758E-01   9.5851564E-01
   9.7477640E-01   9.0272181E-01   9.0272181E-01   9.0272181E-01   9.2280411E-01
   9.6299959E-01   9.8244655E-01   9.5048408E-01   1.0072926E+00   9.9416535E-01
   9.5014572E-01   9.5014572E-01   9.1405718E-01   9.9341631E-01   9.3315605E-01
   9.9550076E-01   9.8442077E-01   9.9541738E-01   9.8590975E-01   9.9468228E-01
   9.8841858E-01   9.8841858E-01   9.8770786E-01   9.8841858E-01   9.8841858E-01
   9.8841858E-01   9.8841858E-01   1.0085993E+00   9.8366100E-01

   1.0197771E+02   5.1010187E+08   7.9229842E+14   6.3764186E+00   1.3909074E-04   1.3010766E-01   1.0000000E+00    49 
   8.9674444E-01   8.9746827E-01   8.9746827E-01   8.9746827E-01   9.1793329E-01
   8.9227834E-01   8.9227834E-01   8.9227834E-01   9.2733824E-01   9.0714498E-01
   9.2155243E-01   9.5643076E-01   1.0036946E+00   9.8767578E-01   9.8767578E-01
   9.8767578E-01   9.7614373E-01   9.7614373E-01   9.7614373E-01   9.3570659E-01
   9.1237964E-01   9.1237964E-01   9.1237964E-01   9.9997876E-01   9.4278725E-01
   9.5482130E-01   1.0004744E+00   1.0004744E+00   1.0004744E+00   9.4628282E-01
   1.0317438E+00   1.0317438E+00   1.0317438E+00   9.9356774E-01   9.9356774E-01
   9.9356774E-01   9.5440786E-01   9.5440786E-01   9.9126228E-01   9.9126228E-01
   9.9126228E-01   9.5064067E-01   9.7559785E-01   9.8885156E-01   9.8885156E-01
   9.8885156E-01   9.3805015E-01   9.6801638E-01   9.9928920E-01   9.9928920E-01
   9.9928920E-01   9.1934291E-01   9.1934291E-01   9.1934291E-01   9.7328825E-01
   9.8067003E-01   9.3175682E-01   9.3175682E-01   9.3175682E-01   9.4642966E-01
   9.7544381E-01   9.8434844E-01   9.6676274E-01   9.9764398E-01   9.9253748E-01
   9.6526876E-01   9.6526876E-01   9.4507085E-01   9.9119448E-01   9.5511594E-01
   9.9291922E-01   9.8754995E-01   9.9289138E-01   9.8821575E-01   9.9243144E-01
   9.8892913E-01   9.8892913E-01   9.8869895E-01   9.8892913E-01   9.8892913E-01
   9.8892913E-01   9.8892913E-01   1.0000278E+00   9.8695198E-01

   1.0188086E+02   4.0085737E+08   1.0438498E+15   6.7995322E+00   1.1320933E-04   9.8953532E-02   1.0000000E+00    50 
   9.4910153E-01   9.4820414E-01   9.4820414E-01   9.4820414E-01   9.5636095E-01
   9.4011403E-01   9.4011403E-01   9.4011403E-01   9.6463928E-01   9.4974487E-01
   9.5525418E-01   9.8076500E-01   1.0111087E+00   9.9026543E-01   9.9026543E-01
   9.9026543E-01   9.7735986E-01   9.7735986E-01   9.7735986E-01   9.6023905E-01
   9.4986720E-01   9.4986720E-01   9.4986720E-01   1.0045835E+00   9.7162951E-01
   9.7610188E-01   1.0024709E+00   1.0024709E+00   1.0024709E+00   9.6700085E-01
   1.0213280E+00   1.0213280E+00   1.0213280E+00   9.9364572E-01   9.9364572E-01
   9.9364572E-01   9.7278282E-01   9.7278282E-01   9.9291549E-01   9.9291549E-01
   9.9291549E-01   9.6713784E-01   9.8468754E-01   9.8836188E-01   9.8836188E-01
   9.8836188E-01   9.6310199E-01   9.7956460E-01   9.9796301E-01   9.9796301E-01
   9.9796301E-01   9.4550741E-01   9.4550741E-01   9.4550741E-01   9.8493842E-01
   9.8694081E-01   9.5891084E-01   9.5891084E-01   9.5891084E-01   9.6657876E-01
   9.8608411E-01   9.8837878E-01   9.8044489E-01   9.9442740E-01   9.9276275E-01
   9.7831794E-01   9.7831794E-01   9.6860922E-01   9.9168243E-01   9.7313128E-01
   9.9306537E-01   9.9094317E-01   9.9302105E-01   9.9116866E-01   9.9274635E-01
   9.9095613E-01   9.9095613E-01   9.9093092E-01   9.9095613E-01   9.9095613E-01
   9.9095613E-01   9.9095613E-01   9.9646253E-01   9.9058036E-01

   1.0178030E+02   3.2097757E+08   1.3817440E+15   7.2649271E+00   9.2807130E-05   7.4914494E-02   1.0000000E+00    51 
   9.8096228E-01   9.7863545E-01   9.7863545E-01   9.7863545E-01   9.7908688E-01
   9.7261154E-01   9.7261154E-01   9.7261154E-01   9.8554565E-01   9.7672849E-01
   9.7787492E-01   9.9221229E-01   1.0068840E+00   9.9239499E-01   9.9239499E-01
   9.9239499E-01   9.8329000E-01   9.8329000E-01   9.8329000E-01   9.7785987E-01
   9.7561710E-01   9.7561710E-01   9.7561710E-01   1.0018320E+00   9.8898729E-01
   9.8878917E-01   1.0001219E+00   1.0001219E+00   1.0001219E+00   9.8132062E-01
   1.0083223E+00   1.0083223E+00   1.0083223E+00   9.9451782E-01   9.9451782E-01
   9.9451782E-01   9.8563878E-01   9.8563878E-01   9.9463780E-01   9.9463780E-01
   9.9463780E-01   9.8204291E-01   9.9194714E-01   9.9096047E-01   9.9096047E-01
   9.9096047E-01   9.8063269E-01   9.8703508E-01   9.9730892E-01   9.9730892E-01
   9.9730892E-01   9.6959249E-01   9.6959249E-01   9.6959249E-01   9.9256790E-01
   9.9232999E-01   9.7972958E-01   9.7972958E-01   9.7972958E-01   9.8182182E-01
   9.9333270E-01   9.9279581E-01   9.9009560E-01   9.9497245E-01   9.9446463E-01
   9.8821146E-01   9.8821146E-01   9.8416606E-01   9.9386059E-01   9.8607829E-01
   9.9486014E-01   9.9427207E-01   9.9480809E-01   9.9432561E-01   9.9466066E-01
   9.9384553E-01   9.9384553E-01   9.9389578E-01   9.9384553E-01   9.9384553E-01
   9.9384553E-01   9.9384553E-01   9.9623995E-01   9.9408062E-01

   1.0167649E+02   2.6068682E+08   1.8255239E+15   7.7749293E+00   7.6944224E-05   5.6827558E-02   1.0000000E+00    52 
   9.9517046E-01   9.9328350E-01   9.9328350E-01   9.9328350E-01   9.9096843E-01
   9.9029654E-01   9.9029654E-01   9.9029654E-01   9.9526515E-01   9.9084844E-01
   9.9035844E-01   9.9635567E-01   1.0008720E+00   9.9489768E-01   9.9489768E-01
   9.9489768E-01   9.9007880E-01   9.9007880E-01   9.9007880E-01   9.8874808E-01
   9.8981308E-01   9.8981308E-01   9.8981308E-01   9.9881598E-01   9.9727321E-01
   9.9540663E-01   9.9825963E-01   9.9825963E-01   9.9825963E-01   9.9025307E-01
   1.0006305E+00   1.0006305E+00   1.0006305E+00   9.9605782E-01   9.9605782E-01
   9.9605782E-01   9.9328198E-01   9.9328198E-01   9.9642351E-01   9.9642351E-01
   9.9642351E-01   9.9189792E-01   9.9647233E-01   9.9455426E-01   9.9455426E-01
   9.9455426E-01   9.9099241E-01   9.9284036E-01   9.9762547E-01   9.9762547E-01
   9.9762547E-01   9.8602345E-01   9.8602345E-01   9.8602345E-01   9.9667050E-01
   9.9601252E-01   9.9188337E-01   9.9188337E-01   9.9188337E-01   9.9138536E-01
   9.9717052E-01   9.9612894E-01   9.9559613E-01   9.9665894E-01   9.9650185E-01
   9.9435808E-01   9.9435808E-01   9.9283627E-01   9.9622838E-01   9.9367795E-01
   9.9686716E-01   9.9682723E-01   9.9682418E-01   9.9683922E-01   9.9675200E-01
   9.9642702E-01   9.9642702E-01   9.9649127E-01   9.9642702E-01   9.9642702E-01
   9.9642702E-01   9.9642702E-01   9.9733181E-01   9.9675233E-01

   1.0156938E+02   2.1339247E+08   2.3938737E+15   8.3330665E+00   6.4761349E-05   4.3432605E-02   1.0000000E+00    53 
   9.9957440E-01   9.9880569E-01   9.9880569E-01   9.9880569E-01   9.9659451E-01
   9.9768131E-01   9.9768131E-01   9.9768131E-01   9.9903331E-01   9.9701541E-01
   9.9617226E-01   9.9789385E-01   9.9827822E-01   9.9721116E-01   9.9721116E-01
   9.9721116E-01   9.9498491E-01   9.9498491E-01   9.9498491E-01   9.9467939E-01
   9.9617314E-01   9.9617314E-01   9.9617314E-01   9.9831506E-01   9.9988438E-01
   9.9828156E-01   9.9829067E-01   9.9829067E-01   9.9829067E-01   9.9532504E-01
   9.9864203E-01   9.9864203E-01   9.9864203E-01   9.9768436E-01   9.9768436E-01
   9.9768436E-01   9.9709730E-01   9.9709730E-01   9.9798137E-01   9.9798137E-01
   9.9798137E-01   9.9676276E-01   9.9867529E-01   9.9725758E-01   9.9725758E-01
   9.9725758E-01   9.9618719E-01   9.9661910E-01   9.9846839E-01   9.9846839E-01
   9.9846839E-01   9.9444999E-01   9.9444999E-01   9.9444999E-01   9.9852977E-01
   9.9809965E-01   9.9730681E-01   9.9730681E-01   9.9730681E-01   9.9632312E-01
   9.9879071E-01   9.9810743E-01   9.9816241E-01   9.9812148E-01   9.9809402E-01
   9.9750907E-01   9.9750907E-01   9.9698667E-01   9.9797394E-01   9.9735172E-01
   9.9831891E-01   9.9840236E-01   9.9829117E-01   9.9841059E-01   9.9825715E-01
   9.9814822E-01   9.9814822E-01   9.9819907E-01   9.9814822E-01   9.9814822E-01
   9.9814822E-01   9.9814822E-01   9.9844316E-01   9.9838553E-01

   1.0145830E+02   1.7637703E+08   3.1116339E+15   8.9428295E+00   5.5613370E-05   3.3491228E-02   1.0000000E+00    54 
   1.0005320E+00   1.0004080E+00   1.0004080E+00   1.0004080E+00   9.9904347E-01
   1.0000635E+00   1.0000635E+00   1.0000635E+00   1.0002498E+00   9.9935620E-01
   9.9863557E-01   9.9888172E-01   9.9854484E-01   9.9875124E-01   9.9875124E-01
   9.9875124E-01   9.9775027E-01   9.9775027E-01   9.9775027E-01   9.9771261E-01
   9.9870688E-01   9.9870688E-01   9.9870688E-01   9.9895852E-01   1.0000572E+00
   9.9931473E-01   9.9901420E-01   9.9901420E-01   9.9901420E-01   9.9798395E-01
   9.9892420E-01   9.9892420E-01   9.9892420E-01   9.9887477E-01   9.9887477E-01
   9.9887477E-01   9.9883403E-01   9.9883403E-01   9.9905370E-01   9.9905370E-01
   9.9905370E-01   9.9880976E-01   9.9960763E-01   9.9883078E-01   9.9883078E-01
   9.9883078E-01   9.9853586E-01   9.9857636E-01   9.9923079E-01   9.9923079E-01
   9.9923079E-01   9.9803451E-01   9.9803451E-01   9.9803451E-01   9.9934897E-01
   9.9918845E-01   9.9932384E-01   9.9932384E-01   9.9932384E-01   9.9856756E-01
   9.9944422E-01   9.9917425E-01   9.9924897E-01   9.9909410E-01   9.9909882E-01
   9.9897115E-01   9.9897115E-01   9.9881824E-01   9.9904793E-01   9.9895622E-01
   9.9919792E-01   9.9925876E-01   9.9918330E-01   9.9926266E-01   9.9916769E-01
   9.9913963E-01   9.9913963E-01   9.9916517E-01   9.9913963E-01   9.9913963E-01
   9.9913963E-01   9.9913963E-01   9.9922018E-01   9.9926089E-01

   1.0134230E+02   1.4803251E+08   4.0150075E+15   9.6077847E+00   4.8923846E-05   2.6018932E-02   1.0000000E+00    55 
   1.0007098E+00   1.0007096E+00   1.0007096E+00   1.0007096E+00   1.0000350E+00
   1.0006332E+00   1.0006332E+00   1.0006332E+00   1.0005581E+00   1.0001672E+00
   9.9964935E-01   9.9955335E-01   9.9931291E-01   9.9958256E-01   9.9958256E-01
   9.9958256E-01   9.9912435E-01   9.9912435E-01   9.9912435E-01   9.9918491E-01
   9.9969036E-01   9.9969036E-01   9.9969036E-01   9.9958624E-01   9.9995281E-01
   9.9974706E-01   9.9961343E-01   9.9961343E-01   9.9961343E-01   9.9927416E-01
   9.9948969E-01   9.9948969E-01   9.9948969E-01   9.9957321E-01   9.9957321E-01
   9.9957321E-01   9.9962863E-01   9.9962863E-01   9.9967412E-01   9.9967412E-01
   9.9967412E-01   9.9964960E-01   9.9999914E-01   9.9964172E-01   9.9964172E-01
   9.9964172E-01   9.9955743E-01   9.9949894E-01   9.9971772E-01   9.9971772E-01
   9.9971772E-01   9.9944943E-01   9.9944943E-01   9.9944943E-01   9.9976393E-01
   9.9975431E-01   1.0000130E+00   1.0000130E+00   1.0000130E+00   9.9954543E-01
   9.9978259E-01   9.9973996E-01   9.9974861E-01   9.9967502E-01   9.9967292E-01
   9.9965316E-01   9.9965316E-01   9.9962366E-01   9.9965820E-01   9.9966302E-01
   9.9970503E-01   9.9972846E-01   9.9969814E-01   9.9972938E-01   9.9969136E-01
   9.9968783E-01   9.9968783E-01   9.9969559E-01   9.9968783E-01   9.9968783E-01
   9.9968783E-01   9.9968783E-01   9.9970412E-01   9.9973385E-01

   1.0122043E+02   1.2670950E+08   5.1498192E+15   1.0331288E+01   4.4154416E-05   2.0337346E-02   1.0000000E+00    56 
   1.0006603E+00   1.0006587E+00   1.0006587E+00   1.0006587E+00   1.0003577E+00
   1.0006537E+00   1.0006537E+00   1.0006537E+00   1.0005631E+00   1.0003861E+00
   1.0000449E+00   9.9993710E-01   9.9981286E-01   9.9996715E-01   9.9996715E-01
   9.9996715E-01   9.9975634E-01   9.9975634E-01   9.9975634E-01   9.9983222E-01
   1.0000556E+00   1.0000556E+00   1.0000556E+00   9.9994435E-01   1.0000331E+00
   9.9999938E-01   9.9994461E-01   9.9994461E-01   9.9994461E-01   9.9985162E-01
   9.9985296E-01   9.9985296E-01   9.9985296E-01   9.9992398E-01   9.9992398E-01
   9.9992398E-01   9.9998454E-01   9.9998454E-01   9.9998327E-01   9.9998327E-01
   9.9998327E-01   9.9999511E-01   1.0001534E+00   1.0000057E+00   1.0000057E+00
   1.0000057E+00   9.9997516E-01   9.9991719E-01   9.9997105E-01   9.9997105E-01
   9.9997105E-01   9.9997632E-01   9.9997632E-01   9.9997632E-01   9.9999238E-01
   1.0000262E+00   1.0002157E+00   1.0002157E+00   1.0002157E+00   9.9995069E-01
   9.9998839E-01   1.0000145E+00   9.9999626E-01   9.9997679E-01   9.9996648E-01
   9.9996769E-01   9.9996769E-01   9.9996981E-01   9.9996931E-01   9.9997665E-01
   9.9997266E-01   9.9997670E-01   9.9996917E-01   9.9997630E-01   9.9996650E-01
   9.9996842E-01   9.9996842E-01   9.9996858E-01   9.9996842E-01   9.9996842E-01
   9.9996842E-01   9.9996842E-01   9.9996867E-01   9.9998134E-01

   1.0109170E+02   1.1109727E+08   6.5786482E+15   1.1117055E+01   4.0896013E-05   1.5962558E-02   1.0000000E+00    57 
   1.0005040E+00   1.0005116E+00   1.0005116E+00   1.0005116E+00   1.0003735E+00
   1.0005186E+00   1.0005186E+00   1.0005186E+00   1.0004518E+00   1.0003635E+00
   1.0001538E+00   1.0000824E+00   1.0000168E+00   1.0000959E+00   1.0000959E+00
   1.0000959E+00   1.0000000E+00   1.0000000E+00   1.0000000E+00   1.0000544E+00
   1.0001518E+00   1.0001518E+00   1.0001518E+00   1.0000779E+00   1.0001045E+00
   1.0001025E+00   1.0000684E+00   1.0000684E+00   1.0000684E+00   1.0000576E+00
   1.0000084E+00   1.0000084E+00   1.0000084E+00   1.0000556E+00   1.0000556E+00
   1.0000556E+00   1.0001008E+00   1.0001008E+00   1.0000926E+00   1.0000926E+00
   1.0000926E+00   1.0001014E+00   1.0001771E+00   1.0001210E+00   1.0001210E+00
   1.0001210E+00   1.0001049E+00   1.0000660E+00   1.0000638E+00   1.0000638E+00
   1.0000638E+00   1.0001301E+00   1.0001301E+00   1.0001301E+00   1.0000806E+00
   1.0001132E+00   1.0002284E+00   1.0002284E+00   1.0002284E+00   1.0000797E+00
   1.0000738E+00   1.0001045E+00   1.0000859E+00   1.0000851E+00   1.0000739E+00
   1.0000772E+00   1.0000772E+00   1.0000835E+00   1.0000818E+00   1.0000827E+00
   1.0000728E+00   1.0000721E+00   1.0000705E+00   1.0000715E+00   1.0000695E+00
   1.0000718E+00   1.0000718E+00   1.0000706E+00   1.0000718E+00   1.0000718E+00
   1.0000718E+00   1.0000718E+00   1.0000692E+00   1.0000749E+00

   1.0095493E+02   1.0052742E+08   8.4026701E+15   1.1969203E+01   3.8927201E-05   1.2532095E-02   1.0000000E+00    58 
   1.0003224E+00   1.0003352E+00   1.0003352E+00   1.0003352E+00   1.0002701E+00
   1.0003440E+00   1.0003440E+00   1.0003440E+00   1.0003013E+00   1.0002546E+00
   1.0001340E+00   1.0000938E+00   1.0000596E+00   1.0000982E+00   1.0000982E+00
   1.0000982E+00   1.0000550E+00   1.0000550E+00   1.0000550E+00   1.0000870E+00
   1.0001326E+00   1.0001326E+00   1.0001326E+00   1.0000878E+00   1.0001004E+00
   1.0001018E+00   1.0000792E+00   1.0000792E+00   1.0000792E+00   1.0000907E+00
   1.0000433E+00   1.0000433E+00   1.0000433E+00   1.0000720E+00   1.0000720E+00
   1.0000720E+00   1.0001000E+00   1.0001000E+00   1.0000950E+00   1.0000950E+00
   1.0000950E+00   1.0000973E+00   1.0001361E+00   1.0001176E+00   1.0001176E+00
   1.0001176E+00   1.0001076E+00   1.0000835E+00   1.0000696E+00   1.0000696E+00
   1.0000696E+00   1.0001309E+00   1.0001309E+00   1.0001309E+00   1.0000821E+00
   1.0001037E+00   1.0001697E+00   1.0001697E+00   1.0001697E+00   1.0000863E+00
   1.0000772E+00   1.0000981E+00   1.0000858E+00   1.0000885E+00   1.0000801E+00
   1.0000823E+00   1.0000823E+00   1.0000874E+00   1.0000870E+00   1.0000853E+00
   1.0000780E+00   1.0000770E+00   1.0000765E+00   1.0000765E+00   1.0000761E+00
   1.0000777E+00   1.0000777E+00   1.0000767E+00   1.0000777E+00   1.0000777E+00
   1.0000777E+00   1.0000777E+00   1.0000754E+00   1.0000784E+00

   1.0080607E+02   9.4557921E+07   1.0834728E+16   1.2911718E+01   3.8136054E-05   9.7480358E-03   1.0000000E+00    59 
   1.0001800E+00   1.0001915E+00   1.0001915E+00   1.0001915E+00   1.0001608E+00
   1.0002005E+00   1.0002005E+00   1.0002005E+00   1.0001759E+00   1.0001507E+00
   1.0000842E+00   1.0000644E+00   1.0000472E+00   1.0000649E+00   1.0000649E+00
   1.0000649E+00   1.0000446E+00   1.0000446E+00   1.0000446E+00   1.0000625E+00
   1.0000863E+00   1.0000863E+00   1.0000863E+00   1.0000609E+00   1.0000685E+00
   1.0000693E+00   1.0000555E+00   1.0000555E+00   1.0000555E+00   1.0000682E+00
   1.0000355E+00   1.0000355E+00   1.0000355E+00   1.0000518E+00   1.0000518E+00
   1.0000518E+00   1.0000674E+00   1.0000674E+00   1.0000653E+00   1.0000653E+00
   1.0000653E+00   1.0000648E+00   1.0000857E+00   1.0000809E+00   1.0000809E+00
   1.0000809E+00   1.0000746E+00   1.0000601E+00   1.0000485E+00   1.0000485E+00
   1.0000485E+00   1.0000900E+00   1.0000900E+00   1.0000900E+00   1.0000567E+00
   1.0000691E+00   1.0001056E+00   1.0001056E+00   1.0001056E+00   1.0000591E+00
   1.0000539E+00   1.0000658E+00   1.0000589E+00   1.0000612E+00   1.0000558E+00
   1.0000569E+00   1.0000569E+00   1.0000600E+00   1.0000604E+00   1.0000583E+00
   1.0000542E+00   1.0000536E+00   1.0000533E+00   1.0000533E+00   1.0000532E+00
   1.0000541E+00   1.0000541E+00   1.0000535E+00   1.0000541E+00   1.0000541E+00
   1.0000541E+00   1.0000541E+00   1.0000527E+00   1.0000541E+00

   1.0068651E+02   9.2939468E+07   1.3198529E+16   1.3679974E+01   3.8280402E-05   8.0213027E-03   1.0000000E+00    60 
   1.0001105E+00   1.0001193E+00   1.0001193E+00   1.0001193E+00   1.0001024E+00
   1.0001267E+00   1.0001267E+00   1.0001267E+00   1.0001112E+00   1.0000958E+00
   1.0000549E+00   1.0000440E+00   1.0000343E+00   1.0000433E+00   1.0000433E+00
   1.0000433E+00   1.0000321E+00   1.0000321E+00   1.0000321E+00   1.0000432E+00
   1.0000577E+00   1.0000577E+00   1.0000577E+00   1.0000417E+00   1.0000470E+00
   1.0000474E+00   1.0000382E+00   1.0000382E+00   1.0000382E+00   1.0000486E+00
   1.0000258E+00   1.0000258E+00   1.0000258E+00   1.0000361E+00   1.0000361E+00
   1.0000361E+00   1.0000458E+00   1.0000458E+00   1.0000448E+00   1.0000448E+00
   1.0000448E+00   1.0000439E+00   1.0000567E+00   1.0000558E+00   1.0000558E+00
   1.0000558E+00   1.0000516E+00   1.0000419E+00   1.0000332E+00   1.0000332E+00
   1.0000332E+00   1.0000620E+00   1.0000620E+00   1.0000620E+00   1.0000390E+00
   1.0000466E+00   1.0000690E+00   1.0000690E+00   1.0000690E+00   1.0000401E+00
   1.0000373E+00   1.0000444E+00   1.0000403E+00   1.0000419E+00   1.0000383E+00
   1.0000390E+00   1.0000390E+00   1.0000411E+00   1.0000413E+00   1.0000398E+00
   1.0000372E+00   1.0000368E+00   1.0000366E+00   1.0000367E+00   1.0000365E+00
   1.0000371E+00   1.0000371E+00   1.0000368E+00   1.0000371E+00   1.0000371E+00
   1.0000371E+00   1.0000371E+00   1.0000362E+00   1.0000370E+00

   1.0062098E+02   9.3086189E+07   1.4678757E+16   1.4105755E+01   3.8610815E-05   7.2218434E-03   1.0000000E+00    61 
   1.0000849E+00   1.0000921E+00   1.0000921E+00   1.0000921E+00   1.0000800E+00
   1.0000980E+00   1.0000980E+00   1.0000980E+00   1.0000860E+00   1.0000745E+00
   1.0000438E+00   1.0000360E+00   1.0000290E+00   1.0000350E+00   1.0000350E+00
   1.0000350E+00   1.0000272E+00   1.0000272E+00   1.0000272E+00   1.0000355E+00
   1.0000461E+00   1.0000461E+00   1.0000461E+00   1.0000337E+00   1.0000380E+00
   1.0000383E+00   1.0000309E+00   1.0000309E+00   1.0000309E+00   1.0000401E+00
   1.0000214E+00   1.0000214E+00   1.0000214E+00   1.0000294E+00   1.0000294E+00
   1.0000294E+00   1.0000369E+00   1.0000369E+00   1.0000361E+00   1.0000361E+00
   1.0000361E+00   1.0000354E+00   1.0000449E+00   1.0000451E+00   1.0000451E+00
   1.0000451E+00   1.0000419E+00   1.0000341E+00   1.0000268E+00   1.0000268E+00
   1.0000268E+00   1.0000501E+00   1.0000501E+00   1.0000501E+00   1.0000315E+00
   1.0000371E+00   1.0000540E+00   1.0000540E+00   1.0000540E+00   1.0000321E+00
   1.0000302E+00   1.0000354E+00   1.0000325E+00   1.0000336E+00   1.0000308E+00
   1.0000314E+00   1.0000314E+00   1.0000331E+00   1.0000332E+00   1.0000320E+00
   1.0000299E+00   1.0000297E+00   1.0000294E+00   1.0000295E+00   1.0000294E+00
   1.0000299E+00   1.0000299E+00   1.0000296E+00   1.0000299E+00   1.0000299E+00
   1.0000299E+00   1.0000299E+00   1.0000292E+00   1.0000298E+00

   1.0058758E+02   9.3424744E+07   1.5489991E+16   1.4324159E+01   3.8843842E-05   6.8481798E-03   1.0000000E+00    62 
   1.0000892E+00   1.0000969E+00   1.0000969E+00   1.0000969E+00   1.0000846E+00
   1.0001034E+00   1.0001034E+00   1.0001034E+00   1.0000908E+00   1.0000787E+00
   1.0000462E+00   1.0000384E+00   1.0000313E+00   1.0000371E+00   1.0000371E+00
   1.0000371E+00   1.0000291E+00   1.0000291E+00   1.0000291E+00   1.0000379E+00
   1.0000490E+00   1.0000490E+00   1.0000490E+00   1.0000358E+00   1.0000407E+00
   1.0000408E+00   1.0000330E+00   1.0000330E+00   1.0000330E+00   1.0000431E+00
   1.0000230E+00   1.0000230E+00   1.0000230E+00   1.0000314E+00   1.0000314E+00
   1.0000314E+00   1.0000394E+00   1.0000394E+00   1.0000385E+00   1.0000385E+00
   1.0000385E+00   1.0000377E+00   1.0000477E+00   1.0000483E+00   1.0000483E+00
   1.0000483E+00   1.0000448E+00   1.0000364E+00   1.0000285E+00   1.0000285E+00
   1.0000285E+00   1.0000536E+00   1.0000536E+00   1.0000536E+00   1.0000337E+00
   1.0000394E+00   1.0000572E+00   1.0000572E+00   1.0000572E+00   1.0000341E+00
   1.0000323E+00   1.0000377E+00   1.0000347E+00   1.0000359E+00   1.0000329E+00
   1.0000335E+00   1.0000335E+00   1.0000352E+00   1.0000354E+00   1.0000340E+00
   1.0000319E+00   1.0000317E+00   1.0000314E+00   1.0000315E+00   1.0000314E+00
   1.0000318E+00   1.0000318E+00   1.0000316E+00   1.0000318E+00   1.0000318E+00
   1.0000318E+00   1.0000318E+00   1.0000311E+00   1.0000317E+00

   1.0057637E+02   9.3583695E+07   1.5772185E+16   1.4397884E+01   3.8935495E-05   6.7271547E-03   1.0000000E+00    63 
   1.0002749E+00   1.0002678E+00   1.0002678E+00   1.0002678E+00   1.0002295E+00
   1.0002496E+00   1.0002496E+00   1.0002496E+00   1.0002330E+00   1.0001988E+00
   1.0001264E+00   1.0001180E+00   1.0001050E+00   1.0001141E+00   1.0001141E+00
   1.0001141E+00   1.0000928E+00   1.0000928E+00   1.0000928E+00   1.0001017E+00
   1.0001135E+00   1.0001135E+00   1.0001135E+00   1.0000904E+00   1.0000994E+00
   1.0000983E+00   1.0000850E+00   1.0000850E+00   1.0000850E+00   1.0001027E+00
   1.0000652E+00   1.0000652E+00   1.0000652E+00   1.0000819E+00   1.0000819E+00
   1.0000819E+00   1.0000931E+00   1.0000931E+00   1.0000965E+00   1.0000965E+00
   1.0000965E+00   1.0000896E+00   1.0001171E+00   1.0001172E+00   1.0001172E+00
   1.0001172E+00   1.0001040E+00   1.0000884E+00   1.0000714E+00   1.0000714E+00
   1.0000714E+00   1.0001136E+00   1.0001136E+00   1.0001136E+00   1.0000826E+00
   1.0000950E+00   1.0001323E+00   1.0001323E+00   1.0001323E+00   1.0000773E+00
   1.0000796E+00   1.0000913E+00   1.0000841E+00   1.0000872E+00   1.0000799E+00
   1.0000793E+00   1.0000793E+00   1.0000823E+00   1.0000848E+00   1.0000797E+00
   1.0000772E+00   1.0000767E+00   1.0000761E+00   1.0000764E+00   1.0000760E+00
   1.0000767E+00   1.0000767E+00   1.0000763E+00   1.0000767E+00   1.0000767E+00
   1.0000767E+00   1.0000767E+00   1.0000755E+00   1.0000766E+00
