
 24-FEB-2004                           !Format date

   1.0057637E+02     1.0810E+06       64       63

   1.1341482E+04   7.6257827E+02   2.8249382E+06   1.8495937E+00   1.8419915E-02   2.9481942E+03   1.0000000E+00     1 
   1.0562937E-04   9.0386005E-10   1.6071282E-09   2.8897842E-05   1.5851469E-03
   3.1489207E-03   1.3564328E-06   1.4778560E-06   3.8283512E-03   9.7148817E-02
   1.1706674E-01   3.0692280E-04   3.0775209E-04   4.8432280E-05   1.8761169E-02
   8.7275013E-01   2.1947707E-03   1.0735598E-03   2.6915629E-02   1.4406149E+00
   4.7492055E-03   6.1558597E-03   5.7908404E-02   3.7552088E-01   1.2978914E-02
   1.6427230E-02   9.8273016E-02   9.4798940E-02   2.9219360E-02   3.9638946E-02
   5.0123468E-02   7.1296447E+00   2.2345848E-02   6.7025460E-02   4.2059758E-02
   1.8347482E+00   2.5391969E-02   9.9490671E-02   4.6610446E-02   6.6914346E-01
   3.0364539E-02   1.3842079E-01   4.9929036E-02   8.5941390E-01   3.4371689E-02
   1.8290968E-01   2.0330026E-01   6.5985289E-01   5.8910073E-01   5.2215625E-01
   4.8901316E-01   4.5759365E-01   4.0194302E-01   3.5618267E-01   3.2591810E-01
   3.0940694E-01   2.9202526E-01   2.7797223E-01   2.8710996E-01   2.7333797E-01
   2.6378546E-01   2.2669458E-01   2.6988723E-01   3.2444231E-01

   1.1234034E+04   7.7731113E+02   2.8794849E+06   1.8496862E+00   1.8409115E-02   2.9479382E+03   1.0000000E+00     2 
   1.0378526E-04   9.0947443E-10   1.6161543E-09   2.8970362E-05   1.5937035E-03
   3.1569272E-03   1.3581817E-06   1.4797132E-06   3.8298093E-03   9.7326942E-02
   1.1724377E-01   3.0699578E-04   3.0783794E-04   4.8452219E-05   1.8763312E-02
   8.7271823E-01   2.1953707E-03   1.0738336E-03   2.6917821E-02   1.4406171E+00
   4.7503379E-03   6.1569016E-03   5.7904549E-02   3.7565313E-01   1.2979573E-02
   1.6429155E-02   9.8257962E-02   9.5236160E-02   2.9217469E-02   3.9642167E-02
   5.0135681E-02   7.1268777E+00   2.2351739E-02   6.7029115E-02   4.2072806E-02
   1.8350582E+00   2.5397942E-02   9.9493983E-02   4.6620616E-02   6.6966908E-01
   3.0370117E-02   1.3842291E-01   4.9937774E-02   8.5965703E-01   3.4376996E-02
   1.8290989E-01   2.0335028E-01   6.5968920E-01   5.8898980E-01   5.2209270E-01
   4.8897897E-01   4.5758552E-01   4.0196126E-01   3.5622918E-01   3.2598482E-01
   3.0949013E-01   2.9213915E-01   2.7812132E-01   2.8723353E-01   2.7347926E-01
   2.6393974E-01   2.2684760E-01   2.7002431E-01   3.2449695E-01

   1.1021993E+04   8.0766654E+02   2.9918700E+06   1.8498852E+00   1.8387310E-02   2.9474172E+03   1.0000000E+00     3 
   1.0021986E-04   9.2579435E-10   1.6335920E-09   2.9119837E-05   1.6105742E-03
   3.1766122E-03   1.3612254E-06   1.4827720E-06   3.8326939E-03   9.7589850E-02
   1.1747155E-01   3.0719079E-04   3.0805901E-04   4.8496702E-05   1.8768121E-02
   8.7279216E-01   2.1966143E-03   1.0744588E-03   2.6924476E-02   1.4405505E+00
   4.7530249E-03   6.1593543E-03   5.7902395E-02   3.7592119E-01   1.2982095E-02
   1.6433879E-02   9.8231330E-02   9.6416465E-02   2.9214934E-02   3.9650563E-02
   5.0160083E-02   7.1216133E+00   2.2364419E-02   6.7039612E-02   4.2095034E-02
   1.8359969E+00   2.5409715E-02   9.9505312E-02   4.6639254E-02   6.7036926E-01
   3.0381657E-02   1.3843392E-01   4.9956643E-02   8.5966476E-01   3.4389007E-02
   1.8292020E-01   2.0348181E-01   6.5938994E-01   5.8879654E-01   5.2198315E-01
   4.8892046E-01   4.5757836E-01   4.0200973E-01   3.5633853E-01   3.2613719E-01
   3.0967285E-01   2.9238674E-01   2.7843270E-01   2.8750582E-01   2.7378635E-01
   2.6426526E-01   2.2716609E-01   2.7031110E-01   3.2462367E-01

   1.0610344E+04   8.7190931E+02   3.2296947E+06   1.8503157E+00   1.8339255E-02   2.9463495E+03   1.0000000E+00     4 
   9.3505564E-05   9.6493052E-10   1.6707657E-09   2.9437726E-05   1.6499170E-03
   3.2207106E-03   1.3664905E-06   1.4882558E-06   3.8384625E-03   9.7948935E-02
   1.1779350E-01   3.0765203E-04   3.0857361E-04   4.8591205E-05   1.8776910E-02
   8.7311349E-01   2.1990347E-03   1.0757718E-03   2.6939125E-02   1.4401294E+00
   4.7588551E-03   6.1644260E-03   5.7899607E-02   3.7651021E-01   1.2987675E-02
   1.6443446E-02   9.8174149E-02   9.9146441E-02   2.9209040E-02   3.9667055E-02
   5.0215488E-02   7.1100876E+00   2.2391845E-02   6.7059373E-02   4.2146187E-02
   1.8380161E+00   2.5435489E-02   9.9525095E-02   4.6678745E-02   6.7244553E-01
   3.0405653E-02   1.3845052E-01   4.9996465E-02   8.5964549E-01   3.4413953E-02
   1.8293141E-01   2.0372316E-01   6.5871110E-01   5.8835849E-01   5.2173417E-01
   4.8877444E-01   4.5754233E-01   4.0208966E-01   3.5656123E-01   3.2644927E-01
   3.1004169E-01   2.9290051E-01   2.7907672E-01   2.8808032E-01   2.7442573E-01
   2.6491749E-01   2.2780175E-01   2.7090729E-01   3.2487638E-01

   9.8324823E+03   1.0162018E+03   3.7637926E+06   1.8512146E+00   1.8234945E-02   2.9441008E+03   1.0000000E+00     5 
   8.1422148E-05   1.0547801E-09   1.7557080E-09   3.0125688E-05   1.7362141E-03
   3.3164721E-03   1.3776934E-06   1.5000712E-06   3.8505668E-03   9.8685779E-02
   1.1847601E-01   3.0865178E-04   3.0969200E-04   4.8792545E-05   1.8794719E-02
   8.7380157E-01   2.2043597E-03   1.0785958E-03   2.6972589E-02   1.4390762E+00
   4.7720684E-03   6.1754826E-03   5.7897242E-02   3.7787191E-01   1.3000728E-02
   1.6464710E-02   9.8052676E-02   1.0526808E-01   2.9198256E-02   3.9704604E-02
   5.0328323E-02   7.0857931E+00   2.2452336E-02   6.7106288E-02   4.2235820E-02
   1.8436462E+00   2.5487193E-02   9.9575246E-02   4.6765595E-02   6.7361068E-01
   3.0460766E-02   1.3849882E-01   5.0085639E-02   8.5965841E-01   3.4471341E-02
   1.8297623E-01   2.0432204E-01   6.5728787E-01   5.8750418E-01   5.2127417E-01
   4.8850462E-01   4.5752136E-01   4.0232176E-01   3.5711652E-01   3.2714266E-01
   3.1083988E-01   2.9403497E-01   2.8054268E-01   2.8933390E-01   2.7578171E-01
   2.6631962E-01   2.2920783E-01   2.7221445E-01   3.2547035E-01

   8.4398396E+03   1.3819753E+03   5.1172808E+06   1.8530458E+00   1.7984495E-02   2.9389838E+03   1.0000000E+00     6 
   6.1562891E-05   1.2509894E-09   1.9504509E-09   3.1611995E-05   1.9321842E-03
   3.5244167E-03   1.4003400E-06   1.5237117E-06   3.8688984E-03   1.0019026E-01
   1.1977335E-01   3.1035979E-04   3.1169713E-04   4.9227891E-05   1.8805358E-02
   8.7345346E-01   2.2151134E-03   1.0848825E-03   2.7024709E-02   1.4344730E+00
   4.8026506E-03   6.2010660E-03   5.7807933E-02   3.8196219E-01   1.3021697E-02
   1.6516501E-02   9.7617410E-02   1.2009185E-01   2.9148987E-02   3.9801813E-02
   5.0501055E-02   7.0212565E+00   2.2579529E-02   6.7238858E-02   4.2473920E-02
   1.8429920E+00   2.5628036E-02   9.9735152E-02   4.6990448E-02   6.7923790E-01
   3.0608035E-02   1.3868471E-01   5.0308120E-02   8.6113106E-01   3.4623385E-02
   1.8320037E-01   2.0604909E-01   6.5439210E-01   5.8619887E-01   5.2082262E-01
   4.8822065E-01   4.5778645E-01   4.0325871E-01   3.5868020E-01   3.2897682E-01
   3.1291581E-01   2.9681607E-01   2.8401952E-01   2.9231833E-01   2.7915756E-01
   2.6989670E-01   2.3276629E-01   2.7548186E-01   3.2717663E-01

   6.2778820E+03   2.5091623E+03   9.2882207E+06   1.8563132E+00   1.7667398E-02   2.9264839E+03   1.0000000E+00     7 
   3.5869237E-05   1.7029835E-09   2.3848559E-09   3.4887270E-05   2.3736857E-03
   3.9641345E-03   1.4625171E-06   1.5883971E-06   3.9314791E-03   1.0428264E-01
   1.2334888E-01   3.1671002E-04   3.1890983E-04   5.0164205E-05   1.8959685E-02
   8.7871035E-01   2.2623750E-03   1.0994557E-03   2.7230462E-02   1.4377238E+00
   4.8884153E-03   6.2659502E-03   5.8084330E-02   3.8182200E-01   1.3147577E-02
   1.6661750E-02   9.7539788E-02   1.4996880E-01   2.9280262E-02   4.0103285E-02
   5.1358539E-02   6.9433657E+00   2.3050463E-02   6.7698687E-02   4.3198360E-02
   1.8719511E+00   2.6084187E-02   1.0036372E-01   4.7610333E-02   7.0413939E-01
   3.1074192E-02   1.3951495E-01   5.0977408E-02   8.5698904E-01   3.5131876E-02
   1.8428218E-01   2.0969229E-01   6.5200881E-01   5.8655167E-01   5.2309787E-01
   4.9113500E-01   4.6185129E-01   4.0799382E-01   3.6496301E-01   3.3604260E-01
   3.1952987E-01   3.0443786E-01   2.9342831E-01   3.0097973E-01   2.8904767E-01
   2.8045964E-01   2.4326913E-01   2.8561721E-01   3.3389745E-01

   4.6756742E+03   4.5506980E+03   1.6838946E+07   1.8603975E+00   1.7276066E-02   2.9100589E+03   1.0000000E+00     8 
   2.1207288E-05   2.2931978E-09   2.9257149E-09   3.8183411E-05   2.8228714E-03
   4.3915234E-03   1.5472873E-06   1.6770110E-06   3.9902179E-03   1.0805497E-01
   1.2640433E-01   3.2536720E-04   3.2896251E-04   5.0961431E-05   1.9103323E-02
   8.8109484E-01   2.3364616E-03   1.1090666E-03   2.7455783E-02   1.4359111E+00
   5.0077351E-03   6.2963218E-03   5.8336484E-02   3.8134663E-01   1.3271443E-02
   1.6704363E-02   9.7330456E-02   1.8473795E-01   2.9422741E-02   4.0129902E-02
   5.2685861E-02   6.8188456E+00   2.3729237E-02   6.7653451E-02   4.4310199E-02
   1.9148278E+00   2.6696049E-02   1.0018270E-01   4.8543304E-02   7.4198909E-01
   3.1682319E-02   1.3911884E-01   5.1919183E-02   8.5778911E-01   3.5763468E-02
   1.8353554E-01   2.0908851E-01   6.4198128E-01   5.8069029E-01   5.2009736E-01
   4.8876610E-01   4.6017622E-01   4.0699593E-01   3.6439696E-01   3.3760616E-01
   3.2189482E-01   3.0725791E-01   2.9695385E-01   3.0308251E-01   2.9184934E-01
   2.8331995E-01   2.4752894E-01   2.8798621E-01   3.3199422E-01

   3.4842997E+03   8.2613236E+03   3.0552823E+07   1.8657246E+00   1.6724690E-02   2.8881725E+03   1.0000000E+00     9 
   1.2747043E-05   3.1825951E-09   3.7773910E-09   4.3071265E-05   3.5039822E-03
   5.0376390E-03   1.6999663E-06   1.8369380E-06   4.0822273E-03   1.1264172E-01
   1.3005011E-01   3.4308736E-04   3.4895590E-04   5.2017647E-05   1.9321504E-02
   8.8859055E-01   2.4857510E-03   1.1215366E-03   2.7865521E-02   1.4288295E+00
   5.2415421E-03   6.3348822E-03   5.8974487E-02   3.7794804E-01   1.3524965E-02
   1.6756485E-02   9.7291685E-02   2.4376093E-01   2.9820942E-02   4.0156522E-02
   5.4837405E-02   6.6587719E+00   2.4992165E-02   6.7578229E-02   4.6112867E-02
   1.9705837E+00   2.7833237E-02   9.9925625E-02   5.0162073E-02   7.9312895E-01
   3.2860579E-02   1.3857653E-01   5.3688249E-02   8.3992829E-01   3.7033369E-02
   1.8251850E-01   2.0789998E-01   6.2971837E-01   5.7283080E-01   5.1571787E-01
   4.8603924E-01   4.5687271E-01   4.0668689E-01   3.6422158E-01   3.3739944E-01
   3.2203592E-01   3.0894763E-01   3.0040260E-01   3.0549819E-01   2.9551132E-01
   2.8702352E-01   2.5350200E-01   2.9142699E-01   3.3076452E-01

   2.5985463E+03   1.5016768E+04   5.5496119E+07   1.8726938E+00   1.5985125E-02   2.8587913E+03   1.0000000E+00    10 
   7.8310201E-06   4.5574911E-09   5.0924682E-09   4.9534676E-05   4.4025601E-03
   5.8731925E-03   2.0033045E-06   2.1531081E-06   4.1834222E-03   1.1837541E-01
   1.3475587E-01   3.7548959E-04   3.8478642E-04   5.3440752E-05   1.9624478E-02
   8.8975750E-01   2.8001169E-03   1.1378837E-03   2.8383950E-02   1.4159060E+00
   5.6836243E-03   6.3842429E-03   5.9620878E-02   3.7663791E-01   1.3897143E-02
   1.6819458E-02   9.7657962E-02   2.7239731E-01   3.0756733E-02   4.0182981E-02
   5.8567690E-02   6.4509001E+00   2.7417661E-02   6.7463774E-02   4.9362327E-02
   2.0390528E+00   3.0021644E-02   9.9566614E-02   5.3357639E-02   8.5614148E-01
   3.5248440E-02   1.3783296E-01   5.7040094E-02   8.3215845E-01   3.9567131E-02
   1.8113737E-01   2.0612258E-01   6.1379529E-01   5.6216777E-01   5.0997648E-01
   4.8253189E-01   4.5302698E-01   4.0374838E-01   3.6374242E-01   3.3838495E-01
   3.2330019E-01   3.1134600E-01   3.0425222E-01   3.0796975E-01   2.9909483E-01
   2.9036480E-01   2.6028534E-01   2.9442653E-01   3.2815228E-01

   1.9408575E+03   2.7320233E+04   1.0087043E+08   1.8822690E+00   1.5032251E-02   2.8193933E+03   1.0000000E+00    11 
   5.0030621E-06   6.7932051E-09   7.2455834E-09   5.8293534E-05   5.5641778E-03
   6.9485926E-03   2.6724324E-06   2.8438963E-06   4.3068706E-03   1.2688017E-01
   1.4225102E-01   4.4076122E-04   4.5488152E-04   5.5600629E-05   2.0207826E-02
   8.7843975E-01   3.4920828E-03   1.1628473E-03   2.9393089E-02   1.3990036E+00
   6.5949248E-03   6.4637378E-03   6.1010035E-02   3.7822723E-01   1.4674393E-02
   1.6933579E-02   9.9047659E-02   2.9556522E-01   3.2800211E-02   4.0291500E-02
   6.5267232E-02   6.1781541E+00   3.2176570E-02   6.7436160E-02   5.5290588E-02
   2.1287526E+00   3.4263482E-02   9.9274206E-02   5.9528577E-02   9.4245116E-01
   4.0013141E-02   1.3710199E-01   6.3422704E-02   8.3351337E-01   4.4622886E-02
   1.7968407E-01   2.0459673E-01   5.9438328E-01   5.4908892E-01   5.0315260E-01
   4.7852314E-01   4.4970394E-01   4.0204209E-01   3.6437676E-01   3.4069234E-01
   3.2594840E-01   3.1509140E-01   3.0925659E-01   3.1146052E-01   3.0344646E-01
   2.9436454E-01   2.6878040E-01   2.9781409E-01   3.2498324E-01

   1.4530208E+03   4.9731611E+04   1.8340066E+08   1.8957601E+00   1.3834790E-02   2.7667114E+03   1.0000000E+00    12 
   3.3968441E-06   1.0683333E-08   1.1013907E-08   7.1527026E-05   7.2458429E-03
   8.5084911E-03   4.2266263E-06   4.4286917E-06   4.5185137E-03   1.3929041E-01
   1.5370682E-01   5.8682166E-04   6.0667794E-04   5.9178367E-05   2.1440003E-02
   8.5931691E-01   5.0250397E-03   1.2045811E-03   3.1382543E-02   1.3744902E+00
   8.5164607E-03   6.6065548E-03   6.4057384E-02   3.8490910E-01   1.6357399E-02
   1.7170544E-02   1.0255182E-01   3.0979572E-01   3.7112405E-02   4.0628048E-02
   7.7419041E-02   5.8167486E+00   4.1691989E-02   6.7720888E-02   6.6237513E-02
   2.2344463E+00   4.2560372E-02   9.9361430E-02   7.1520914E-02   1.0560169E+00
   4.9575752E-02   1.3680290E-01   7.5720633E-02   8.5311784E-01   5.4813377E-02
   1.7873025E-01   2.0470491E-01   5.7233945E-01   5.3436938E-01   4.9626182E-01
   4.7674812E-01   4.5013587E-01   4.0338565E-01   3.6786569E-01   3.4611739E-01
   3.3202848E-01   3.2232244E-01   3.1738562E-01   3.1807181E-01   3.1046626E-01
   3.0111363E-01   2.8047747E-01   3.0319057E-01   3.2327343E-01

   1.0915123E+03   9.0544332E+04   3.3344042E+08   1.9147175E+00   1.2401288E-02   2.6967212E+03   1.0000000E+00    13 
   2.5127683E-06   1.7964000E-08   1.8076073E-08   8.6971222E-05   8.8470889E-03
   9.9984028E-03   7.9953225E-06   8.2103282E-06   4.8920371E-03   1.5743374E-01
   1.7116570E-01   8.9307906E-04   9.1836996E-04   6.5466760E-05   2.3825993E-02
   8.3134654E-01   8.2579501E-03   1.2764859E-03   3.4875879E-02   1.3401638E+00
   1.2274679E-02   6.8649414E-03   6.9936228E-02   4.0058710E-01   1.9903376E-02
   1.7642559E-02   1.0935195E-01   3.1238827E-01   4.4759042E-02   4.1426098E-02
   9.6838756E-02   5.3648176E+00   5.8388550E-02   6.8678097E-02   8.4455907E-02
   2.3528676E+00   5.6740733E-02   1.0035000E-01   9.2074990E-02   1.1989596E+00
   6.6151085E-02   1.3765395E-01   9.6500024E-02   9.0015920E-01   7.2602001E-02
   1.7925184E-01   2.0823158E-01   5.5043092E-01   5.2022985E-01   4.9336910E-01
   4.7868637E-01   4.5642597E-01   4.1267193E-01   3.7939794E-01   3.5840133E-01
   3.4416047E-01   3.3513163E-01   3.3053550E-01   3.2951244E-01   3.2212748E-01
   3.1307293E-01   2.9730187E-01   3.1280341E-01   3.2479568E-01

   8.2390322E+02   1.6477234E+05   6.0578738E+08   1.9422445E+00   1.0706510E-02   2.6052265E+03   1.0000000E+00    14 
   2.1224346E-06   3.3321855E-08   3.2784029E-08   1.1242101E-04   1.1169963E-02
   1.2215678E-02   1.7400833E-05   1.7349197E-05   5.6177467E-03   1.8594562E-01
   1.9948446E-01   1.5712587E-03   1.5937390E-03   7.7458445E-05   2.8670895E-02
   7.9280749E-01   1.4983419E-02   1.4017868E-03   4.1100327E-02   1.2917585E+00
   1.9657467E-02   7.3074973E-03   8.1446909E-02   4.2778385E-01   2.7173803E-02
   1.8466830E-02   1.2223334E-01   3.0080858E-01   5.8459019E-02   4.2875299E-02
   1.2790853E-01   4.8038171E+00   8.7965050E-02   7.0538868E-02   1.1486335E-01
   2.4579053E+00   8.1149371E-02   1.0250901E-01   1.2751561E-01   1.3656559E+00
   9.5218392E-02   1.3994970E-01   1.3180893E-01   9.8336869E-01   1.0398555E-01
   1.8158713E-01   2.1662435E-01   5.2776440E-01   5.0536274E-01   4.9178271E-01
   4.8268879E-01   4.6530408E-01   4.2591440E-01   3.9762786E-01   3.7864586E-01
   3.6499052E-01   3.5636129E-01   3.5148315E-01   3.4891038E-01   3.4171210E-01
   3.3348992E-01   3.2196838E-01   3.3027557E-01   3.3375727E-01

   6.2602163E+02   2.9911799E+05   1.0976257E+09   1.9845700E+00   8.7568311E-03   2.4905748E+03   1.0000000E+00    15 
   2.2498003E-06   7.5030309E-08   7.2469348E-08   1.6093827E-04   1.5111750E-02
   1.6078234E-02   4.2363624E-05   4.0622944E-05   7.1872391E-03   2.3040356E-01
   2.4381810E-01   3.1669206E-03   3.1491730E-03   1.0414389E-04   3.9019874E-02
   7.5726884E-01   2.9067260E-02   1.6430389E-03   5.2178187E-02   1.2337611E+00
   3.3955903E-02   8.1132012E-03   1.0363238E-01   4.6876775E-01   4.2086535E-02
   1.9948138E-02   1.4593252E-01   2.8211271E-01   8.2502251E-02   4.5475064E-02
   1.7519782E-01   4.1522273E+00   1.3834322E-01   7.3964134E-02   1.6353167E-01
   2.5043569E+00   1.2172239E-01   1.0664255E-01   1.8615302E-01   1.5409835E+00
   1.4437244E-01   1.4466911E-01   1.8935712E-01   1.1005878E+00   1.5687984E-01
   1.8695693E-01   2.3283644E-01   5.0643994E-01   4.9020370E-01   4.9031622E-01
   4.8735360E-01   4.7587957E-01   4.4157822E-01   4.2030656E-01   4.0544328E-01
   3.9381724E-01   3.8618024E-01   3.8125389E-01   3.7791395E-01   3.7148732E-01
   3.6474333E-01   3.5673614E-01   3.6011296E-01   3.5745631E-01

   4.7890745E+02   5.4377153E+05   1.9914092E+09   2.0523961E+00   6.6727788E-03   2.3458450E+03   1.0000000E+00    16 
   3.4516138E-06   2.3448885E-07   2.2475205E-07   2.6959568E-04   2.2941339E-02
   2.3862239E-02   1.1407628E-04   1.0517911E-04   1.0788567E-02   3.0021629E-01
   3.1304897E-01   7.2241462E-03   7.0316464E-03   1.7372234E-04   6.2382690E-02
   7.3973550E-01   5.9453365E-02   2.1668066E-03   7.2015175E-02   1.1618699E+00
   6.1323817E-02   9.7264615E-03   1.4515119E-01   5.3140035E-01   7.3043347E-02
   2.2814975E-02   1.8825719E-01   2.6958646E-01   1.2374554E-01   5.0331365E-02
   2.4362437E-01   3.4531374E+00   2.1994567E-01   8.0397339E-02   2.3714321E-01
   2.4604722E+00   1.8653157E-01   1.1450654E-01   2.7801787E-01   1.6976200E+00
   2.2396090E-01   1.5397098E-01   2.7852094E-01   1.2442342E+00   2.3972247E-01
   1.9800519E-01   2.6105279E-01   4.9151425E-01   4.8043354E-01   4.9151612E-01
   4.9522692E-01   4.8982132E-01   4.6087490E-01   4.4596674E-01   4.3681512E-01
   4.2859087E-01   4.2287310E-01   4.1865100E-01   4.1548371E-01   4.1049685E-01
   4.0563819E-01   4.0038487E-01   4.0224973E-01   4.0033680E-01

   3.6959393E+02   9.9345774E+05   3.6315609E+09   2.1590312E+00   4.6970825E-03   2.1600962E+03   1.0000000E+00    17 
   8.6806880E-06   1.1045637E-06   1.0728238E-06   5.5085134E-04   4.0330208E-02
   4.1225087E-02   3.2149399E-04   2.9970895E-04   1.9638392E-02   4.1411997E-01
   4.2591499E-01   1.7626063E-02   1.6935435E-02   3.7130332E-04   1.1643251E-01
   7.4330041E-01   1.2427067E-01   3.3765209E-03   1.0749995E-01   1.0526035E+00
   1.0997392E-01   1.3143674E-02   2.1754457E-01   6.1844302E-01   1.3451305E-01
   2.8582340E-02   2.6034291E-01   2.7859103E-01   1.9232935E-01   5.9351666E-02
   3.3909446E-01   2.7642117E+00   3.4126804E-01   9.2148812E-02   3.3967421E-01
   2.3213288E+00   2.8324261E-01   1.2877895E-01   4.0965680E-01   1.7817750E+00
   3.4392248E-01   1.7098427E-01   4.0871911E-01   1.3895723E+00   3.5336599E-01
   2.1834859E-01   3.0426876E-01   4.8868995E-01   4.8367267E-01   5.0110009E-01
   5.0899773E-01   5.0814946E-01   4.8814950E-01   4.7632096E-01   4.7285247E-01
   4.6811909E-01   4.6435638E-01   4.6113865E-01   4.5853128E-01   4.5511282E-01
   4.5196882E-01   4.4866968E-01   4.5052916E-01   4.5506581E-01

   2.8900439E+02   1.8285620E+06   6.6747743E+09   2.3126674E+00   3.1255307E-03   1.9223545E+03   1.0000000E+00    18 
   3.4651455E-05   7.1470365E-06   6.9176962E-06   1.3351283E-03   7.9615724E-02
   8.0536135E-02   1.0718590E-03   1.1478090E-03   4.1494442E-02   5.8426306E-01
   5.9569788E-01   4.1299971E-02   3.9431264E-02   1.0367860E-03   2.1866742E-01
   7.5032367E-01   2.3246701E-01   6.2598969E-03   1.6561494E-01   8.9874725E-01
   1.7852186E-01   2.0263206E-02   3.3000843E-01   7.1564969E-01   2.4071442E-01
   3.9714814E-02   3.7225192E-01   3.1160756E-01   3.0037802E-01   7.5088357E-02
   4.6051970E-01   2.1648079E+00   4.8782298E-01   1.1185190E-01   4.7272611E-01
   2.1087279E+00   4.0361585E-01   1.5228517E-01   5.6781222E-01   1.7507393E+00
   4.9670102E-01   1.9844166E-01   5.8053514E-01   1.4990523E+00   4.9026021E-01
   2.5077123E-01   3.5942038E-01   4.9944730E-01   5.0438911E-01   5.2199362E-01
   5.3032766E-01   5.3313400E-01   5.2549675E-01   5.1460674E-01   5.1539650E-01
   5.1456951E-01   5.1273139E-01   5.1074549E-01   5.0890944E-01   5.0673745E-01
   5.0481225E-01   5.0279931E-01   5.0381384E-01   5.1285460E-01

   2.3028591E+02   3.3465947E+06   1.2204120E+10   2.5283629E+00   2.0307802E-03   1.6561071E+03   1.0000000E+00    19 
   2.2026563E-04   6.4340972E-05   6.1530890E-05   4.3253022E-03   1.7711112E-01
   1.7823723E-01   6.6234126E-03   6.8867440E-03   9.8819444E-02   8.1016879E-01
   8.2087510E-01   1.0364720E-01   9.9758469E-02   4.6924715E-03   3.6624864E-01
   8.3414047E-01   3.7705728E-01   1.5012272E-02   2.5192518E-01   7.9722976E-01
   2.8147723E-01   3.7139183E-02   4.9206658E-01   7.8645589E-01   4.3446843E-01
   6.3247157E-02   5.3251509E-01   3.7985643E-01   4.6431397E-01   1.0497452E-01
   5.9720783E-01   1.7686403E+00   5.9929250E-01   1.4655123E-01   6.4560340E-01
   1.8675805E+00   5.0702863E-01   1.9206222E-01   7.3034655E-01   1.6317818E+00
   6.6127217E-01   2.4354704E-01   7.7617128E-01   1.5275164E+00   6.5388622E-01
   3.0179974E-01   4.2623886E-01   5.2695844E-01   5.4651087E-01   5.6429819E-01
   5.7280448E-01   5.7778464E-01   5.7496554E-01   5.6765678E-01   5.6719790E-01
   5.6944568E-01   5.6985705E-01   5.6952032E-01   5.6886065E-01   5.6780704E-01
   5.6685500E-01   5.6573217E-01   5.6626491E-01   5.7706998E-01

   1.8732298E+02   6.1898284E+06   2.2558788E+10   2.8072781E+00   1.3433996E-03   1.3541399E+03   1.0000000E+00    20 
   1.7151521E-03   6.2824432E-04   6.2840197E-04   1.7339014E-02   4.1097499E-01
   4.1272174E-01   2.6581051E-02   2.4574933E-02   2.3300768E-01   1.0235363E+00
   1.0358600E+00   2.7462827E-01   2.6798032E-01   1.5102649E-02   5.8969179E-01
   8.9790973E-01   7.1941413E-01   3.8141590E-02   3.9467494E-01   7.7188028E-01
   4.6463988E-01   7.5671718E-02   6.9330467E-01   8.6530339E-01   7.7366517E-01
   1.1717250E-01   7.3717955E-01   4.9270402E-01   6.7759743E-01   1.5886279E-01
   7.7678238E-01   1.4044207E+00   7.3342439E-01   2.0532950E-01   8.0649264E-01
   1.6335772E+00   6.5531969E-01   2.5450672E-01   8.8513521E-01   1.4557322E+00
   8.1457050E-01   3.1075997E-01   9.6778406E-01   1.4451012E+00   8.3022999E-01
   3.7590398E-01   5.0645478E-01   5.7325908E-01   6.0077235E-01   6.1319801E-01
   6.2359328E-01   6.2724080E-01   6.2877808E-01   6.2919273E-01   6.2762068E-01
   6.3055365E-01   6.3264303E-01   6.3351862E-01   6.3394045E-01   6.3398244E-01
   6.3383849E-01   6.3334817E-01   6.3449604E-01   6.4566094E-01

   1.5629712E+02   1.1705268E+07   4.2646154E+10   3.1032329E+00   9.8162042E-04   1.0289587E+03   1.0000000E+00    21 
   9.5618215E-03   4.4456719E-03   4.0284117E-03   5.0045794E-02   8.1533599E-01
   8.1885965E-01   5.4045288E-02   5.6783250E-02   4.6940407E-01   1.0176175E+00
   1.0255210E+00   5.7204643E-01   5.0822296E-01   3.1246840E-02   6.8008631E-01
   1.2463267E+00   1.0025648E+00   7.5131844E-02   6.1289259E-01   8.1932331E-01
   7.5239894E-01   1.2728703E-01   8.7170027E-01   1.0141392E+00   1.3047217E+00
   1.8316662E-01   9.6821181E-01   6.4140939E-01   9.1293493E-01   2.2759721E-01
   9.6192618E-01   1.2164356E+00   8.7584056E-01   2.7885369E-01   9.7651181E-01
   1.4565557E+00   8.8648753E-01   3.2998153E-01   9.9194799E-01   1.3027008E+00
   8.8981579E-01   3.8737113E-01   1.1042306E+00   1.3235703E+00   9.9242991E-01
   4.5426051E-01   5.6770983E-01   6.2362561E-01   6.5351304E-01   6.7078040E-01
   6.7744239E-01   6.8219669E-01   6.8678732E-01   6.8909900E-01   6.8986772E-01
   6.9132754E-01   6.9429360E-01   6.9622350E-01   6.9733773E-01   6.9799897E-01
   6.9838135E-01   6.9824863E-01   7.0048817E-01   7.1104662E-01

   1.3525275E+02   2.2100031E+07   8.0502317E+10   3.4279018E+00   7.6665148E-04   7.2792964E+02   1.0000000E+00    22 
   4.3569412E-02   2.3226725E-02   2.2041652E-02   1.1654601E-01   1.4019141E+00
   1.4102563E+00   2.2696255E-01   2.0058910E-01   8.2496673E-01   1.3384245E+00
   1.3357361E+00   9.5034836E-01   8.9201185E-01   1.1845237E-01   9.7915365E-01
   1.5831959E+00   1.2719286E+00   1.6740448E-01   8.3292768E-01   8.8354586E-01
   9.6730048E-01   2.3488450E-01   1.1791032E+00   1.0327115E+00   2.2018459E+00
   3.0840539E-01   1.1999765E+00   7.6471598E-01   1.1874415E+00   3.5222665E-01
   1.1634098E+00   1.1182841E+00   1.1137546E+00   4.0413784E-01   1.0718059E+00
   1.3165280E+00   1.0183365E+00   4.5083055E-01   1.1263696E+00   1.2002209E+00
   9.8054154E-01   5.0454273E-01   1.1780904E+00   1.2251898E+00   1.0595197E+00
   5.6333102E-01   6.5320273E-01   6.9969132E-01   7.2685557E-01   7.4438622E-01
   7.4658769E-01   7.5096438E-01   7.5552296E-01   7.5859362E-01   7.6139417E-01
   7.6291598E-01   7.6514566E-01   7.6717049E-01   7.6847240E-01   7.6928648E-01
   7.6978977E-01   7.6980519E-01   7.7188932E-01   7.8261760E-01

   1.2356812E+02   3.7431773E+07   1.3634361E+11   3.6397230E+00   7.0867343E-04   5.1492786E+02   1.0000000E+00    23 
   8.9246342E-02   6.0387435E-02   5.3094202E-02   1.9864747E-01   1.7664097E+00
   1.7754505E+00   2.8359996E-01   2.7724097E-01   1.1288636E+00   1.4824323E+00
   1.4850458E+00   1.3635560E+00   1.1947221E+00   1.5222308E-01   1.3476907E+00
   1.7151933E+00   2.1075574E+00   2.4300245E-01   9.5741163E-01   9.0297423E-01
   1.1466392E+00   3.4107970E-01   1.5390075E+00   1.0145671E+00   2.3869379E+00
   4.1413247E-01   1.3362468E+00   8.4037567E-01   1.3723201E+00   4.5448939E-01
   1.1204249E+00   1.0947262E+00   1.1410253E+00   5.0127180E-01   1.1311257E+00
   1.2462980E+00   1.0611068E+00   5.4549665E-01   1.1817305E+00   1.1399221E+00
   9.7715127E-01   5.9529600E-01   1.1930247E+00   1.1888632E+00   1.0869283E+00
   6.5299397E-01   7.2888613E-01   7.6098438E-01   7.8145926E-01   7.9927356E-01
   7.9945126E-01   8.0256225E-01   8.0578632E-01   8.0880909E-01   8.1101189E-01
   8.1209084E-01   8.1366519E-01   8.1551984E-01   8.1680611E-01   8.1764443E-01
   8.1817594E-01   8.1825124E-01   8.2031703E-01   8.2920508E-01

   1.1645889E+02   5.9550165E+07   2.1691488E+11   3.7978819E+00   7.3300416E-04   3.6438532E+02   1.0000000E+00    24 
   1.4146133E-01   1.1200971E-01   9.0032818E-02   2.7709430E-01   1.9976257E+00
   2.0112055E+00   4.5084793E-01   3.9181782E-01   1.3419678E+00   1.4366067E+00
   1.4538555E+00   1.6422661E+00   1.3566207E+00   2.2536955E-01   1.4256815E+00
   1.5987109E+00   2.3003170E+00   3.2793854E-01   1.0101978E+00   9.1050878E-01
   1.3000431E+00   4.3117004E-01   1.7197105E+00   1.0060792E+00   2.0071003E+00
   4.9677315E-01   1.4801644E+00   9.1264505E-01   1.4209022E+00   5.3720329E-01
   1.1520144E+00   1.1041279E+00   1.4228384E+00   5.8259457E-01   1.1415268E+00
   1.1826331E+00   1.0536195E+00   6.2516176E-01   1.1730922E+00   1.1044930E+00
   9.8200050E-01   6.6910322E-01   1.1750887E+00   1.1254299E+00   1.0725895E+00
   7.2113458E-01   7.7780131E-01   8.0429913E-01   8.1923812E-01   8.3498225E-01
   8.3703614E-01   8.4090102E-01   8.4451333E-01   8.4786666E-01   8.5032274E-01
   8.5180983E-01   8.5310772E-01   8.5455195E-01   8.5564273E-01   8.5636713E-01
   8.5682773E-01   8.5689871E-01   8.5879958E-01   8.6638408E-01

   1.1191196E+02   9.0839872E+07   3.3092522E+11   3.9319166E+00   8.4393655E-04   2.5864938E+02   1.0000000E+00    25 
   2.1698622E-01   1.6889170E-01   1.4142227E-01   3.4621481E-01   2.1985579E+00
   2.2183578E+00   6.3362109E-01   5.2326662E-01   1.4932201E+00   1.3501145E+00
   1.3796493E+00   1.7627468E+00   1.5180661E+00   3.3698985E-01   1.2234667E+00
   1.5052022E+00   2.1412769E+00   4.1011223E-01   1.0494741E+00   9.3386621E-01
   1.3148315E+00   5.0595998E-01   1.6253186E+00   1.0154655E+00   1.9223830E+00
   5.6845791E-01   1.7209629E+00   9.7542043E-01   1.4002732E+00   6.0196434E-01
   1.1315470E+00   1.1495410E+00   1.5191435E+00   6.4943814E-01   1.1565941E+00
   1.1332136E+00   1.0365920E+00   6.8870845E-01   1.1608294E+00   1.1035426E+00
   1.0074071E+00   7.2918474E-01   1.1507705E+00   1.0960817E+00   1.0523293E+00
   7.7437609E-01   8.1664700E-01   8.3864142E-01   8.5078199E-01   8.6294980E-01
   8.6658532E-01   8.7096974E-01   8.7458637E-01   8.7775652E-01   8.8019048E-01
   8.8183782E-01   8.8315171E-01   8.8432654E-01   8.8525799E-01   8.8588826E-01
   8.8628020E-01   8.8634539E-01   8.8801096E-01   8.9463072E-01

   1.0890312E+02   1.3526760E+08   4.9287427E+11   4.0198827E+00   1.0572270E-03   1.8338929E+02   1.0000000E+00    26 
   2.8374066E-01   2.1192688E-01   1.8898374E-01   4.0346137E-01   2.2394652E+00
   2.2626819E+00   7.4382593E-01   6.5335605E-01   1.5709424E+00   1.1839180E+00
   1.2263212E+00   1.8157032E+00   1.5923561E+00   4.0868098E-01   9.5653901E-01
   1.4223233E+00   1.7787947E+00   4.6317367E-01   1.0629073E+00   9.6265807E-01
   1.2286463E+00   5.5054055E-01   1.4860525E+00   1.0415657E+00   1.9161303E+00
   6.2058802E-01   1.7562890E+00   1.0165276E+00   1.3765523E+00   6.4523193E-01
   1.1340536E+00   1.1806631E+00   1.3921809E+00   6.9159316E-01   1.1505913E+00
   1.0968881E+00   1.0166074E+00   7.3071454E-01   1.1416091E+00   1.1001900E+00
   1.0093207E+00   7.7069011E-01   1.1223760E+00   1.0778596E+00   1.0248314E+00
   8.1051077E-01   8.4359784E-01   8.6184941E-01   8.7264378E-01   8.8263286E-01
   8.8740627E-01   8.9199271E-01   8.9557231E-01   8.9845478E-01   9.0074764E-01
   9.0234775E-01   9.0361682E-01   9.0464086E-01   9.0547067E-01   9.0603823E-01
   9.0638772E-01   9.0645031E-01   9.0791200E-01   9.1383447E-01

   1.0686730E+02   1.9785572E+08   7.2115837E+11   4.0754363E+00   1.3912469E-03   1.3015632E+02   1.0000000E+00    27 
   3.3302755E-01   2.4527368E-01   2.2884936E-01   4.7500029E-01   2.1521689E+00
   2.1712599E+00   8.2760318E-01   7.7075516E-01   1.6221592E+00   1.0197899E+00
   1.0605323E+00   1.8449653E+00   1.5929713E+00   4.3986661E-01   7.8987267E-01
   1.3266436E+00   1.4394982E+00   4.9009249E-01   1.0406898E+00   9.8990759E-01
   1.1279897E+00   5.7517472E-01   1.3771333E+00   1.0722569E+00   1.8032347E+00
   6.5620179E-01   1.6432272E+00   1.0500108E+00   1.3521768E+00   6.7573000E-01
   1.1330576E+00   1.1803563E+00   1.2011491E+00   7.1776379E-01   1.1275025E+00
   1.0703178E+00   9.9241191E-01   7.5846460E-01   1.1142965E+00   1.0816396E+00
   9.9274001E-01   7.9890526E-01   1.0888669E+00   1.0539370E+00   9.9492569E-01
   8.3471852E-01   8.6175607E-01   8.7764181E-01   8.8791726E-01   8.9696438E-01
   9.0247960E-01   9.0712525E-01   9.1071104E-01   9.1344947E-01   9.1564147E-01
   9.1718237E-01   9.1837789E-01   9.1932353E-01   9.2008452E-01   9.2060456E-01
   9.2092388E-01   9.2098362E-01   9.2226519E-01   9.2756715E-01

   1.0545841E+02   2.8652437E+08   1.0448504E+12   4.1113438E+00   1.8930193E-03   9.2249065E+01   1.0000000E+00    28 
   3.6881700E-01   2.7368135E-01   2.6344624E-01   5.5216569E-01   2.0168269E+00
   2.0276249E+00   8.9030971E-01   8.6076676E-01   1.6462261E+00   9.0396089E-01
   9.3854016E-01   1.8305385E+00   1.5458253E+00   4.4628882E-01   7.0616062E-01
   1.2101573E+00   1.2087903E+00   4.9503736E-01   1.0086953E+00   1.0098851E+00
   1.0482694E+00   5.8544928E-01   1.3051457E+00   1.0990324E+00   1.6301800E+00
   6.7695248E-01   1.4760454E+00   1.0682029E+00   1.3027595E+00   6.9828128E-01
   1.1177497E+00   1.1568465E+00   1.0565282E+00   7.3652250E-01   1.1010936E+00
   1.0496660E+00   9.7218951E-01   7.7843716E-01   1.0846588E+00   1.0554297E+00
   9.7376389E-01   8.1931083E-01   1.0553373E+00   1.0271080E+00   9.7052761E-01
   8.5233137E-01   8.7575483E-01   8.9013261E-01   9.0029760E-01   9.0896709E-01
   9.1491671E-01   9.1957766E-01   9.2314454E-01   9.2580960E-01   9.2790866E-01
   9.2939207E-01   9.3051286E-01   9.3139314E-01   9.3208574E-01   9.3255785E-01
   9.3284731E-01   9.3290225E-01   9.3401655E-01   9.3869046E-01

   1.0447983E+02   4.1274620E+08   1.5062157E+12   4.1367293E+00   2.6341765E-03   6.5195373E+01   1.0000000E+00    29 
   3.9772013E-01   3.0190933E-01   2.9830864E-01   6.3484721E-01   1.8891569E+00
   1.8921201E+00   9.3262473E-01   9.2022450E-01   1.6484112E+00   8.4346285E-01
   8.7202627E-01   1.7738677E+00   1.4710320E+00   4.4721542E-01   6.7466922E-01
   1.0977439E+00   1.0570482E+00   4.8810525E-01   9.8293059E-01   1.0234985E+00
   9.9644216E-01   5.8585644E-01   1.2676044E+00   1.1197418E+00   1.4848372E+00
   6.8563891E-01   1.3400177E+00   1.0690324E+00   1.2319380E+00   7.1446938E-01
   1.0998202E+00   1.1226039E+00   9.7552414E-01   7.5213564E-01   1.0775470E+00
   1.0330082E+00   9.5890346E-01   7.9516596E-01   1.0575636E+00   1.0300129E+00
   9.5960129E-01   8.3615949E-01   1.0261505E+00   1.0027190E+00   9.5443058E-01
   8.6712632E-01   8.8860260E-01   9.0213604E-01   9.1223914E-01   9.2061503E-01
   9.2665677E-01   9.3121163E-01   9.3465460E-01   9.3719793E-01   9.3915305E-01
   9.4054173E-01   9.4156976E-01   9.4236828E-01   9.4298079E-01   9.4339773E-01
   9.4365301E-01   9.4370123E-01   9.4465302E-01   9.4866957E-01

   1.0379966E+02   5.9036349E+08   2.1565909E+12   4.1586923E+00   3.6892749E-03   4.6131403E+01   1.0000000E+00    30 
   4.2595472E-01   3.3542452E-01   3.3961580E-01   7.3878319E-01   1.7900482E+00
   1.7881332E+00   9.6470872E-01   9.5985455E-01   1.6322378E+00   8.3196862E-01
   8.5743227E-01   1.6926071E+00   1.3869551E+00   4.5376674E-01   6.7303436E-01
   1.0172543E+00   9.6094370E-01   4.8046062E-01   9.7154516E-01   1.0304226E+00
   9.6567599E-01   5.8450009E-01   1.2545281E+00   1.1322784E+00   1.3762691E+00
   6.8968213E-01   1.2439086E+00   1.0609037E+00   1.1670536E+00   7.2819664E-01
   1.0830147E+00   1.0858085E+00   9.3545839E-01   7.6771280E-01   1.0574272E+00
   1.0182686E+00   9.5124928E-01   8.1193099E-01   1.0345762E+00   1.0089352E+00
   9.5126047E-01   8.5245350E-01   1.0034283E+00   9.8405674E-01   9.4620105E-01
   8.8153625E-01   9.0180552E-01   9.1477700E-01   9.2461423E-01   9.3253833E-01
   9.3832170E-01   9.4258546E-01   9.4576021E-01   9.4808483E-01   9.4983196E-01
   9.5107819E-01   9.5198817E-01   9.5268604E-01   9.5320996E-01   9.5356603E-01
   9.5378355E-01   9.5382396E-01   9.5461595E-01   9.5796228E-01

   1.0333957E+02   8.2381018E+08   3.0138127E+12   4.1647579E+00   5.2095990E-03   3.3303524E+01   1.0000000E+00    31 
   4.3783057E-01   3.6062492E-01   3.6854138E-01   8.2655902E-01   1.6908246E+00
   1.6877181E+00   9.6164002E-01   9.5830570E-01   1.5777283E+00   8.2932316E-01
   8.5246998E-01   1.5802961E+00   1.2910012E+00   4.5242729E-01   6.8192701E-01
   9.6335759E-01   8.7463808E-01   4.6570590E-01   9.6641938E-01   1.0214600E+00
   9.3597659E-01   5.7540131E-01   1.2436953E+00   1.1281512E+00   1.2770360E+00
   6.8526282E-01   1.1682996E+00   1.0413502E+00   1.1090664E+00   7.3453934E-01
   1.0619456E+00   1.0468941E+00   9.1045434E-01   7.7786588E-01   1.0376366E+00
   1.0025116E+00   9.4329089E-01   8.2400681E-01   1.0141264E+00   9.9083755E-01
   9.4423679E-01   8.6428922E-01   9.8591373E-01   9.6991280E-01   9.4106098E-01
   8.9219700E-01   9.1199454E-01   9.2475430E-01   9.3438068E-01   9.4191823E-01
   9.4738531E-01   9.5135763E-01   9.5427283E-01   9.5639176E-01   9.5795480E-01
   9.5907472E-01   9.5988429E-01   9.6049826E-01   9.6095109E-01   9.6125808E-01
   9.6144517E-01   9.6147913E-01   9.6214598E-01   9.6495704E-01

   1.0311115E+02   1.1831487E+09   4.3404685E+12   4.1308309E+00   8.0727742E-03   2.3225478E+01   1.0000000E+00    32 
   3.9934331E-01   3.4471638E-01   3.5050962E-01   8.4016050E-01   1.5383716E+00
   1.5360777E+00   8.8548889E-01   8.8528021E-01   1.4796938E+00   7.9890031E-01
   8.1616777E-01   1.4196048E+00   1.1642182E+00   4.2968454E-01   6.8020710E-01
   8.9803891E-01   7.8312943E-01   4.3649516E-01   9.5349136E-01   9.9268082E-01
   9.0207547E-01   5.5257286E-01   1.2150011E+00   1.1078059E+00   1.1810425E+00
   6.6888541E-01   1.0953358E+00   9.9811557E-01   1.0285157E+00   7.2922968E-01
   1.0283412E+00   1.0029221E+00   8.8764723E-01   7.7976010E-01   1.0114471E+00
   9.8060441E-01   9.2920457E-01   8.2982874E-01   9.9086598E-01   9.7113168E-01
   9.3413545E-01   8.7110873E-01   9.6971018E-01   9.5725270E-01   9.3559923E-01
   8.9911994E-01   9.1908228E-01   9.3207657E-01   9.4166517E-01   9.4894958E-01
   9.5416618E-01   9.5790880E-01   9.6061650E-01   9.6257048E-01   9.6398927E-01
   9.6500897E-01   9.6574073E-01   9.6628896E-01   9.6668664E-01   9.6695545E-01
   9.6711868E-01   9.6714719E-01   9.6771448E-01   9.7010002E-01

   1.0303449E+02   1.6740195E+09   6.1655873E+12   4.1001680E+00   1.2138109E-02   1.6373496E+01   1.0000000E+00    33 
   3.6319524E-01   3.2534025E-01   3.3231587E-01   8.5098205E-01   1.4230486E+00
   1.4207454E+00   8.3535618E-01   8.3681785E-01   1.4149310E+00   7.8832636E-01
   8.0192182E-01   1.3039457E+00   1.0744424E+00   4.2001527E-01   6.7876014E-01
   8.5752175E-01   7.4124563E-01   4.2273810E-01   9.4580880E-01   9.7317341E-01
   8.8156074E-01   5.4434473E-01   1.1918856E+00   1.0937683E+00   1.1244924E+00
   6.6627185E-01   1.0486016E+00   9.6572969E-01   9.6808117E-01   7.3279146E-01
   9.9873205E-01   9.7140008E-01   8.7737262E-01   7.8844477E-01   9.8831493E-01
   9.6237796E-01   9.1981753E-01   8.4071806E-01   9.7395071E-01   9.5838793E-01
   9.2984537E-01   8.8180554E-01   9.6121329E-01   9.5205717E-01   9.3605298E-01
   9.0924041E-01   9.2850759E-01   9.4108251E-01   9.5013024E-01   9.5681851E-01
   9.6154385E-01   9.6489638E-01   9.6729453E-01   9.6901420E-01   9.7025162E-01
   9.7114061E-01   9.7177625E-01   9.7224768E-01   9.7258612E-01   9.7281418E-01
   9.7295175E-01   9.7297460E-01   9.7343812E-01   9.7539082E-01

   1.0299255E+02   2.3010824E+09   8.5204921E+12   4.0740833E+00   1.7634078E-02   1.1856899E+01   1.0000000E+00    34 
   3.3492016E-01   3.1000121E-01   3.1783423E-01   8.7119421E-01   1.3253731E+00
   1.3230790E+00   8.0039748E-01   8.0174803E-01   1.3560374E+00   7.8985239E-01
   8.0113912E-01   1.2069016E+00   1.0013320E+00   4.1854614E-01   6.8164452E-01
   8.3476664E-01   7.1219715E-01   4.1659560E-01   9.4153929E-01   9.5764043E-01
   8.6095220E-01   5.4298345E-01   1.1712377E+00   1.0788332E+00   1.0759787E+00
   6.6941929E-01   1.0120865E+00   9.4072861E-01   9.2466342E-01   7.3996990E-01
   9.7433404E-01   9.4844133E-01   8.7259551E-01   7.9957028E-01   9.7066203E-01
   9.4950090E-01   9.1500156E-01   8.5284488E-01   9.6346459E-01   9.5153018E-01
   9.2963184E-01   8.9307939E-01   9.5791383E-01   9.5128466E-01   9.3939685E-01
   9.1953440E-01   9.3777624E-01   9.4962111E-01   9.5795109E-01   9.6396675E-01
   9.6816550E-01   9.7111662E-01   9.7320894E-01   9.7470151E-01   9.7576902E-01
   9.7653530E-01   9.7708193E-01   9.7748415E-01   9.7777078E-01   9.7796322E-01
   9.7807830E-01   9.7809628E-01   9.7846927E-01   9.8004529E-01

   1.0296080E+02   3.2591742E+09   1.2172607E+13   4.0502574E+00   2.6538812E-02   8.3038406E+00   1.0000000E+00    35 
   3.1272704E-01   2.9839753E-01   3.0581877E-01   9.0608513E-01   1.2321232E+00
   1.2301828E+00   7.7604738E-01   7.7673099E-01   1.2851261E+00   8.0338733E-01
   8.1318589E-01   1.1116469E+00   9.3638855E-01   4.2772324E-01   6.9268591E-01
   8.2549403E-01   6.8837504E-01   4.1826116E-01   9.3931550E-01   9.4253342E-01
   8.3487260E-01   5.4914080E-01   1.1453248E+00   1.0574195E+00   1.0231034E+00
   6.7910723E-01   9.7918870E-01   9.1965434E-01   8.9058372E-01   7.5251349E-01
   9.5326422E-01   9.3075734E-01   8.7244984E-01   8.1523769E-01   9.5685204E-01
   9.4076881E-01   9.1426999E-01   8.6819212E-01   9.5748909E-01   9.4899656E-01
   9.3299301E-01   9.0660131E-01   9.5828244E-01   9.5382544E-01   9.4538945E-01
   9.3137942E-01   9.4807818E-01   9.5880791E-01   9.6617903E-01   9.7137802E-01
   9.7496217E-01   9.7745862E-01   9.7921431E-01   9.8046056E-01   9.8134754E-01
   9.8198364E-01   9.8243662E-01   9.8276749E-01   9.8300174E-01   9.8315824E-01
   9.8325065E-01   9.8326383E-01   9.8354631E-01   9.8474586E-01

   1.0292345E+02   4.5496306E+09   1.7206312E+13   4.0269935E+00   3.9570644E-02   5.8782133E+00   1.0000000E+00    36 
   2.9351231E-01   2.8696705E-01   2.9199385E-01   9.4334985E-01   1.1323273E+00
   1.1314603E+00   7.5951784E-01   7.5981526E-01   1.1721516E+00   8.2431254E-01
   8.3271324E-01   1.0193660E+00   8.8784136E-01   4.6101031E-01   7.1638238E-01
   8.2526346E-01   6.6989229E-01   4.3463988E-01   9.3205993E-01   9.2277169E-01
   8.0248184E-01   5.6629683E-01   1.1022705E+00   1.0221824E+00   9.6439626E-01
   6.9464225E-01   9.4936966E-01   9.0129331E-01   8.6506851E-01   7.6878542E-01
   9.3842114E-01   9.2035671E-01   8.7680594E-01   8.3336796E-01   9.4834901E-01
   9.3686273E-01   9.1703838E-01   8.8428289E-01   9.5556550E-01   9.4987736E-01
   9.3839233E-01   9.1995220E-01   9.6090260E-01   9.5807937E-01   9.5216857E-01
   9.4255918E-01   9.5746757E-01   9.6694344E-01   9.7332063E-01   9.7772378E-01
   9.8072884E-01   9.8280775E-01   9.8426123E-01   9.8528905E-01   9.8601803E-01
   9.8654054E-01   9.8691225E-01   9.8718206E-01   9.8737197E-01   9.8749813E-01
   9.8757147E-01   9.8758072E-01   9.8778805E-01   9.8867442E-01

   1.0287946E+02   6.3190016E+09   2.4301188E+13   4.0169257E+00   5.7221345E-02   4.1651427E+00   1.0000000E+00    37 
   2.8566181E-01   2.8259048E-01   2.8568884E-01   9.4784930E-01   1.0388569E+00
   1.0386378E+00   7.6925626E-01   7.6937664E-01   1.0540684E+00   8.4399230E-01
   8.5103566E-01   9.5752731E-01   8.7435086E-01   5.4243203E-01   7.4644637E-01
   8.2954601E-01   6.7115426E-01   4.8241176E-01   9.1469442E-01   8.9946462E-01
   7.8424295E-01   6.0759318E-01   1.0416385E+00   9.7997200E-01   9.1822651E-01
   7.2564755E-01   9.2691732E-01   8.9119746E-01   8.5683420E-01   7.9610063E-01
   9.3140797E-01   9.1841652E-01   8.8797463E-01   8.5806253E-01   9.4631299E-01
   9.3908464E-01   9.2534266E-01   9.0393445E-01   9.5814361E-01   9.5478193E-01
   9.4702884E-01   9.3507946E-01   9.6614615E-01   9.6456681E-01   9.6063964E-01
   9.5447502E-01   9.6698591E-01   9.7486276E-01   9.8007419E-01   9.8361061E-01
   9.8600594E-01   9.8765561E-01   9.8880451E-01   9.8961468E-01   9.9018804E-01
   9.9059865E-01   9.9089070E-01   9.9110163E-01   9.9124940E-01   9.9134691E-01
   9.9140259E-01   9.9140847E-01   9.9155010E-01   9.9216139E-01

   1.0282819E+02   8.7575351E+09   3.4304587E+13   4.0320141E+00   7.6959298E-02   2.9531994E+00   1.0000000E+00    38 
   2.9275284E-01   2.9099201E-01   2.9290582E-01   9.0797036E-01   9.5531608E-01
   9.5496765E-01   7.9242197E-01   7.9243929E-01   9.6599227E-01   8.5658166E-01
   8.6240489E-01   9.3681151E-01   8.9434840E-01   6.7363717E-01   7.6649487E-01
   8.3319466E-01   6.9316895E-01   5.6935354E-01   8.8985346E-01   8.7926902E-01
   7.8872695E-01   6.7578960E-01   9.7872507E-01   9.4328126E-01   8.9465175E-01
   7.7246194E-01   9.1450912E-01   8.9207086E-01   8.6700899E-01   8.3397619E-01
   9.3308984E-01   9.2512846E-01   9.0589010E-01   8.8794840E-01   9.5115826E-01
   9.4733876E-01   9.3885676E-01   9.2609140E-01   9.6476921E-01   9.6307140E-01
   9.5830521E-01   9.5115411E-01   9.7329707E-01   9.7255188E-01   9.7015092E-01
   9.6647105E-01   9.7615113E-01   9.8220328E-01   9.8616228E-01   9.8881573E-01
   9.9060234E-01   9.9182871E-01   9.9268004E-01   9.9327910E-01   9.9370249E-01
   9.9400536E-01   9.9422086E-01   9.9437598E-01   9.9448425E-01   9.9455522E-01
   9.9459492E-01   9.9459816E-01   9.9468591E-01   9.9507008E-01

   1.0276873E+02   1.2207011E+10   4.8428475E+13   4.0821261E+00   9.0816268E-02   2.0941743E+00   1.0000000E+00    39 
   3.1096380E-01   3.0988840E-01   3.1104860E-01   8.6798781E-01   8.9753092E-01
   8.9682074E-01   8.1161859E-01   8.1171633E-01   9.1658112E-01   8.8026466E-01
   8.8517869E-01   9.5300452E-01   9.3901132E-01   8.1437221E-01   7.8519934E-01
   8.4574870E-01   7.4347647E-01   6.8653888E-01   8.7793510E-01   8.7856606E-01
   8.2016345E-01   7.6320185E-01   9.4134360E-01   9.2836516E-01   8.9800137E-01
   8.3013804E-01   9.1708971E-01   9.0598388E-01   8.9202261E-01   8.7799661E-01
   9.4392037E-01   9.3997645E-01   9.2902956E-01   9.1963052E-01   9.6145615E-01
   9.5978993E-01   9.5505455E-01   9.4810265E-01   9.7370749E-01   9.7298885E-01
   9.7028590E-01   9.6631369E-01   9.8097401E-01   9.8069527E-01   9.7933159E-01
   9.7728382E-01   9.8412898E-01   9.8839100E-01   9.9115671E-01   9.9299553E-01
   9.9422667E-01   9.9506988E-01   9.9565379E-01   9.9606409E-01   9.9635399E-01
   9.9656121E-01   9.9670883E-01   9.9681492E-01   9.9688879E-01   9.9693692E-01
   9.9696329E-01   9.9696472E-01   9.9701303E-01   9.9722961E-01

   1.0270049E+02   1.7222572E+10   6.8401838E+13   4.1734515E+00   9.2048443E-02   1.4846026E+00   1.0000000E+00    40 
   3.4037585E-01   3.3969990E-01   3.4041191E-01   8.5269394E-01   8.6972879E-01
   8.6883093E-01   8.2967063E-01   8.2982739E-01   9.0690640E-01   9.2137348E-01
   9.2529517E-01   9.8374651E-01   9.8380578E-01   9.1952839E-01   8.2104008E-01
   8.7606979E-01   8.1863107E-01   8.0942646E-01   8.9242242E-01   9.0191400E-01
   8.7154358E-01   8.5197748E-01   9.3857229E-01   9.3675706E-01   9.2051291E-01
   8.8774824E-01   9.3345588E-01   9.2924418E-01   9.2345844E-01   9.1989967E-01
   9.5961895E-01   9.5800087E-01   9.5225453E-01   9.4786357E-01   9.7320905E-01
   9.7262119E-01   9.7014872E-01   9.6668973E-01   9.8238164E-01   9.8214901E-01
   9.8070728E-01   9.7866532E-01   9.8767045E-01   9.8760978E-01   9.8687839E-01
   9.8582234E-01   9.9025679E-01   9.9301093E-01   9.9478555E-01   9.9596050E-01
   9.9674370E-01   9.9727953E-01   9.9765010E-01   9.9791044E-01   9.9809453E-01
   9.9822616E-01   9.9832012E-01   9.9838763E-01   9.9843459E-01   9.9846505E-01
   9.9848140E-01   9.9848182E-01   9.9850518E-01   9.9861423E-01

   1.0262342E+02   2.4538420E+10   9.6467906E+13   4.3089426E+00   8.0926396E-02   1.0542925E+00   1.0000000E+00    41 
   3.8427862E-01   3.8385338E-01   3.8428723E-01   8.5528529E-01   8.6433589E-01
   8.6338144E-01   8.4917299E-01   8.4928535E-01   9.2384574E-01   9.6224697E-01
   9.6507781E-01   1.0033958E+00   1.0082887E+00   9.7533468E-01   8.7207092E-01
   9.1791254E-01   8.9797124E-01   9.1074694E-01   9.2410431E-01   9.3682981E-01
   9.2489543E-01   9.2321479E-01   9.5423501E-01   9.5591741E-01   9.4813772E-01
   9.3467995E-01   9.5477456E-01   9.5368193E-01   9.5218462E-01   9.5281927E-01
   9.7461036E-01   9.7401586E-01   9.7117512E-01   9.6935647E-01   9.8335277E-01
   9.8322674E-01   9.8200913E-01   9.8044253E-01   9.8929169E-01   9.8926063E-01
   9.8853671E-01   9.8757113E-01   9.9268496E-01   9.9270445E-01   9.9233291E-01
   9.9183016E-01   9.9445848E-01   9.9609291E-01   9.9714163E-01   9.9783501E-01
   9.9829652E-01   9.9861238E-01   9.9883074E-01   9.9898437E-01   9.9909319E-01
   9.9917108E-01   9.9922683E-01   9.9926693E-01   9.9929484E-01   9.9931288E-01
   9.9932239E-01   9.9932236E-01   9.9933214E-01   9.9938115E-01

   1.0254756E+02   3.3726385E+10   1.3061232E+14   4.4695166E+00   6.4736449E-02   7.7989620E-01   1.0000000E+00    42 
   4.3833553E-01   4.3806229E-01   4.3833030E-01   8.6634526E-01   8.7203358E-01
   8.7101337E-01   8.6748821E-01   8.6757263E-01   9.4559992E-01   9.8550205E-01
   9.8759837E-01   1.0067084E+00   1.0127540E+00   9.9373726E-01   9.1882786E-01
   9.5365193E-01   9.5311816E-01   9.6821230E-01   9.5392824E-01   9.6570532E-01
   9.6233169E-01   9.6570201E-01   9.7108413E-01   9.7326723E-01   9.6969215E-01
   9.6476108E-01   9.7182771E-01   9.7178489E-01   9.7181906E-01   9.7342168E-01
   9.8495755E-01   9.8471047E-01   9.8327447E-01   9.8257637E-01   9.9007963E-01
   9.9010925E-01   9.8949460E-01   9.8879656E-01   9.9365692E-01   9.9368789E-01
   9.9331974E-01   9.9286777E-01   9.9572588E-01   9.9576286E-01   9.9556995E-01
   9.9533121E-01   9.9685562E-01   9.9780921E-01   9.9842135E-01   9.9882644E-01
   9.9909642E-01   9.9928151E-01   9.9940953E-01   9.9949983E-01   9.9956394E-01
   9.9960988E-01   9.9964287E-01   9.9966663E-01   9.9968318E-01   9.9969387E-01
   9.9969944E-01   9.9969928E-01   9.9970316E-01   9.9972493E-01

   1.0247369E+02   4.4880240E+10   1.7125313E+14   4.6495378E+00   4.8979886E-02   5.9573726E-01   1.0000000E+00    43 
   5.0138149E-01   5.0120574E-01   5.0136959E-01   8.8255398E-01   8.8689990E-01
   8.8582558E-01   8.8628825E-01   8.8636618E-01   9.6331588E-01   9.9562171E-01
   9.9735011E-01   1.0038514E+00   1.0096128E+00   9.9775527E-01   9.5408077E-01
   9.7820288E-01   9.8400748E-01   9.9467160E-01   9.7549889E-01   9.8470061E-01
   9.8452636E-01   9.8814730E-01   9.8352458E-01   9.8539385E-01   9.8384960E-01
   9.8242581E-01   9.8340568E-01   9.8363321E-01   9.8402433E-01   9.8554915E-01
   9.9139051E-01   9.9125155E-01   9.9051375E-01   9.9029182E-01   9.9420599E-01
   9.9427901E-01   9.9396152E-01   9.9366211E-01   9.9626705E-01   9.9631229E-01
   9.9612540E-01   9.9592123E-01   9.9750143E-01   9.9753696E-01   9.9743522E-01
   9.9732386E-01   9.9820140E-01   9.9875614E-01   9.9911350E-01   9.9935058E-01
   9.9950908E-01   9.9961799E-01   9.9969343E-01   9.9974682E-01   9.9978481E-01
   9.9981208E-01   9.9983172E-01   9.9984588E-01   9.9985576E-01   9.9986215E-01
   9.9986544E-01   9.9986529E-01   9.9986670E-01   9.9987633E-01

   1.0239913E+02   5.8691481E+10   2.2107639E+14   4.8537518E+00   3.5379785E-02   4.6220706E-01   1.0000000E+00    44 
   5.7374748E-01   5.7363843E-01   5.7373329E-01   9.0250172E-01   9.0619326E-01
   9.0511756E-01   9.0674246E-01   9.0681849E-01   9.7686631E-01   9.9986835E-01
   1.0014133E+00   1.0011607E+00   1.0059972E+00   9.9828898E-01   9.7823770E-01
   9.9331325E-01   9.9919573E-01   1.0052810E+00   9.8934658E-01   9.9574777E-01
   9.9642666E-01   9.9902661E-01   9.9160057E-01   9.9296964E-01   9.9238794E-01
   9.9228452E-01   9.9083500E-01   9.9105002E-01   9.9138636E-01   9.9257916E-01
   9.9528626E-01   9.9517804E-01   9.9480875E-01   9.9478280E-01   9.9670467E-01
   9.9678161E-01   9.9662050E-01   9.9650883E-01   9.9783683E-01   9.9788051E-01
   9.9779068E-01   9.9770988E-01   9.9855673E-01   9.9858604E-01   9.9853352E-01
   9.9848585E-01   9.9898027E-01   9.9929767E-01   9.9950326E-01   9.9964020E-01
   9.9973217E-01   9.9979553E-01   9.9983953E-01   9.9987080E-01   9.9989310E-01
   9.9990913E-01   9.9992071E-01   9.9992908E-01   9.9993492E-01   9.9993869E-01
   9.9994063E-01   9.9994051E-01   9.9994090E-01   9.9994501E-01

   1.0232234E+02   7.6097616E+10   2.8366900E+14   5.0864571E+00   2.4517376E-02   3.6080620E-01   1.0000000E+00    45 
   6.5331537E-01   6.5325152E-01   6.5330274E-01   9.2433130E-01   9.2754773E-01
   9.2654215E-01   9.2822045E-01   9.2829709E-01   9.8743609E-01   1.0023076E+00
   1.0036879E+00   1.0006284E+00   1.0043021E+00   9.9891501E-01   9.9320426E-01
   1.0015776E+00   1.0055130E+00   1.0085115E+00   9.9721622E-01   1.0012142E+00
   1.0018799E+00   1.0034135E+00   9.9641025E-01   9.9728096E-01   9.9711073E-01
   9.9737505E-01   9.9537589E-01   9.9549006E-01   9.9567609E-01   9.9651581E-01
   9.9757624E-01   9.9747704E-01   9.9730667E-01   9.9734976E-01   9.9819293E-01
   9.9826018E-01   9.9818375E-01   9.9815785E-01   9.9877901E-01   9.9881571E-01
   9.9877797E-01   9.9875729E-01   9.9918721E-01   9.9920968E-01   9.9918427E-01
   9.9916801E-01   9.9943611E-01   9.9961197E-01   9.9972676E-01   9.9980369E-01
   9.9985568E-01   9.9989161E-01   9.9991665E-01   9.9993453E-01   9.9994732E-01
   9.9995652E-01   9.9996320E-01   9.9996801E-01   9.9997138E-01   9.9997356E-01
   9.9997467E-01   9.9997458E-01   9.9997459E-01   9.9997623E-01

   1.0224233E+02   9.8392529E+10   3.6389853E+14   5.3518948E+00   1.6356376E-02   2.8173224E-01   1.0000000E+00    46 
   7.3528824E-01   7.3525188E-01   7.3528164E-01   9.4601763E-01   9.4880902E-01
   9.4795067E-01   9.4931360E-01   9.4940020E-01   9.9570999E-01   1.0044204E+00
   1.0055929E+00   1.0020843E+00   1.0045349E+00   1.0003654E+00   1.0013485E+00
   1.0053748E+00   1.0073587E+00   1.0085879E+00   1.0010594E+00   1.0032442E+00
   1.0036885E+00   1.0044507E+00   9.9903622E-01   9.9950570E-01   9.9947496E-01
   9.9973851E-01   9.9801801E-01   9.9803003E-01   9.9809475E-01   9.9862175E-01
   9.9889014E-01   9.9879284E-01   9.9872487E-01   9.9877994E-01   9.9906835E-01
   9.9912157E-01   9.9909027E-01   9.9909845E-01   9.9934318E-01   9.9937117E-01
   9.9935995E-01   9.9936578E-01   9.9956369E-01   9.9957981E-01   9.9956908E-01
   9.9956716E-01   9.9970304E-01   9.9979500E-01   9.9985573E-01   9.9989683E-01
   9.9992486E-01   9.9994431E-01   9.9995794E-01   9.9996772E-01   9.9997473E-01
   9.9997979E-01   9.9998347E-01   9.9998612E-01   9.9998797E-01   9.9998917E-01
   9.9998978E-01   9.9998972E-01   9.9998962E-01   9.9999019E-01

   1.0215847E+02   1.2736109E+11   4.6839809E+14   5.6536814E+00   1.0560797E-02   2.1925969E-01   1.0000000E+00    47 
   8.1205752E-01   8.1203316E-01   8.1206236E-01   9.6538247E-01   9.6779109E-01
   9.6714483E-01   9.6808354E-01   9.6819216E-01   1.0015324E+00   1.0060543E+00
   1.0069812E+00   1.0041831E+00   1.0055025E+00   1.0020838E+00   1.0048382E+00
   1.0063978E+00   1.0070574E+00   1.0073808E+00   1.0024834E+00   1.0034292E+00
   1.0036650E+00   1.0039696E+00   1.0002463E+00   1.0004619E+00   1.0004632E+00
   1.0006325E+00   9.9942978E-01   9.9937635E-01   9.9937595E-01   9.9965987E-01
   9.9961606E-01   9.9951867E-01   9.9949476E-01   9.9953780E-01   9.9957040E-01
   9.9960861E-01   9.9959967E-01   9.9961528E-01   9.9967493E-01   9.9969424E-01
   9.9969477E-01   9.9970897E-01   9.9978419E-01   9.9979484E-01   9.9979152E-01
   9.9979480E-01   9.9985608E-01   9.9989970E-01   9.9992908E-01   9.9994931E-01
   9.9996330E-01   9.9997307E-01   9.9997996E-01   9.9998493E-01   9.9998851E-01
   9.9999109E-01   9.9999298E-01   9.9999433E-01   9.9999528E-01   9.9999589E-01
   9.9999619E-01   9.9999616E-01   9.9999606E-01   9.9999620E-01

   1.0207031E+02   1.6557710E+11   6.0665428E+14   5.9947117E+00   6.6687738E-03   1.6959821E-01   1.0000000E+00    48 
   8.7576347E-01   8.7574203E-01   8.7578504E-01   9.8060788E-01   9.8267718E-01
   9.8226761E-01   9.8272379E-01   9.8285583E-01   1.0046876E+00   1.0066724E+00
   1.0073380E+00   1.0055829E+00   1.0060464E+00   1.0033877E+00   1.0054460E+00
   1.0058067E+00   1.0057618E+00   1.0056947E+00   1.0025706E+00   1.0028038E+00
   1.0028888E+00   1.0029692E+00   1.0006389E+00   1.0007141E+00   1.0007138E+00
   1.0008001E+00   1.0000666E+00   9.9999016E-01   9.9996597E-01   1.0000912E+00
   9.9998049E-01   9.9988777E-01   9.9987573E-01   9.9990006E-01   9.9984172E-01
   9.9986577E-01   9.9986593E-01   9.9987708E-01   9.9986066E-01   9.9987247E-01
   9.9987653E-01   9.9988992E-01   9.9990710E-01   9.9991343E-01   9.9991317E-01
   9.9991705E-01   9.9993926E-01   9.9995676E-01   9.9996901E-01   9.9997772E-01
   9.9998389E-01   9.9998825E-01   9.9999135E-01   9.9999361E-01   9.9999524E-01
   9.9999642E-01   9.9999728E-01   9.9999790E-01   9.9999832E-01   9.9999860E-01
   9.9999874E-01   9.9999872E-01   9.9999865E-01   9.9999864E-01

   1.0197771E+02   2.1675813E+11   7.9229842E+14   6.3764186E+00   4.1958182E-03   1.3010766E-01   1.0000000E+00    49 
   9.2227122E-01   9.2225274E-01   9.2230934E-01   9.9090077E-01   9.9258238E-01
   9.9238191E-01   9.9238164E-01   9.9251714E-01   1.0054664E+00   1.0061056E+00
   1.0065173E+00   1.0056280E+00   1.0056315E+00   1.0038889E+00   1.0045547E+00
   1.0044361E+00   1.0041404E+00   1.0039694E+00   1.0020732E+00   1.0019819E+00
   1.0019780E+00   1.0019722E+00   1.0006632E+00   1.0006546E+00   1.0006425E+00
   1.0006760E+00   1.0002682E+00   1.0001961E+00   1.0001691E+00   1.0002105E+00
   1.0001190E+00   1.0000440E+00   1.0000334E+00   1.0000425E+00   9.9997126E-01
   9.9998399E-01   9.9998628E-01   9.9999144E-01   9.9995553E-01   9.9996173E-01
   9.9996551E-01   9.9997473E-01   9.9996974E-01   9.9997302E-01   9.9997348E-01
   9.9997624E-01   9.9998046E-01   9.9998530E-01   9.9998908E-01   9.9999200E-01
   9.9999417E-01   9.9999574E-01   9.9999688E-01   9.9999772E-01   9.9999833E-01
   9.9999878E-01   9.9999911E-01   9.9999934E-01   9.9999950E-01   9.9999960E-01
   9.9999965E-01   9.9999964E-01   9.9999960E-01   9.9999957E-01

   1.0188086E+02   2.8597231E+11   1.0438498E+15   6.7995322E+00   2.6901065E-03   9.8953532E-02   1.0000000E+00    50 
   9.5314060E-01   9.5311939E-01   9.5318633E-01   9.9690336E-01   9.9811400E-01
   9.9806204E-01   9.9777032E-01   9.9788613E-01   1.0048759E+00   1.0048679E+00
   1.0050940E+00   1.0048308E+00   1.0046210E+00   1.0036741E+00   1.0032093E+00
   1.0029563E+00   1.0026892E+00   1.0025535E+00   1.0014602E+00   1.0012822E+00
   1.0012465E+00   1.0012214E+00   1.0005477E+00   1.0005029E+00   1.0004857E+00
   1.0004926E+00   1.0002786E+00   1.0002194E+00   1.0001970E+00   1.0002026E+00
   1.0001388E+00   1.0000880E+00   1.0000789E+00   1.0000795E+00   1.0000209E+00
   1.0000263E+00   1.0000282E+00   1.0000301E+00   9.9999766E-01   1.0000003E+00
   1.0000027E+00   1.0000079E+00   9.9999741E-01   9.9999882E-01   9.9999918E-01
   1.0000008E+00   9.9999826E-01   9.9999788E-01   9.9999804E-01   9.9999839E-01
   9.9999875E-01   9.9999906E-01   9.9999930E-01   9.9999948E-01   9.9999962E-01
   9.9999972E-01   9.9999980E-01   9.9999986E-01   9.9999990E-01   9.9999992E-01
   9.9999993E-01   9.9999993E-01   9.9999992E-01   9.9999989E-01

   1.0178030E+02   3.7882418E+11   1.3817440E+15   7.2649271E+00   1.7890884E-03   7.4914494E-02   1.0000000E+00    51 
   9.7297876E-01   9.7294175E-01   9.7302000E-01   9.9980210E-01   1.0005463E+00
   1.0005864E+00   1.0002221E+00   1.0003129E+00   1.0037246E+00   1.0034769E+00
   1.0035968E+00   1.0036775E+00   1.0033812E+00   1.0029149E+00   1.0020162E+00
   1.0017711E+00   1.0016180E+00   1.0015455E+00   1.0009367E+00   1.0007795E+00
   1.0007453E+00   1.0007240E+00   1.0003838E+00   1.0003415E+00   1.0003282E+00
   1.0003260E+00   1.0002232E+00   1.0001751E+00   1.0001577E+00   1.0001523E+00
   1.0001108E+00   1.0000801E+00   1.0000735E+00   1.0000710E+00   1.0000301E+00
   1.0000316E+00   1.0000326E+00   1.0000336E+00   1.0000108E+00   1.0000117E+00
   1.0000129E+00   1.0000154E+00   1.0000061E+00   1.0000065E+00   1.0000067E+00
   1.0000076E+00   1.0000038E+00   1.0000020E+00   1.0000011E+00   1.0000006E+00
   1.0000003E+00   1.0000002E+00   1.0000001E+00   1.0000001E+00   1.0000000E+00
   1.0000000E+00   1.0000000E+00   1.0000000E+00   1.0000000E+00   1.0000000E+00
   1.0000000E+00   1.0000000E+00   1.0000000E+00   9.9999998E-01

   1.0167649E+02   5.0068745E+11   1.8255239E+15   7.7749293E+00   1.2453463E-03   5.6827558E-02   1.0000000E+00    52 
   9.8479148E-01   9.8473479E-01   9.8482261E-01   1.0007147E+00   1.0011305E+00
   1.0012154E+00   1.0009039E+00   1.0009779E+00   1.0025689E+00   1.0023023E+00
   1.0023590E+00   1.0025568E+00   1.0022527E+00   1.0020121E+00   1.0011802E+00
   1.0010008E+00   1.0009312E+00   1.0009002E+00   1.0005596E+00   1.0004525E+00
   1.0004297E+00   1.0004161E+00   1.0002377E+00   1.0002099E+00   1.0002024E+00
   1.0001987E+00   1.0001536E+00   1.0001170E+00   1.0001046E+00   1.0000985E+00
   1.0000725E+00   1.0000558E+00   1.0000517E+00   1.0000491E+00   1.0000236E+00
   1.0000237E+00   1.0000241E+00   1.0000247E+00   1.0000109E+00   1.0000111E+00
   1.0000116E+00   1.0000127E+00   1.0000064E+00   1.0000064E+00   1.0000065E+00
   1.0000070E+00   1.0000040E+00   1.0000024E+00   1.0000014E+00   1.0000009E+00
   1.0000006E+00   1.0000004E+00   1.0000003E+00   1.0000002E+00   1.0000001E+00
   1.0000001E+00   1.0000000E+00   1.0000000E+00   1.0000000E+00   1.0000000E+00
   1.0000000E+00   1.0000000E+00   1.0000000E+00   1.0000000E+00

   1.0156938E+02   6.5670415E+11   2.3938737E+15   8.3330665E+00   9.1240411E-04   4.3432605E-02   1.0000000E+00    53 
   9.9098636E-01   9.9092660E-01   9.9100959E-01   1.0006483E+00   1.0008852E+00
   1.0009780E+00   1.0007387E+00   1.0008001E+00   1.0016146E+00   1.0014128E+00
   1.0014313E+00   1.0015995E+00   1.0013601E+00   1.0012277E+00   1.0006594E+00
   1.0005526E+00   1.0005176E+00   1.0005035E+00   1.0003091E+00   1.0002486E+00
   1.0002358E+00   1.0002282E+00   1.0001331E+00   1.0001178E+00   1.0001140E+00
   1.0001111E+00   1.0000891E+00   1.0000676E+00   1.0000606E+00   1.0000563E+00
   1.0000408E+00   1.0000326E+00   1.0000305E+00   1.0000288E+00   1.0000145E+00
   1.0000143E+00   1.0000144E+00   1.0000148E+00   1.0000074E+00   1.0000073E+00
   1.0000075E+00   1.0000079E+00   1.0000043E+00   1.0000042E+00   1.0000043E+00
   1.0000045E+00   1.0000026E+00   1.0000016E+00   1.0000010E+00   1.0000007E+00
   1.0000004E+00   1.0000003E+00   1.0000002E+00   1.0000001E+00   1.0000001E+00
   1.0000000E+00   1.0000000E+00   1.0000000E+00   1.0000000E+00   1.0000000E+00
   1.0000000E+00   1.0000000E+00   1.0000000E+00   1.0000000E+00

   1.0145830E+02   8.5367751E+11   3.1116339E+15   8.9428295E+00   7.0765233E-04   3.3491228E-02   1.0000000E+00    54 
   9.9423914E-01   9.9420422E-01   9.9425646E-01   1.0003228E+00   1.0004649E+00
   1.0005465E+00   1.0003650E+00   1.0004129E+00   1.0008674E+00   1.0007413E+00
   1.0007476E+00   1.0008193E+00   1.0006928E+00   1.0006268E+00   1.0003266E+00
   1.0002749E+00   1.0002537E+00   1.0002453E+00   1.0001491E+00   1.0001203E+00
   1.0001134E+00   1.0001091E+00   1.0000649E+00   1.0000575E+00   1.0000555E+00
   1.0000537E+00   1.0000434E+00   1.0000337E+00   1.0000306E+00   1.0000278E+00
   1.0000198E+00   1.0000162E+00   1.0000153E+00   1.0000143E+00   1.0000074E+00
   1.0000072E+00   1.0000073E+00   1.0000074E+00   1.0000039E+00   1.0000038E+00
   1.0000039E+00   1.0000040E+00   1.0000022E+00   1.0000022E+00   1.0000022E+00
   1.0000023E+00   1.0000014E+00   1.0000008E+00   1.0000005E+00   1.0000003E+00
   1.0000002E+00   1.0000001E+00   1.0000001E+00   1.0000001E+00   1.0000000E+00
   1.0000000E+00   1.0000000E+00   1.0000000E+00   1.0000000E+00   1.0000000E+00
   1.0000000E+00   1.0000000E+00   1.0000000E+00   1.0000000E+00

   1.0134230E+02   1.1014982E+12   4.0150075E+15   9.6077847E+00   5.8168333E-04   2.6018932E-02   1.0000000E+00    55 
   9.9609216E-01   9.9609923E-01   9.9610394E-01   1.0000589E+00   1.0001476E+00
   1.0002132E+00   1.0000759E+00   1.0001099E+00   1.0003415E+00   1.0002823E+00
   1.0002921E+00   1.0002848E+00   1.0002568E+00   1.0002324E+00   1.0001229E+00
   1.0001045E+00   1.0000917E+00   1.0000867E+00   1.0000558E+00   1.0000447E+00
   1.0000408E+00   1.0000385E+00   1.0000251E+00   1.0000222E+00   1.0000211E+00
   1.0000200E+00   1.0000182E+00   1.0000149E+00   1.0000140E+00   1.0000114E+00
   1.0000081E+00   1.0000067E+00   1.0000063E+00   1.0000058E+00   1.0000031E+00
   1.0000030E+00   1.0000030E+00   1.0000030E+00   1.0000017E+00   1.0000016E+00
   1.0000016E+00   1.0000016E+00   1.0000009E+00   1.0000009E+00   1.0000009E+00
   1.0000009E+00   1.0000006E+00   1.0000003E+00   1.0000002E+00   1.0000001E+00
   1.0000001E+00   1.0000001E+00   1.0000000E+00   1.0000000E+00   1.0000000E+00
   1.0000000E+00   1.0000000E+00   1.0000000E+00   1.0000000E+00   1.0000000E+00
   1.0000000E+00   1.0000000E+00   1.0000000E+00   1.0000000E+00

   1.0122043E+02   1.4127256E+12   5.1498192E+15   1.0331288E+01   5.0407616E-04   2.0337346E-02   1.0000000E+00    56 
   9.9722298E-01   9.9725856E-01   9.9723390E-01   9.9992704E-01   9.9998768E-01
   1.0000371E+00   9.9993572E-01   9.9995781E-01   1.0000733E+00   1.0000582E+00
   1.0000707E+00   1.0000492E+00   1.0000564E+00   1.0000508E+00   1.0000237E+00
   1.0000216E+00   1.0000154E+00   1.0000137E+00   1.0000119E+00   1.0000093E+00
   1.0000071E+00   1.0000061E+00   1.0000060E+00   1.0000053E+00   1.0000046E+00
   1.0000041E+00   1.0000059E+00   1.0000052E+00   1.0000050E+00   1.0000032E+00
   1.0000024E+00   1.0000020E+00   1.0000018E+00   1.0000016E+00   1.0000009E+00
   1.0000009E+00   1.0000009E+00   1.0000008E+00   1.0000005E+00   1.0000005E+00
   1.0000005E+00   1.0000005E+00   1.0000003E+00   1.0000003E+00   1.0000003E+00
   1.0000003E+00   1.0000002E+00   1.0000001E+00   1.0000001E+00   1.0000000E+00
   1.0000000E+00   1.0000000E+00   1.0000000E+00   1.0000000E+00   1.0000000E+00
   1.0000000E+00   1.0000000E+00   1.0000000E+00   1.0000000E+00   1.0000000E+00
   1.0000000E+00   1.0000000E+00   1.0000000E+00   1.0000000E+00

   1.0109170E+02   1.8045776E+12   6.5786482E+15   1.1117055E+01   4.5654178E-04   1.5962558E-02   1.0000000E+00    57 
   9.9806031E-01   9.9810772E-01   9.9807562E-01   9.9989497E-01   9.9993849E-01
   9.9997334E-01   9.9990357E-01   9.9991584E-01   9.9998544E-01   9.9998713E-01
   9.9999768E-01   9.9998705E-01   9.9999460E-01   9.9999512E-01   9.9999173E-01
   9.9999563E-01   9.9999229E-01   9.9999217E-01   9.9999684E-01   9.9999736E-01
   9.9999622E-01   9.9999593E-01   9.9999875E-01   9.9999892E-01   9.9999854E-01
   9.9999838E-01   9.9999998E-01   1.0000000E+00   9.9999994E-01   9.9999947E-01
   9.9999986E-01   9.9999985E-01   9.9999978E-01   9.9999972E-01   9.9999994E-01
   9.9999995E-01   9.9999992E-01   9.9999986E-01   9.9999997E-01   9.9999997E-01
   9.9999995E-01   9.9999992E-01   9.9999997E-01   9.9999997E-01   9.9999997E-01
   9.9999995E-01   9.9999997E-01   9.9999998E-01   9.9999999E-01   9.9999999E-01
   1.0000000E+00   1.0000000E+00   1.0000000E+00   1.0000000E+00   1.0000000E+00
   1.0000000E+00   1.0000000E+00   1.0000000E+00   1.0000000E+00   1.0000000E+00
   1.0000000E+00   1.0000000E+00   1.0000000E+00   1.0000000E+00

   1.0095493E+02   2.3048486E+12   8.4026701E+15   1.1969203E+01   4.2867378E-04   1.2532095E-02   1.0000000E+00    58 
   9.9877535E-01   9.9882073E-01   9.9879090E-01   9.9991204E-01   9.9994071E-01
   9.9996309E-01   9.9992186E-01   9.9992514E-01   9.9997020E-01   9.9997484E-01
   9.9998229E-01   9.9997944E-01   9.9998295E-01   9.9998504E-01   9.9998665E-01
   9.9999103E-01   9.9998936E-01   9.9998979E-01   9.9999408E-01   9.9999527E-01
   9.9999476E-01   9.9999481E-01   9.9999737E-01   9.9999770E-01   9.9999752E-01
   9.9999754E-01   9.9999864E-01   9.9999885E-01   9.9999881E-01   9.9999877E-01
   9.9999933E-01   9.9999940E-01   9.9999938E-01   9.9999937E-01   9.9999972E-01
   9.9999974E-01   9.9999972E-01   9.9999967E-01   9.9999985E-01   9.9999985E-01
   9.9999984E-01   9.9999982E-01   9.9999991E-01   9.9999991E-01   9.9999991E-01
   9.9999990E-01   9.9999994E-01   9.9999996E-01   9.9999998E-01   9.9999999E-01
   9.9999999E-01   1.0000000E+00   1.0000000E+00   1.0000000E+00   1.0000000E+00
   1.0000000E+00   1.0000000E+00   1.0000000E+00   1.0000000E+00   1.0000000E+00
   1.0000000E+00   1.0000000E+00   1.0000000E+00   1.0000000E+00

   1.0080607E+02   2.9719189E+12   1.0834728E+16   1.2911718E+01   4.1435922E-04   9.7480358E-03   1.0000000E+00    59 
   9.9931191E-01   9.9934672E-01   9.9932431E-01   9.9994313E-01   9.9996047E-01
   9.9997236E-01   9.9995354E-01   9.9994894E-01   9.9997749E-01   9.9998090E-01
   9.9998558E-01   9.9998565E-01   9.9998674E-01   9.9998889E-01   9.9999031E-01
   9.9999326E-01   9.9999252E-01   9.9999299E-01   9.9999560E-01   9.9999650E-01
   9.9999630E-01   9.9999642E-01   9.9999804E-01   9.9999829E-01   9.9999821E-01
   9.9999827E-01   9.9999893E-01   9.9999909E-01   9.9999908E-01   9.9999911E-01
   9.9999949E-01   9.9999954E-01   9.9999953E-01   9.9999954E-01   9.9999979E-01
   9.9999979E-01   9.9999979E-01   9.9999976E-01   9.9999988E-01   9.9999989E-01
   9.9999988E-01   9.9999987E-01   9.9999993E-01   9.9999993E-01   9.9999993E-01
   9.9999992E-01   9.9999996E-01   9.9999997E-01   9.9999998E-01   9.9999999E-01
   9.9999999E-01   1.0000000E+00   1.0000000E+00   1.0000000E+00   1.0000000E+00
   1.0000000E+00   1.0000000E+00   1.0000000E+00   1.0000000E+00   1.0000000E+00
   1.0000000E+00   1.0000000E+00   1.0000000E+00   1.0000000E+00

   1.0068651E+02   3.6202759E+12   1.3198529E+16   1.3679974E+01   4.1038825E-04   8.0213027E-03   1.0000000E+00    60 
   9.9958796E-01   9.9961356E-01   9.9959738E-01   9.9996433E-01   9.9997597E-01
   9.9998148E-01   9.9997484E-01   9.9996557E-01   9.9998519E-01   9.9998740E-01
   9.9999047E-01   9.9999134E-01   9.9999142E-01   9.9999332E-01   9.9999375E-01
   9.9999563E-01   9.9999527E-01   9.9999564E-01   9.9999712E-01   9.9999771E-01
   9.9999762E-01   9.9999772E-01   9.9999872E-01   9.9999888E-01   9.9999884E-01
   9.9999889E-01   9.9999930E-01   9.9999940E-01   9.9999940E-01   9.9999942E-01
   9.9999967E-01   9.9999970E-01   9.9999970E-01   9.9999971E-01   9.9999986E-01
   9.9999986E-01   9.9999986E-01   9.9999985E-01   9.9999992E-01   9.9999992E-01
   9.9999992E-01   9.9999992E-01   9.9999995E-01   9.9999996E-01   9.9999995E-01
   9.9999995E-01   9.9999997E-01   9.9999998E-01   9.9999999E-01   9.9999999E-01
   1.0000000E+00   1.0000000E+00   1.0000000E+00   1.0000000E+00   1.0000000E+00
   1.0000000E+00   1.0000000E+00   1.0000000E+00   1.0000000E+00   1.0000000E+00
   1.0000000E+00   1.0000000E+00   1.0000000E+00   1.0000000E+00

   1.0062098E+02   4.0262803E+12   1.4678757E+16   1.4105755E+01   4.1026438E-04   7.2218434E-03   1.0000000E+00    61 
   9.9969676E-01   9.9971779E-01   9.9970462E-01   9.9997376E-01   9.9998321E-01
   9.9998594E-01   9.9998419E-01   9.9997291E-01   9.9998889E-01   9.9999055E-01
   9.9999293E-01   9.9999398E-01   9.9999371E-01   9.9999545E-01   9.9999534E-01
   9.9999675E-01   9.9999652E-01   9.9999683E-01   9.9999782E-01   9.9999827E-01
   9.9999821E-01   9.9999830E-01   9.9999903E-01   9.9999915E-01   9.9999913E-01
   9.9999917E-01   9.9999947E-01   9.9999954E-01   9.9999954E-01   9.9999957E-01
   9.9999975E-01   9.9999977E-01   9.9999977E-01   9.9999978E-01   9.9999989E-01
   9.9999990E-01   9.9999989E-01   9.9999988E-01   9.9999994E-01   9.9999994E-01
   9.9999994E-01   9.9999994E-01   9.9999997E-01   9.9999997E-01   9.9999997E-01
   9.9999996E-01   9.9999998E-01   9.9999999E-01   9.9999999E-01   1.0000000E+00
   1.0000000E+00   1.0000000E+00   1.0000000E+00   1.0000000E+00   1.0000000E+00
   1.0000000E+00   1.0000000E+00   1.0000000E+00   1.0000000E+00   1.0000000E+00
   1.0000000E+00   1.0000000E+00   1.0000000E+00   1.0000000E+00

   1.0058758E+02   4.2487890E+12   1.5489991E+16   1.4324159E+01   4.1067126E-04   6.8481798E-03   1.0000000E+00    62 
   9.9969183E-01   9.9971452E-01   9.9970038E-01   9.9997364E-01   9.9998401E-01
   9.9998570E-01   9.9998439E-01   9.9997273E-01   9.9998851E-01   9.9999041E-01
   9.9999263E-01   9.9999379E-01   9.9999351E-01   9.9999526E-01   9.9999518E-01
   9.9999664E-01   9.9999642E-01   9.9999675E-01   9.9999775E-01   9.9999822E-01
   9.9999816E-01   9.9999826E-01   9.9999900E-01   9.9999913E-01   9.9999910E-01
   9.9999915E-01   9.9999945E-01   9.9999953E-01   9.9999953E-01   9.9999955E-01
   9.9999974E-01   9.9999977E-01   9.9999976E-01   9.9999977E-01   9.9999989E-01
   9.9999989E-01   9.9999989E-01   9.9999988E-01   9.9999994E-01   9.9999994E-01
   9.9999994E-01   9.9999993E-01   9.9999996E-01   9.9999997E-01   9.9999997E-01
   9.9999996E-01   9.9999998E-01   9.9999999E-01   9.9999999E-01   1.0000000E+00
   1.0000000E+00   1.0000000E+00   1.0000000E+00   1.0000000E+00   1.0000000E+00
   1.0000000E+00   1.0000000E+00   1.0000000E+00   1.0000000E+00   1.0000000E+00
   1.0000000E+00   1.0000000E+00   1.0000000E+00   1.0000000E+00

   1.0057637E+02   4.3261902E+12   1.5772185E+16   1.4397884E+01   4.1087856E-04   6.7271547E-03   1.0000000E+00    63 
   9.9974023E-01   9.9977145E-01   9.9975515E-01   1.0000172E+00   1.0000354E+00
   1.0000378E+00   1.0000216E+00   1.0000099E+00   1.0000137E+00   1.0000182E+00
   1.0000196E+00   1.0000159E+00   1.0000166E+00   1.0000126E+00   1.0000045E+00
   1.0000059E+00   1.0000048E+00   1.0000038E+00   1.0000009E+00   1.0000013E+00
   1.0000010E+00   1.0000009E+00   1.0000003E+00   1.0000003E+00   1.0000002E+00
   1.0000002E+00   9.9999996E-01   1.0000000E+00   9.9999998E-01   1.0000000E+00
   9.9999998E-01   9.9999999E-01   9.9999998E-01   9.9999999E-01   1.0000000E+00
   1.0000000E+00   1.0000000E+00   9.9999999E-01   1.0000000E+00   1.0000000E+00
   1.0000000E+00   1.0000000E+00   1.0000000E+00   1.0000000E+00   1.0000000E+00
   1.0000000E+00   1.0000000E+00   1.0000000E+00   1.0000000E+00   1.0000000E+00
   1.0000000E+00   1.0000000E+00   1.0000000E+00   1.0000000E+00   1.0000000E+00
   1.0000000E+00   1.0000000E+00   1.0000000E+00   1.0000000E+00   1.0000000E+00
   1.0000000E+00   1.0000000E+00   1.0000000E+00   1.0000000E+00
