
  63                    !Number of depth points
 
 !Electron density
    2.825E+06   2.879E+06   2.992E+06   3.230E+06   3.764E+06   5.117E+06   9.288E+06   1.684E+07   3.055E+07   5.550E+07
    1.009E+08   1.834E+08   3.334E+08   6.058E+08   1.098E+09   1.991E+09   3.632E+09   6.675E+09   1.220E+10   2.256E+10
    4.265E+10   8.050E+10   1.363E+11   2.169E+11   3.309E+11   4.929E+11   7.212E+11   1.045E+12   1.506E+12   2.157E+12
    3.014E+12   4.340E+12   6.166E+12   8.520E+12   1.217E+13   1.721E+13   2.430E+13   3.430E+13   4.843E+13   6.840E+13
    9.647E+13   1.306E+14   1.713E+14   2.211E+14   2.837E+14   3.639E+14   4.684E+14   6.067E+14   7.923E+14   1.044E+15
    1.382E+15   1.826E+15   2.394E+15   3.112E+15   4.015E+15   5.150E+15   6.579E+15   8.403E+15   1.083E+16   1.320E+16
    1.468E+16   1.549E+16   1.577E+16
 
 !Radius (10^10cm)
    1.134E+04   1.123E+04   1.102E+04   1.061E+04   9.832E+03   8.440E+03   6.278E+03   4.676E+03   3.484E+03   2.599E+03
    1.941E+03   1.453E+03   1.092E+03   8.239E+02   6.260E+02   4.789E+02   3.696E+02   2.890E+02   2.303E+02   1.873E+02
    1.563E+02   1.353E+02   1.236E+02   1.165E+02   1.119E+02   1.089E+02   1.069E+02   1.055E+02   1.045E+02   1.038E+02
    1.033E+02   1.031E+02   1.030E+02   1.030E+02   1.030E+02   1.029E+02   1.029E+02   1.028E+02   1.028E+02   1.027E+02
    1.026E+02   1.025E+02   1.025E+02   1.024E+02   1.023E+02   1.022E+02   1.022E+02   1.021E+02   1.020E+02   1.019E+02
    1.018E+02   1.017E+02   1.016E+02   1.015E+02   1.013E+02   1.012E+02   1.011E+02   1.010E+02   1.008E+02   1.007E+02
    1.006E+02   1.006E+02   1.006E+02
 
 !Temperature (10^4 K)
    1.850E+00   1.850E+00   1.850E+00   1.850E+00   1.851E+00   1.853E+00   1.856E+00   1.860E+00   1.866E+00   1.873E+00
    1.882E+00   1.896E+00   1.915E+00   1.942E+00   1.985E+00   2.052E+00   2.159E+00   2.313E+00   2.528E+00   2.807E+00
    3.103E+00   3.428E+00   3.640E+00   3.798E+00   3.932E+00   4.020E+00   4.075E+00   4.111E+00   4.137E+00   4.159E+00
    4.165E+00   4.131E+00   4.100E+00   4.074E+00   4.050E+00   4.027E+00   4.017E+00   4.032E+00   4.082E+00   4.173E+00
    4.309E+00   4.470E+00   4.650E+00   4.854E+00   5.086E+00   5.352E+00   5.654E+00   5.995E+00   6.376E+00   6.800E+00
    7.265E+00   7.775E+00   8.333E+00   8.943E+00   9.608E+00   1.033E+01   1.112E+01   1.197E+01   1.291E+01   1.368E+01
    1.411E+01   1.432E+01   1.440E+01
 
   1.     HYD                           !Atomic Number and descriptor.
    1.000E+00   1.000E+00   1.000E+00   1.000E+00   1.000E+00   1.000E+00   1.000E+00   1.000E+00   1.000E+00   1.000E+00
    1.000E+00   1.000E+00   1.000E+00   1.000E+00   1.000E+00   1.000E+00   1.000E+00   1.000E+00   1.000E+00   1.000E+00
    1.000E+00   1.000E+00   1.000E+00   1.000E+00   1.000E+00   1.000E+00   1.000E+00   1.000E+00   1.000E+00   1.000E+00
    1.000E+00   1.000E+00   1.000E+00   1.000E+00   1.000E+00   1.000E+00   1.000E+00   1.000E+00   1.000E+00   1.000E+00
    1.000E+00   1.000E+00   1.000E+00   1.000E+00   1.000E+00   1.000E+00   1.000E+00   1.000E+00   1.000E+00   1.000E+00
    1.000E+00   1.000E+00   1.000E+00   1.000E+00   1.000E+00   1.000E+00   1.000E+00   1.000E+00   1.000E+00   1.000E+00
    1.000E+00   1.000E+00   1.000E+00
 
   2.     HE                            !Atomic Number and descriptor.
    2.000E+00   2.000E+00   2.000E+00   2.000E+00   2.000E+00   2.000E+00   2.000E+00   2.000E+00   2.000E+00   2.000E+00
    2.000E+00   2.000E+00   2.000E+00   2.000E+00   2.000E+00   2.000E+00   2.000E+00   2.000E+00   2.000E+00   2.000E+00
    2.000E+00   2.000E+00   2.000E+00   2.000E+00   2.000E+00   2.000E+00   2.000E+00   2.000E+00   2.000E+00   2.000E+00
    2.000E+00   2.000E+00   2.000E+00   1.999E+00   1.999E+00   1.999E+00   1.998E+00   1.997E+00   1.997E+00   1.996E+00
    1.996E+00   1.997E+00   1.997E+00   1.998E+00   1.998E+00   1.999E+00   1.999E+00   1.999E+00   2.000E+00   2.000E+00
    2.000E+00   2.000E+00   2.000E+00   2.000E+00   2.000E+00   2.000E+00   2.000E+00   2.000E+00   2.000E+00   2.000E+00
    2.000E+00   2.000E+00   2.000E+00
 
   6.     CARB                          !Atomic Number and descriptor.
    3.982E+00   3.982E+00   3.982E+00   3.982E+00   3.982E+00   3.982E+00   3.983E+00   3.983E+00   3.984E+00   3.984E+00
    3.985E+00   3.986E+00   3.988E+00   3.989E+00   3.991E+00   3.993E+00   3.995E+00   3.997E+00   3.998E+00   3.999E+00
    3.999E+00   3.999E+00   3.999E+00   3.999E+00   3.999E+00   3.999E+00   3.999E+00   3.998E+00   3.997E+00   3.996E+00
    3.995E+00   3.992E+00   3.988E+00   3.983E+00   3.974E+00   3.962E+00   3.946E+00   3.929E+00   3.917E+00   3.916E+00
    3.925E+00   3.939E+00   3.953E+00   3.966E+00   3.976E+00   3.984E+00   3.990E+00   3.993E+00   3.996E+00   3.997E+00
    3.998E+00   3.999E+00   3.999E+00   3.999E+00   3.999E+00   3.999E+00   4.000E+00   4.000E+00   4.000E+00   4.000E+00
    4.000E+00   4.000E+00   4.000E+00
 
   7.     NIT                           !Atomic Number and descriptor.
    3.048E+00   3.048E+00   3.048E+00   3.048E+00   3.049E+00   3.049E+00   3.050E+00   3.051E+00   3.053E+00   3.057E+00
    3.063E+00   3.076E+00   3.100E+00   3.148E+00   3.243E+00   3.417E+00   3.655E+00   3.853E+00   3.971E+00   4.040E+00
    4.095E+00   4.151E+00   4.205E+00   4.242E+00   4.248E+00   4.232E+00   4.204E+00   4.167E+00   4.123E+00   4.077E+00
    4.032E+00   3.978E+00   3.929E+00   3.879E+00   3.818E+00   3.747E+00   3.671E+00   3.603E+00   3.561E+00   3.559E+00
    3.600E+00   3.669E+00   3.748E+00   3.828E+00   3.903E+00   3.978E+00   4.069E+00   4.202E+00   4.394E+00   4.608E+00
    4.780E+00   4.887E+00   4.944E+00   4.972E+00   4.986E+00   4.992E+00   4.996E+00   4.998E+00   4.998E+00   4.999E+00
    4.999E+00   4.999E+00   4.999E+00
 
   8.     OXY                           !Atomic Number and descriptor.
    3.010E+00   3.010E+00   3.010E+00   3.010E+00   3.010E+00   3.010E+00   3.010E+00   3.011E+00   3.011E+00   3.012E+00
    3.014E+00   3.017E+00   3.026E+00   3.044E+00   3.088E+00   3.186E+00   3.368E+00   3.595E+00   3.781E+00   3.892E+00
    3.949E+00   3.976E+00   3.982E+00   3.982E+00   3.979E+00   3.971E+00   3.958E+00   3.942E+00   3.917E+00   3.883E+00
    3.835E+00   3.753E+00   3.659E+00   3.562E+00   3.455E+00   3.356E+00   3.279E+00   3.228E+00   3.204E+00   3.207E+00
    3.240E+00   3.302E+00   3.391E+00   3.508E+00   3.639E+00   3.766E+00   3.873E+00   3.964E+00   4.066E+00   4.225E+00
    4.455E+00   4.701E+00   4.906E+00   5.102E+00   5.346E+00   5.606E+00   5.798E+00   5.903E+00   5.954E+00   5.973E+00
    5.979E+00   5.982E+00   5.983E+00
 
  14.     SIL                           !Atomic Number and descriptor.
    4.000E+00   4.000E+00   4.000E+00   4.000E+00   4.000E+00   4.000E+00   4.000E+00   4.000E+00   4.000E+00   4.000E+00
    4.000E+00   4.000E+00   4.000E+00   4.000E+00   4.000E+00   4.000E+00   4.000E+00   4.000E+00   4.000E+00   4.000E+00
    4.000E+00   4.000E+00   4.000E+00   4.000E+00   4.000E+00   4.000E+00   4.000E+00   4.000E+00   4.000E+00   4.000E+00
    4.000E+00   4.000E+00   4.000E+00   4.000E+00   4.000E+00   4.000E+00   4.000E+00   4.000E+00   4.000E+00   3.999E+00
    3.999E+00   4.000E+00   4.000E+00   4.000E+00   4.000E+00   4.000E+00   4.000E+00   4.000E+00   4.000E+00   4.000E+00
    4.000E+00   4.000E+00   4.000E+00   4.000E+00   4.000E+00   4.000E+00   4.000E+00   4.000E+00   4.000E+00   4.000E+00
    4.000E+00   4.000E+00   4.000E+00
 
  15.     PHOS                          !Atomic Number and descriptor.
    4.948E+00   4.948E+00   4.948E+00   4.948E+00   4.949E+00   4.949E+00   4.950E+00   4.952E+00   4.953E+00   4.956E+00
    4.959E+00   4.963E+00   4.967E+00   4.972E+00   4.978E+00   4.983E+00   4.989E+00   4.992E+00   4.995E+00   4.997E+00
    4.998E+00   4.998E+00   4.998E+00   4.998E+00   4.998E+00   4.998E+00   4.997E+00   4.996E+00   4.995E+00   4.993E+00
    4.989E+00   4.983E+00   4.975E+00   4.966E+00   4.952E+00   4.938E+00   4.926E+00   4.920E+00   4.922E+00   4.929E+00
    4.939E+00   4.950E+00   4.961E+00   4.971E+00   4.979E+00   4.986E+00   4.991E+00   4.994E+00   4.996E+00   4.998E+00
    4.998E+00   4.999E+00   4.999E+00   5.000E+00   5.000E+00   5.000E+00   5.000E+00   5.000E+00   5.000E+00   5.000E+00
    5.000E+00   5.000E+00   5.000E+00
 
  16.     SUL                           !Atomic Number and descriptor.
    4.487E+00   4.487E+00   4.487E+00   4.487E+00   4.488E+00   4.489E+00   4.491E+00   4.493E+00   4.497E+00   4.502E+00
    4.510E+00   4.523E+00   4.545E+00   4.583E+00   4.649E+00   4.750E+00   4.873E+00   4.984E+00   5.100E+00   5.280E+00
    5.486E+00   5.634E+00   5.720E+00   5.746E+00   5.734E+00   5.699E+00   5.655E+00   5.601E+00   5.534E+00   5.457E+00
    5.366E+00   5.243E+00   5.145E+00   5.068E+00   4.996E+00   4.938E+00   4.893E+00   4.863E+00   4.848E+00   4.854E+00
    4.887E+00   4.937E+00   4.999E+00   5.078E+00   5.185E+00   5.330E+00   5.509E+00   5.686E+00   5.822E+00   5.906E+00
    5.951E+00   5.975E+00   5.987E+00   5.993E+00   5.996E+00   5.998E+00   5.998E+00   5.999E+00   5.999E+00   5.999E+00
    5.999E+00   6.000E+00   6.000E+00
 
  26.     IRON                          !Atomic Number and descriptor.
    5.012E+00   5.012E+00   5.012E+00   5.013E+00   5.013E+00   5.013E+00   5.014E+00   5.014E+00   5.015E+00   5.017E+00
    5.018E+00   5.020E+00   5.023E+00   5.027E+00   5.033E+00   5.043E+00   5.061E+00   5.095E+00   5.151E+00   5.229E+00
    5.312E+00   5.383E+00   5.412E+00   5.411E+00   5.387E+00   5.346E+00   5.296E+00   5.238E+00   5.178E+00   5.122E+00
    5.075E+00   5.029E+00   4.994E+00   4.963E+00   4.926E+00   4.883E+00   4.834E+00   4.788E+00   4.756E+00   4.749E+00
    4.769E+00   4.809E+00   4.856E+00   4.906E+00   4.958E+00   5.018E+00   5.104E+00   5.245E+00   5.447E+00   5.668E+00
    5.857E+00   6.025E+00   6.231E+00   6.488E+00   6.719E+00   6.863E+00   6.935E+00   6.968E+00   6.984E+00   6.990E+00
    6.992E+00   6.993E+00   6.993E+00
