!
!        Log(Tau)       T/T(grey)       T(10^4 K)      L
!
           63
     -3.663325E+00    5.675030E+00    1.849594E+00      1
     -3.659147E+00    5.648354E+00    1.849687E+00      2
     -3.650781E+00    5.595376E+00    1.849886E+00      3
     -3.634072E+00    5.491136E+00    1.850316E+00      4
     -3.600647E+00    5.288532E+00    1.851215E+00      5
     -3.533598E+00    4.904534E+00    1.853047E+00      6
     -3.403732E+00    4.238545E+00    1.856314E+00      7
     -3.274169E+00    3.667296E+00    1.860398E+00      8
     -3.144470E+00    3.175929E+00    1.865725E+00      9
     -3.014563E+00    2.753764E+00    1.872695E+00     10
     -2.884528E+00    2.392614E+00    1.882270E+00     11
     -2.754440E+00    2.085288E+00    1.895761E+00     12
     -2.624383E+00    1.825345E+00    1.914718E+00     13
     -2.494475E+00    1.608172E+00    1.942245E+00     14
     -2.364972E+00    1.431330E+00    1.984570E+00     15
     -2.235229E+00    1.292950E+00    2.052396E+00     16
     -2.104988E+00    1.192099E+00    2.159031E+00     17
     -1.974396E+00    1.124934E+00    2.312667E+00     18
     -1.844824E+00    1.091510E+00    2.528363E+00     19
     -1.715324E+00    1.083680E+00    2.807278E+00     20
     -1.585545E+00    1.080905E+00    3.103233E+00     21
     -1.461369E+00    1.093420E+00    3.427902E+00     22
     -1.365003E+00    1.092932E+00    3.639723E+00     23
     -1.285860E+00    1.091284E+00    3.797882E+00     24
     -1.218770E+00    1.092773E+00    3.931917E+00     25
     -1.160382E+00    1.088552E+00    4.019883E+00     26
     -1.108552E+00    1.080869E+00    4.075437E+00     27
     -1.061508E+00    1.071821E+00    4.111344E+00     28
     -1.018465E+00    1.062980E+00    4.136730E+00     29
     -9.788627E-01    1.055486E+00    4.158693E+00     30
     -9.441381E-01    1.045981E+00    4.164759E+00     31
     -9.209622E-01    1.030326E+00    4.130832E+00     32
     -9.099928E-01    1.019439E+00    4.100169E+00     33
     -9.014371E-01    1.010627E+00    4.074085E+00     34
     -8.921103E-01    1.002410E+00    4.050259E+00     35
     -8.762847E-01    9.931541E-01    4.026995E+00     36
     -8.500677E-01    9.853669E-01    4.016927E+00     37
     -8.081286E-01    9.810121E-01    4.032015E+00     38
     -7.438534E-01    9.809620E-01    4.082127E+00     39
     -6.515204E-01    9.845767E-01    4.173452E+00     40
     -5.295255E-01    9.899526E-01    4.308943E+00     41
     -3.992051E-01    9.946622E-01    4.469517E+00     42
     -2.692302E-01    9.982317E-01    4.649538E+00     43
     -1.393589E-01    1.000895E+00    4.853752E+00     44
     -9.552629E-03    1.002857E+00    5.086457E+00     45
      1.202271E-01    1.004332E+00    5.351895E+00     46
      2.499949E-01    1.005460E+00    5.653681E+00     47
      3.797670E-01    1.006303E+00    5.994712E+00     48
      5.095383E-01    1.006758E+00    6.376419E+00     49
      6.392939E-01    1.006712E+00    6.799532E+00     50
      7.690477E-01    1.006133E+00    7.264927E+00     51
      8.988292E-01    1.005187E+00    7.774929E+00     52
      1.028662E+00    1.004132E+00    8.333066E+00     53
      1.158520E+00    1.003149E+00    8.942829E+00     54
      1.288375E+00    1.002340E+00    9.607785E+00     55
      1.418225E+00    1.001707E+00    1.033129E+01     56
      1.548109E+00    1.001212E+00    1.111705E+01     57
      1.678086E+00    1.000800E+00    1.196920E+01     58
      1.810787E+00    1.000441E+00    1.291172E+01     59
      1.911481E+00    1.000273E+00    1.367997E+01     60
      1.964708E+00    1.000231E+00    1.410576E+01     61
      1.991359E+00    1.000215E+00    1.432416E+01     62
      2.000233E+00    1.000231E+00    1.439788E+01     63
