
 24-FEB-2004                           !Format date

   1.0057637E+02     1.0810E+06       30       63

   1.1341482E+04   2.3461377E+05   2.8249382E+06   1.8495958E+00   6.9421760E-05   2.9481942E+03   1.0000000E+00     1 
   2.2164509E-04   5.1039066E-03   2.4419734E-01   8.9566935E-01   5.8128282E-01
   2.6516104E-01   4.6083343E-01   6.1515533E-01   8.8961240E-01   7.9570217E-01
   6.9670378E-01   7.1264687E-01   7.5074971E-01   7.8609553E-01   8.1120920E-01
   8.3107539E-01   8.3662286E-01   6.7193311E-01   8.6012665E-01   8.0372319E-01
   8.4008430E-01   8.6054223E-01   8.8009062E-01   8.7279642E-01   8.6495468E-01
   8.4229768E-01   8.3517578E-01   8.2831292E-01   8.2169091E-01   8.1529342E-01

   1.1234034E+04   2.3914393E+05   2.8794849E+06   1.8496884E+00   6.9414643E-05   2.9479382E+03   1.0000000E+00     2 
   2.1781208E-04   5.1283912E-03   2.4413406E-01   8.9573250E-01   5.8144915E-01
   2.6520724E-01   4.6090866E-01   6.1503617E-01   8.8960036E-01   7.9578319E-01
   6.9670841E-01   7.1262721E-01   7.5071160E-01   7.8604998E-01   8.1116037E-01
   8.3102504E-01   8.3655470E-01   6.7196329E-01   8.6001004E-01   8.0373221E-01
   8.4004560E-01   8.6047964E-01   8.8000520E-01   8.7272976E-01   8.6490732E-01
   8.4229166E-01   8.3518710E-01   8.2834095E-01   8.2173506E-01   8.1535315E-01

   1.1021993E+04   2.4847762E+05   2.9918700E+06   1.8498874E+00   6.9399917E-05   2.9474172E+03   1.0000000E+00     3 
   2.1039104E-04   5.1747341E-03   2.4424216E-01   8.9638409E-01   5.8177825E-01
   2.6531087E-01   4.6106425E-01   6.1478837E-01   8.8958752E-01   7.9595468E-01
   6.9672092E-01   7.1259010E-01   7.5063762E-01   7.8596053E-01   8.1106475E-01
   8.3092648E-01   8.3641936E-01   6.7202913E-01   8.5977505E-01   8.0375452E-01
   8.3997009E-01   8.6035506E-01   8.7983373E-01   8.7259650E-01   8.6481338E-01
   8.4228214E-01   8.3521292E-01   8.2840081E-01   8.2182777E-01   8.1547759E-01

   1.0610344E+04   2.6822918E+05   3.2296947E+06   1.8503178E+00   6.9366745E-05   2.9463495E+03   1.0000000E+00     4 
   1.9642708E-04   5.2654081E-03   2.4503657E-01   8.9862342E-01   5.8244954E-01
   2.6554135E-01   4.6138377E-01   6.1426659E-01   8.8955797E-01   7.9630309E-01
   6.9673881E-01   7.1250588E-01   7.5047789E-01   7.8576796E-01   8.1085903E-01
   8.3071463E-01   8.3612969E-01   6.7216383E-01   8.5927561E-01   8.0379495E-01
   8.3980556E-01   8.6008768E-01   8.7946807E-01   8.7231075E-01   8.6460985E-01
   8.4225533E-01   8.3526000E-01   8.2851909E-01   8.2201476E-01   8.1573096E-01

   9.8324823E+03   3.1258649E+05   3.7637926E+06   1.8512167E+00   6.9292600E-05   2.9441008E+03   1.0000000E+00     5 
   1.7131154E-04   5.4651660E-03   2.4699045E-01   9.0371124E-01   5.8390318E-01
   2.6605102E-01   4.6206860E-01   6.1315698E-01   8.8945322E-01   7.9703774E-01
   6.9676620E-01   7.1231512E-01   7.5012336E-01   7.8534004E-01   8.1039966E-01
   8.3024065E-01   8.3548197E-01   6.7245938E-01   8.5816554E-01   8.0387399E-01
   8.3943508E-01   8.5949164E-01   8.7865650E-01   8.7167405E-01   8.6415313E-01
   8.4218582E-01   8.3535227E-01   8.2876727E-01   8.2241337E-01   8.1627489E-01

   8.4398396E+03   4.2499491E+05   5.1172808E+06   1.8530480E+00   6.9120319E-05   2.9389838E+03   1.0000000E+00     6 
   1.3018981E-04   5.9311618E-03   2.5116231E-01   9.1460527E-01   5.8689901E-01
   2.6723930E-01   4.6356543E-01   6.1044652E-01   8.8894113E-01   7.9864469E-01
   6.9676315E-01   7.1180117E-01   7.4922662E-01   7.8425244E-01   8.0923304E-01
   8.2903560E-01   8.3384934E-01   6.7316678E-01   8.5541655E-01   8.0399510E-01
   8.3847924E-01   8.5799576E-01   8.7664459E-01   8.7007963E-01   8.6298850E-01
   8.4194770E-01   8.3550083E-01   8.2928845E-01   8.2329409E-01   8.1750297E-01

   6.2778820E+03   7.7139526E+05   9.2882207E+06   1.8563153E+00   6.8897824E-05   2.9264839E+03   1.0000000E+00     7 
   7.6117065E-05   6.9546441E-03   2.5919138E-01   9.3653860E-01   5.9307700E-01
   2.7075945E-01   4.6791973E-01   6.0398153E-01   8.8856851E-01   8.0413784E-01
   6.9796782E-01   7.1151915E-01   7.4785678E-01   7.8243672E-01   8.0719212E-01
   8.2678167E-01   8.3027465E-01   6.7612581E-01   8.4885925E-01   8.0508168E-01
   8.3676558E-01   8.5487748E-01   8.7218413E-01   8.6669093E-01   8.6070400E-01
   8.4205913E-01   8.3660763E-01   8.3135440E-01   8.2628554E-01   8.2138853E-01

   4.6756742E+03   1.3984896E+06   1.6838946E+07   1.8603996E+00   6.8658649E-05   2.9100589E+03   1.0000000E+00     8 
   4.5233155E-05   8.2464846E-03   2.6645639E-01   9.5834103E-01   6.0028746E-01
   2.7539540E-01   4.7260811E-01   5.9326604E-01   8.8474451E-01   8.0956896E-01
   6.9741487E-01   7.0905294E-01   7.4408458E-01   7.7779166E-01   8.0237271E-01
   8.2191298E-01   8.2360030E-01   6.8000570E-01   8.3796889E-01   8.0485753E-01
   8.3285712E-01   8.4916238E-01   8.6474271E-01   8.6072490E-01   8.5625442E-01
   8.4085462E-01   8.3677550E-01   8.3284474E-01   8.2905193E-01   8.2538772E-01

   3.4842997E+03   2.5374386E+06   3.0552823E+07   1.8657265E+00   6.8253082E-05   2.8881725E+03   1.0000000E+00     9 
   2.7422103E-05   1.0288209E-02   2.7805810E-01   9.9068444E-01   6.0876811E-01
   2.7913971E-01   4.7797748E-01   5.7953762E-01   8.7958772E-01   8.1660777E-01
   6.9689606E-01   7.0574016E-01   7.3890008E-01   7.7187666E-01   7.9611407E-01
   8.1492605E-01   8.1393052E-01   6.8610220E-01   8.2376922E-01   8.0347564E-01
   8.2739408E-01   8.4176362E-01   8.5549431E-01   8.5322532E-01   8.5054638E-01
   8.3890271E-01   8.3645249E-01   8.3409140E-01   8.3181316E-01   8.2961217E-01

   2.5985463E+03   4.6089987E+06   5.5496120E+07   1.8726962E+00   6.7624463E-05   2.8587913E+03   1.0000000E+00    10 
   1.7061195E-05   1.3284032E-02   2.9265665E-01   1.0295994E+00   6.1886455E-01
   2.8513414E-01   4.8493552E-01   5.6184470E-01   8.7061081E-01   8.2542538E-01
   6.9659963E-01   7.0114412E-01   7.3231251E-01   7.6373259E-01   7.8730118E-01
   8.0533535E-01   8.0138730E-01   6.9448725E-01   8.0711437E-01   7.9947214E-01
   8.1965751E-01   8.3235980E-01   8.4449735E-01   8.4403513E-01   8.4319731E-01
   8.3527409E-01   8.3450606E-01   8.3376596E-01   8.3305184E-01   8.3236194E-01

   1.9408575E+03   8.3773622E+06   1.0087043E+08   1.8822712E+00   6.6937504E-05   2.8193933E+03   1.0000000E+00    11 
   1.1114667E-05   1.9517042E-02   3.1172598E-01   1.0797905E+00   6.3307776E-01
   2.9435119E-01   4.9562617E-01   5.4029280E-01   8.5767646E-01   8.3760683E-01
   6.9817991E-01   6.9655994E-01   7.2447401E-01   7.5412096E-01   7.7657749E-01
   7.9252040E-01   7.8639782E-01   7.0446440E-01   7.9076946E-01   7.9297275E-01
   8.1028976E-01   8.2181188E-01   8.3282174E-01   8.3396320E-01   8.3475063E-01
   8.2998136E-01   8.3070453E-01   8.3140140E-01   8.3207381E-01   8.3272342E-01

   1.4530208E+03   1.5231518E+07   1.8340066E+08   1.8957623E+00   6.5934533E-05   2.7667114E+03   1.0000000E+00    12 
   7.7276406E-06   2.3998659E-02   3.3492471E-01   1.1378095E+00   6.5129765E-01
   3.0897971E-01   5.1094488E-01   5.1597974E-01   8.3914174E-01   8.5221040E-01
   7.0363795E-01   6.9131276E-01   7.1559174E-01   7.4210054E-01   7.6315504E-01
   7.7703845E-01   7.7040475E-01   7.1362542E-01   7.7608375E-01   7.8425503E-01
   7.9946307E-01   8.1013064E-01   8.2032394E-01   8.2266278E-01   8.2466282E-01
   8.2224571E-01   8.2408506E-01   8.2585751E-01   8.2756776E-01   8.2922002E-01

   1.0915123E+03   2.7692237E+07   3.3344043E+08   1.9147194E+00   6.4492063E-05   2.6967212E+03   1.0000000E+00    13 
   5.8686644E-06   3.0188789E-02   3.5969124E-01   1.1925165E+00   6.7324621E-01
   3.3239738E-01   5.3217381E-01   4.9319955E-01   8.1378254E-01   8.6695304E-01
   7.1544699E-01   6.8716996E-01   7.0634216E-01   7.2905566E-01   7.4739248E-01
   7.5907142E-01   7.5465206E-01   7.2022303E-01   7.6415236E-01   7.7498425E-01
   7.8849507E-01   7.9837333E-01   8.0781241E-01   8.1086587E-01   8.1359778E-01
   8.1274934E-01   8.1526427E-01   8.1768772E-01   8.2002613E-01   8.2228525E-01

   8.2390322E+02   5.0309999E+07   6.0578738E+08   1.9422461E+00   6.2457524E-05   2.6052265E+03   1.0000000E+00    14 
   5.1005757E-06   3.9394925E-02   3.8073022E-01   1.2241332E+00   6.9871581E-01
   3.7208398E-01   5.6047918E-01   4.8392368E-01   7.8416891E-01   8.7517110E-01
   7.3827734E-01   6.8779731E-01   6.9866818E-01   7.1671556E-01   7.3202593E-01
   7.4232905E-01   7.4186995E-01   7.2481106E-01   7.5613755E-01   7.6775195E-01
   7.7985944E-01   7.8897773E-01   7.9769063E-01   8.0107513E-01   8.0415753E-01
   8.0426310E-01   8.0710272E-01   8.0983906E-01   8.1247937E-01   8.1503016E-01

   6.2602163E+02   9.1153893E+07   1.0976257E+09   1.9845710E+00   5.9519617E-05   2.4905748E+03   1.0000000E+00    15 
   5.5431443E-06   5.4196593E-02   4.0430401E-01   1.2330681E+00   7.3156615E-01
   4.2750138E-01   5.9875191E-01   4.9874200E-01   7.6055876E-01   8.6872051E-01
   7.7389749E-01   7.0069329E-01   6.9791822E-01   7.1030519E-01   7.2248752E-01
   7.3239993E-01   7.3627550E-01   7.3127757E-01   7.5481056E-01   7.6636823E-01
   7.7731083E-01   7.8571730E-01   7.9375002E-01   7.9721434E-01   8.0039645E-01
   8.0103488E-01   8.0396792E-01   8.0679428E-01   8.0952145E-01   8.1215615E-01

   4.7890745E+02   1.6536851E+08   1.9914092E+09   2.0523964E+00   5.5331042E-05   2.3458450E+03   1.0000000E+00    16 
   8.5495359E-06   8.0988667E-02   4.4438213E-01   1.2202618E+00   7.7644231E-01
   4.9852171E-01   6.4756460E-01   5.5603300E-01   7.5977935E-01   8.4281070E-01
   8.1444783E-01   7.3598377E-01   7.1311573E-01   7.1719481E-01   7.2629165E-01
   7.3610293E-01   7.4329282E-01   7.4570886E-01   7.6442491E-01   7.7547611E-01
   7.8534207E-01   7.9301747E-01   8.0035162E-01   8.0371445E-01   8.0681677E-01
   8.0771399E-01   8.1057473E-01   8.1333143E-01   8.1599138E-01   8.1856115E-01

   3.6959393E+02   3.0153306E+08   3.6315610E+09   2.1590312E+00   4.9802218E-05   2.1600962E+03   1.0000000E+00    17 
   2.0809927E-05   1.3473556E-01   5.1962595E-01   1.1518520E+00   8.3053739E-01
   5.9230279E-01   7.0266985E-01   6.4843871E-01   7.9179682E-01   8.1344065E-01
   8.3780834E-01   7.9200363E-01   7.5650483E-01   7.4857410E-01   7.5237169E-01
   7.6085837E-01   7.6928400E-01   7.7520765E-01   7.9037534E-01   8.0039181E-01
   8.0901316E-01   8.1577236E-01   8.2223105E-01   8.2530530E-01   8.2814770E-01
   8.2911534E-01   8.3173758E-01   8.3426445E-01   8.3670264E-01   8.3905817E-01

   2.8900439E+02   5.5413808E+08   6.6747744E+09   2.3126673E+00   4.3724722E-05   1.9223545E+03   1.0000000E+00    18 
   7.6921105E-05   2.4335197E-01   6.2428741E-01   9.5374634E-01   8.7481485E-01
   7.1313329E-01   7.6731136E-01   7.6993588E-01   8.3346692E-01   8.2622079E-01
   8.3377353E-01   8.3853486E-01   8.2214168E-01   8.1021962E-01   8.0705559E-01
   8.1114507E-01   8.1751817E-01   8.2329771E-01   8.3465071E-01   8.4271212E-01
   8.4954478E-01   8.5493287E-01   8.6008141E-01   8.6260449E-01   8.6494066E-01
   8.6582631E-01   8.6798273E-01   8.7006072E-01   8.7206579E-01   8.7400287E-01

   2.3028591E+02   1.0130710E+09   1.2204121E+10   2.5283636E+00   3.7534610E-05   1.6561071E+03   1.0000000E+00    19 
   4.2404364E-04   4.6650717E-01   7.0495367E-01   8.5793990E-01   9.4433922E-01
   8.6049627E-01   8.6089915E-01   9.0694149E-01   8.9168476E-01   8.8887554E-01
   8.5992398E-01   8.6914496E-01   8.7819150E-01   8.8129571E-01   8.7934815E-01
   8.8012257E-01   8.8254013E-01   8.8530866E-01   8.9189403E-01   8.9684634E-01
   9.0110907E-01   9.0450115E-01   9.0774241E-01   9.0939823E-01   9.1093480E-01
   9.1159895E-01   9.1301826E-01   9.1438595E-01   9.1570564E-01   9.1698059E-01

   1.8732298E+02   1.8724917E+09   2.2558788E+10   2.8072791E+00   3.1680793E-05   1.3541399E+03   1.0000000E+00    20 
   2.7085350E-03   8.8441737E-01   7.5838603E-01   8.7243196E-01   1.0280809E+00
   1.0272817E+00   9.9305276E-01   1.0545496E+00   9.8338931E-01   9.7110793E-01
   9.3395863E-01   9.3094827E-01   9.3162145E-01   9.3664742E-01   9.3925467E-01
   9.4144440E-01   9.4317415E-01   9.4438825E-01   9.4755017E-01   9.4984171E-01
   9.5177250E-01   9.5332124E-01   9.5480113E-01   9.5558360E-01   9.5631094E-01
   9.5665585E-01   9.5732804E-01   9.5797578E-01   9.5860079E-01   9.5920461E-01

   1.5629712E+02   3.5397158E+09   4.2646154E+10   3.1032339E+00   2.5470577E-05   1.0289587E+03   1.0000000E+00    21 
   1.1432041E-02   1.5281304E+00   1.1571142E+00   1.1512052E+00   1.1232300E+00
   1.1638893E+00   1.0956827E+00   1.1282201E+00   1.0787265E+00   1.0529931E+00
   1.0096466E+00   1.0029918E+00   9.9235803E-01   9.8735773E-01   9.8562436E-01
   9.8430468E-01   9.8400185E-01   9.8380146E-01   9.8475010E-01   9.8538781E-01
   9.8590931E-01   9.8633084E-01   9.8673362E-01   9.8695306E-01   9.8715734E-01
   9.8726134E-01   9.8745019E-01   9.8763216E-01   9.8780775E-01   9.8797739E-01

   1.3525275E+02   6.6817091E+09   8.0502317E+10   3.4279034E+00   2.3382911E-05   7.2792964E+02   1.0000000E+00    22 
   4.4308281E-02   2.0560370E+00   1.3866653E+00   1.4813704E+00   1.3178285E+00
   1.3143808E+00   1.2138057E+00   1.1762533E+00   1.1566403E+00   1.1008314E+00
   1.0602218E+00   1.0408123E+00   1.0258794E+00   1.0160683E+00   1.0103925E+00
   1.0064557E+00   1.0040507E+00   1.0025100E+00   1.0020104E+00   1.0016490E+00
   1.0014003E+00   1.0012076E+00   1.0010235E+00   1.0009381E+00   1.0008596E+00
   1.0008358E+00   1.0007632E+00   1.0006933E+00   1.0006259E+00   1.0005608E+00

   1.2356812E+02   1.1316441E+10   1.3634361E+11   3.6397249E+00   2.3510080E-05   5.1492786E+02   1.0000000E+00    23 
   8.3971808E-02   2.3583658E+00   1.5053906E+00   1.3958123E+00   1.4691895E+00
   1.3719062E+00   1.2399983E+00   1.1911643E+00   1.1498083E+00   1.1056710E+00
   1.0696478E+00   1.0491276E+00   1.0355324E+00   1.0249965E+00   1.0183710E+00
   1.0137865E+00   1.0104928E+00   1.0083078E+00   1.0071205E+00   1.0062920E+00
   1.0057323E+00   1.0052949E+00   1.0048770E+00   1.0046759E+00   1.0044907E+00
   1.0044249E+00   1.0042536E+00   1.0040886E+00   1.0039293E+00   1.0037754E+00

   1.1645889E+02   1.8003724E+10   2.1691488E+11   3.7978840E+00   2.5015651E-05   3.6438532E+02   1.0000000E+00    24 
   1.2311229E-01   2.5300971E+00   1.6203281E+00   1.3948458E+00   1.5153847E+00
   1.3691654E+00   1.2199731E+00   1.1760582E+00   1.1201493E+00   1.1003179E+00
   1.0688807E+00   1.0485499E+00   1.0353805E+00   1.0253026E+00   1.0188963E+00
   1.0144819E+00   1.0112783E+00   1.0091017E+00   1.0077728E+00   1.0068579E+00
   1.0062327E+00   1.0057426E+00   1.0052743E+00   1.0050461E+00   1.0048357E+00
   1.0047575E+00   1.0045628E+00   1.0043753E+00   1.0041944E+00   1.0040195E+00

   1.1191196E+02   2.7466450E+10   3.3092522E+11   3.9319189E+00   2.8452185E-05   2.5864938E+02   1.0000000E+00    25 
   1.7018830E-01   2.6137552E+00   1.6863094E+00   1.4135567E+00   1.4304661E+00
   1.3526103E+00   1.2199021E+00   1.1690654E+00   1.1319407E+00   1.1013771E+00
   1.0688427E+00   1.0482650E+00   1.0340933E+00   1.0242674E+00   1.0180725E+00
   1.0138285E+00   1.0108497E+00   1.0088102E+00   1.0074866E+00   1.0065793E+00
   1.0059518E+00   1.0054585E+00   1.0049871E+00   1.0047550E+00   1.0045406E+00
   1.0044580E+00   1.0042599E+00   1.0040689E+00   1.0038846E+00   1.0037066E+00

   1.0890312E+02   4.0908108E+10   4.9287427E+11   4.0198851E+00   3.5282345E-05   1.8338929E+02   1.0000000E+00    26 
   2.0796128E-01   2.5430196E+00   1.6696101E+00   1.4138629E+00   1.3643438E+00
   1.3261578E+00   1.2227518E+00   1.1592919E+00   1.1241390E+00   1.0875218E+00
   1.0584185E+00   1.0405178E+00   1.0281643E+00   1.0199329E+00   1.0147231E+00
   1.0111803E+00   1.0087398E+00   1.0070685E+00   1.0059582E+00   1.0051960E+00
   1.0046684E+00   1.0042528E+00   1.0038557E+00   1.0036585E+00   1.0034764E+00
   1.0034043E+00   1.0032359E+00   1.0030736E+00   1.0029171E+00   1.0027658E+00

   1.0686730E+02   5.9855501E+10   7.2115837E+11   4.0754386E+00   4.6834655E-05   1.3015632E+02   1.0000000E+00    27 
   2.3845787E-01   2.4174395E+00   1.6236879E+00   1.3820389E+00   1.3018155E+00
   1.2808208E+00   1.1969035E+00   1.1310758E+00   1.0951862E+00   1.0642832E+00
   1.0423474E+00   1.0289567E+00   1.0199770E+00   1.0140368E+00   1.0102715E+00
   1.0077260E+00   1.0059869E+00   1.0047957E+00   1.0039995E+00   1.0034513E+00
   1.0030722E+00   1.0027730E+00   1.0024872E+00   1.0023444E+00   1.0022123E+00
   1.0021590E+00   1.0020369E+00   1.0019193E+00   1.0018058E+00   1.0016961E+00

   1.0545841E+02   8.6721494E+10   1.0448504E+12   4.1113460E+00   6.4906751E-05   9.2249065E+01   1.0000000E+00    28 
   2.6455907E-01   2.2771055E+00   1.5960884E+00   1.3470157E+00   1.2412099E+00
   1.2236918E+00   1.1506113E+00   1.0940812E+00   1.0640449E+00   1.0422585E+00
   1.0275001E+00   1.0185580E+00   1.0127411E+00   1.0088691E+00   1.0064268E+00
   1.0047845E+00   1.0036669E+00   1.0029005E+00   1.0023880E+00   1.0020337E+00
   1.0017885E+00   1.0015948E+00   1.0014097E+00   1.0013166E+00   1.0012305E+00
   1.0011951E+00   1.0011155E+00   1.0010388E+00   1.0009648E+00   1.0008933E+00

   1.0447983E+02   1.2501366E+11   1.5062157E+12   4.1367319E+00   9.2398122E-05   6.5195373E+01   1.0000000E+00    29 
   2.8975478E-01   2.1300202E+00   1.5972154E+00   1.3268560E+00   1.1962541E+00
   1.1707083E+00   1.1062759E+00   1.0623255E+00   1.0404259E+00   1.0261904E+00
   1.0168427E+00   1.0112513E+00   1.0077029E+00   1.0053082E+00   1.0038090E+00
   1.0028065E+00   1.0021254E+00   1.0016577E+00   1.0013445E+00   1.0011270E+00
   1.0009762E+00   1.0008568E+00   1.0007427E+00   1.0006851E+00   1.0006317E+00
   1.0006093E+00   1.0005599E+00   1.0005123E+00   1.0004664E+00   1.0004221E+00

   1.0379966E+02   1.7899177E+11   2.1565909E+12   4.1586957E+00   1.3299335E-04   4.6131403E+01   1.0000000E+00    30 
   3.1831784E-01   1.9876211E+00   1.6152924E+00   1.3235534E+00   1.1705703E+00
   1.1305483E+00   1.0752594E+00   1.0417967E+00   1.0260816E+00   1.0165373E+00
   1.0105141E+00   1.0069670E+00   1.0047596E+00   1.0032482E+00   1.0023091E+00
   1.0016848E+00   1.0012613E+00   1.0009702E+00   1.0007741E+00   1.0006373E+00
   1.0005421E+00   1.0004666E+00   1.0003944E+00   1.0003578E+00   1.0003238E+00
   1.0003093E+00   1.0002779E+00   1.0002477E+00   1.0002184E+00   1.0001902E+00

   1.0333957E+02   2.5013387E+11   3.0138127E+12   4.1647626E+00   1.9194416E-04   3.3303524E+01   1.0000000E+00    31 
   3.3694996E-01   1.8515036E+00   1.6151028E+00   1.3119170E+00   1.1475222E+00
   1.0954325E+00   1.0517103E+00   1.0273036E+00   1.0163888E+00   1.0101435E+00
   1.0063609E+00   1.0041824E+00   1.0028505E+00   1.0019266E+00   1.0013585E+00
   1.0009829E+00   1.0007284E+00   1.0005532E+00   1.0004344E+00   1.0003510E+00
   1.0002928E+00   1.0002466E+00   1.0002025E+00   1.0001801E+00   1.0001592E+00
   1.0001502E+00   1.0001310E+00   1.0001124E+00   1.0000945E+00   1.0000772E+00

   1.0311115E+02   3.6022566E+11   4.3404686E+12   4.1308373E+00   2.9649779E-04   2.3225478E+01   1.0000000E+00    32 
   3.1536058E-01   1.7059473E+00   1.5781396E+00   1.2768594E+00   1.1142146E+00
   1.0585577E+00   1.0284625E+00   1.0137152E+00   1.0077789E+00   1.0046747E+00
   1.0028659E+00   1.0018701E+00   1.0012774E+00   1.0008517E+00   1.0005967E+00
   1.0004287E+00   1.0003144E+00   1.0002353E+00   1.0001817E+00   1.0001437E+00
   1.0001172E+00   1.0000962E+00   1.0000761E+00   1.0000659E+00   1.0000564E+00
   1.0000523E+00   1.0000435E+00   1.0000351E+00   1.0000269E+00   1.0000191E+00

   1.0303449E+02   5.1165960E+11   6.1655873E+12   4.1001761E+00   4.4113922E-04   1.6373496E+01   1.0000000E+00    33 
   2.9145728E-01   1.6012218E+00   1.5542437E+00   1.2584744E+00   1.0984577E+00
   1.0425163E+00   1.0185828E+00   1.0082789E+00   1.0044413E+00   1.0025786E+00
   1.0015442E+00   1.0009976E+00   1.0006807E+00   1.0004481E+00   1.0003120E+00
   1.0002227E+00   1.0001618E+00   1.0001197E+00   1.0000911E+00   1.0000706E+00
   1.0000563E+00   1.0000450E+00   1.0000342E+00   1.0000288E+00   1.0000237E+00
   1.0000216E+00   1.0000169E+00   1.0000124E+00   1.0000080E+00   1.0000038E+00

   1.0299255E+02   7.0700504E+11   8.5204923E+12   4.0740925E+00   6.3123919E-04   1.1856899E+01   1.0000000E+00    34 
   2.7092742E-01   1.5075165E+00   1.5380011E+00   1.2487354E+00   1.0914520E+00
   1.0358603E+00   1.0147159E+00   1.0063354E+00   1.0032609E+00   1.0018286E+00
   1.0010717E+00   1.0006809E+00   1.0004591E+00   1.0002991E+00   1.0002065E+00
   1.0001462E+00   1.0001053E+00   1.0000772E+00   1.0000579E+00   1.0000440E+00
   1.0000343E+00   1.0000267E+00   1.0000195E+00   1.0000160E+00   1.0000127E+00
   1.0000113E+00   1.0000082E+00   1.0000053E+00   1.0000025E+00   1.0000001E+00

   1.0296080E+02   1.0098384E+12   1.2172607E+13   4.0502669E+00   9.3211664E-04   8.3038406E+00   1.0000000E+00    35 
   2.5348264E-01   1.4043328E+00   1.5218156E+00   1.2433854E+00   1.0895113E+00
   1.0339199E+00   1.0137554E+00   1.0059948E+00   1.0030273E+00   1.0016532E+00
   1.0009540E+00   1.0005927E+00   1.0003896E+00   1.0002519E+00   1.0001716E+00
   1.0001199E+00   1.0000853E+00   1.0000617E+00   1.0000453E+00   1.0000336E+00
   1.0000255E+00   1.0000192E+00   1.0000132E+00   1.0000105E+00   1.0000080E+00
   1.0000069E+00   1.0000045E+00   1.0000023E+00   1.0000001E+00   9.9999980E-01

   1.0292345E+02   1.4269505E+12   1.7206313E+13   4.0270020E+00   1.3741310E-03   5.8782133E+00   1.0000000E+00    36 
   2.3962803E-01   1.2700427E+00   1.4878307E+00   1.2396477E+00   1.0922980E+00
   1.0357438E+00   1.0149222E+00   1.0067286E+00   1.0033948E+00   1.0018318E+00
   1.0010490E+00   1.0006396E+00   1.0004097E+00   1.0002638E+00   1.0001772E+00
   1.0001221E+00   1.0000857E+00   1.0000611E+00   1.0000439E+00   1.0000319E+00
   1.0000235E+00   1.0000171E+00   1.0000110E+00   1.0000085E+00   1.0000062E+00
   1.0000051E+00   1.0000029E+00   1.0000008E+00   9.9999953E-01   9.9999953E-01

   1.0287946E+02   2.0142754E+12   2.4301189E+13   4.0169323E+00   2.0127987E-03   4.1651427E+00   1.0000000E+00    37 
   2.3817576E-01   1.1371206E+00   1.4253046E+00   1.2256719E+00   1.0918347E+00
   1.0369281E+00   1.0158775E+00   1.0073405E+00   1.0037159E+00   1.0019996E+00
   1.0011407E+00   1.0006878E+00   1.0004333E+00   1.0002778E+00   1.0001846E+00
   1.0001256E+00   1.0000869E+00   1.0000611E+00   1.0000430E+00   1.0000305E+00
   1.0000218E+00   1.0000153E+00   1.0000092E+00   1.0000069E+00   1.0000047E+00
   1.0000038E+00   1.0000018E+00   9.9999983E-01   9.9999936E-01   9.9999936E-01

   1.0282819E+02   2.8415363E+12   3.4304588E+13   4.0320189E+00   2.7876466E-03   2.9531994E+00   1.0000000E+00    38 
   2.4931587E-01   1.0335329E+00   1.3510564E+00   1.1937473E+00   1.0820857E+00
   1.0341014E+00   1.0149914E+00   1.0070501E+00   1.0035844E+00   1.0019299E+00
   1.0010995E+00   1.0006588E+00   1.0004112E+00   1.0002625E+00   1.0001729E+00
   1.0001163E+00   1.0000795E+00   1.0000550E+00   1.0000381E+00   1.0000264E+00
   1.0000183E+00   1.0000123E+00   1.0000068E+00   1.0000049E+00   1.0000030E+00
   1.0000025E+00   1.0000008E+00   9.9999933E-01   9.9999933E-01   9.9999933E-01

   1.0276873E+02   4.0090315E+12   4.8428475E+13   4.0821293E+00   3.4715284E-03   2.0941743E+00   1.0000000E+00    39 
   2.7152558E-01   9.7360550E-01   1.2782891E+00   1.1518501E+00   1.0653212E+00
   1.0276808E+00   1.0123847E+00   1.0059017E+00   1.0030166E+00   1.0016281E+00
   1.0009283E+00   1.0005545E+00   1.0003443E+00   1.0002191E+00   1.0001434E+00
   1.0000957E+00   1.0000648E+00   1.0000443E+00   1.0000303E+00   1.0000207E+00
   1.0000141E+00   1.0000093E+00   1.0000050E+00   1.0000034E+00   1.0000019E+00
   1.0000020E+00   1.0000006E+00   9.9999931E-01   9.9999801E-01   9.9999676E-01

   1.0270049E+02   5.6606439E+12   6.8401839E+13   4.1734535E+00   3.8254709E-03   1.4846026E+00   1.0000000E+00    40 
   3.0704515E-01   9.5130509E-01   1.2149612E+00   1.1123482E+00   1.0475764E+00
   1.0202013E+00   1.0090997E+00   1.0043703E+00   1.0022443E+00   1.0012151E+00
   1.0006941E+00   1.0004139E+00   1.0002561E+00   1.0001623E+00   1.0001055E+00
   1.0000697E+00   1.0000466E+00   1.0000313E+00   1.0000209E+00   1.0000139E+00
   1.0000091E+00   1.0000056E+00   1.0000027E+00   1.0000017E+00   1.0000008E+00
   1.0000010E+00   1.0000001E+00   9.9999925E-01   9.9999841E-01   9.9999760E-01

   1.0262342E+02   7.9837833E+12   9.6467907E+13   4.3089438E+00   3.7290435E-03   1.0542925E+00   1.0000000E+00    41 
   3.5786180E-01   9.5091948E-01   1.1630357E+00   1.0798674E+00   1.0326402E+00
   1.0136423E+00   1.0061034E+00   1.0029287E+00   1.0015057E+00   1.0008170E+00
   1.0004674E+00   1.0002785E+00   1.0001718E+00   1.0001085E+00   1.0000700E+00
   1.0000458E+00   1.0000302E+00   1.0000199E+00   1.0000130E+00   1.0000084E+00
   1.0000053E+00   1.0000031E+00   1.0000014E+00   1.0000008E+00   1.0000002E+00
   1.0000004E+00   9.9999988E-01   9.9999936E-01   9.9999886E-01   9.9999838E-01

   1.0254756E+02   1.0813348E+13   1.3061232E+14   4.4695174E+00   3.3020148E-03   7.7989620E-01   1.0000000E+00    42 
   4.1776933E-01   9.5793163E-01   1.1243223E+00   1.0566949E+00   1.0222745E+00
   1.0090957E+00   1.0040166E+00   1.0019156E+00   1.0009824E+00   1.0005329E+00
   1.0003049E+00   1.0001814E+00   1.0001115E+00   1.0000701E+00   1.0000449E+00
   1.0000291E+00   1.0000189E+00   1.0000123E+00   1.0000078E+00   1.0000049E+00
   1.0000030E+00   1.0000016E+00   1.0000007E+00   1.0000003E+00   9.9999998E-01
   1.0000002E+00   9.9999984E-01   9.9999954E-01   9.9999925E-01   9.9999896E-01

   1.0247369E+02   1.4184248E+13   1.7125313E+14   4.6495384E+00   2.7518756E-03   5.9573726E-01   1.0000000E+00    43 
   4.8546379E-01   9.6596046E-01   1.0944135E+00   1.0399822E+00   1.0150859E+00
   1.0060116E+00   1.0026186E+00   1.0012400E+00   1.0006334E+00   1.0003428E+00
   1.0001959E+00   1.0001163E+00   1.0000712E+00   1.0000445E+00   1.0000283E+00
   1.0000181E+00   1.0000116E+00   1.0000074E+00   1.0000046E+00   1.0000029E+00
   1.0000017E+00   1.0000008E+00   1.0000003E+00   1.0000001E+00   9.9999992E-01
   1.0000000E+00   9.9999984E-01   9.9999966E-01   9.9999948E-01   9.9999931E-01

   1.0239913E+02   1.8319009E+13   2.2107639E+14   4.8537522E+00   2.1858192E-03   4.6220706E-01   1.0000000E+00    44 
   5.6166942E-01   9.7375476E-01   1.0701460E+00   1.0274859E+00   1.0099436E+00
   1.0038710E+00   1.0016655E+00   1.0007836E+00   1.0003984E+00   1.0002150E+00
   1.0001225E+00   1.0000724E+00   1.0000441E+00   1.0000274E+00   1.0000172E+00
   1.0000109E+00   1.0000068E+00   1.0000042E+00   1.0000026E+00   1.0000015E+00
   1.0000009E+00   1.0000004E+00   1.0000002E+00   1.0000001E+00   9.9999996E-01
   1.0000000E+00   9.9999995E-01   9.9999986E-01   9.9999977E-01   9.9999969E-01

   1.0232234E+02   2.3514812E+13   2.8366900E+14   5.0864573E+00   1.6659920E-03   3.6080620E-01   1.0000000E+00    45 
   6.4461424E-01   9.8113943E-01   1.0502333E+00   1.0181523E+00   1.0062942E+00
   1.0024000E+00   1.0010219E+00   1.0004780E+00   1.0002420E+00   1.0001301E+00
   1.0000738E+00   1.0000435E+00   1.0000263E+00   1.0000162E+00   1.0000101E+00
   1.0000063E+00   1.0000039E+00   1.0000023E+00   1.0000014E+00   1.0000008E+00
   1.0000004E+00   1.0000002E+00   1.0000001E+00   1.0000000E+00   9.9999997E-01
   1.0000000E+00   9.9999996E-01   9.9999992E-01   9.9999987E-01   9.9999983E-01

   1.0224233E+02   3.0175194E+13   3.6389853E+14   5.3518948E+00   1.2239065E-03   2.8173224E-01   1.0000000E+00    46 
   7.2954809E-01   9.8817398E-01   1.0341957E+00   1.0113836E+00   1.0037925E+00
   1.0014210E+00   1.0005998E+00   1.0002792E+00   1.0001408E+00   1.0000754E+00
   1.0000426E+00   1.0000249E+00   1.0000150E+00   1.0000091E+00   1.0000056E+00
   1.0000034E+00   1.0000021E+00   1.0000012E+00   1.0000007E+00   1.0000004E+00
   1.0000002E+00   1.0000001E+00   1.0000000E+00   1.0000000E+00   9.9999999E-01
   1.0000000E+00   9.9999998E-01   9.9999996E-01   9.9999993E-01   9.9999991E-01

   1.0215847E+02   3.8850212E+13   4.6839809E+14   5.6536813E+00   8.7168019E-04   2.1925969E-01   1.0000000E+00    47 
   8.0855878E-01   9.9452906E-01   1.0218097E+00   1.0067050E+00   1.0021564E+00
   1.0007960E+00   1.0003335E+00   1.0001545E+00   1.0000776E+00   1.0000414E+00
   1.0000232E+00   1.0000135E+00   1.0000081E+00   1.0000049E+00   1.0000029E+00
   1.0000018E+00   1.0000010E+00   1.0000006E+00   1.0000003E+00   1.0000002E+00
   1.0000001E+00   1.0000000E+00   1.0000000E+00   1.0000000E+00   9.9999999E-01
   1.0000000E+00   9.9999999E-01   9.9999998E-01   9.9999997E-01   9.9999996E-01

   1.0207031E+02   5.0326290E+13   6.0665428E+14   5.9947116E+00   6.0863507E-04   1.6959821E-01   1.0000000E+00    48 
   8.7339678E-01   9.9957684E-01   1.0128391E+00   1.0036756E+00   1.0011482E+00
   1.0004182E+00   1.0001741E+00   1.0000804E+00   1.0000402E+00   1.0000213E+00
   1.0000119E+00   1.0000069E+00   1.0000041E+00   1.0000024E+00   1.0000014E+00
   1.0000008E+00   1.0000005E+00   1.0000003E+00   1.0000001E+00   1.0000001E+00
   1.0000000E+00   1.0000000E+00   1.0000000E+00   1.0000000E+00   1.0000000E+00
   1.0000000E+00   1.0000000E+00   9.9999999E-01   9.9999999E-01   9.9999998E-01

   1.0197771E+02   6.5732688E+13   7.9229842E+14   6.3764184E+00   4.2504364E-04   1.3010766E-01   1.0000000E+00    49 
   9.2029357E-01   1.0026151E+00   1.0068847E+00   1.0018570E+00   1.0005666E+00
   1.0002037E+00   1.0000844E+00   1.0000388E+00   1.0000193E+00   1.0000102E+00
   1.0000057E+00   1.0000032E+00   1.0000019E+00   1.0000011E+00   1.0000006E+00
   1.0000004E+00   1.0000002E+00   1.0000001E+00   1.0000001E+00   1.0000000E+00
   1.0000000E+00   1.0000000E+00   1.0000000E+00   1.0000000E+00   1.0000000E+00
   1.0000000E+00   1.0000000E+00   1.0000000E+00   1.0000000E+00   1.0000000E+00

   1.0188086E+02   8.6602575E+13   1.0438498E+15   6.7995319E+00   3.0394628E-04   9.8953532E-02   1.0000000E+00    50 
   9.5170967E-01   1.0036232E+00   1.0033731E+00   1.0008651E+00   1.0002586E+00
   1.0000916E+00   1.0000378E+00   1.0000173E+00   1.0000086E+00   1.0000045E+00
   1.0000025E+00   1.0000014E+00   1.0000008E+00   1.0000005E+00   1.0000003E+00
   1.0000001E+00   1.0000001E+00   1.0000000E+00   1.0000000E+00   1.0000000E+00
   1.0000000E+00   1.0000000E+00   1.0000000E+00   1.0000000E+00   1.0000000E+00
   1.0000000E+00   1.0000000E+00   1.0000000E+00   1.0000000E+00   1.0000000E+00

   1.0178030E+02   1.1462722E+14   1.3817440E+15   7.2649268E+00   2.2627588E-04   7.4914494E-02   1.0000000E+00    51 
   9.7241344E-01   1.0032352E+00   1.0015547E+00   1.0003803E+00   1.0001114E+00
   1.0000387E+00   1.0000159E+00   1.0000073E+00   1.0000036E+00   1.0000019E+00
   1.0000010E+00   1.0000006E+00   1.0000003E+00   1.0000002E+00   1.0000001E+00
   1.0000001E+00   1.0000000E+00   1.0000000E+00   1.0000000E+00   1.0000000E+00
   1.0000000E+00   1.0000000E+00   1.0000000E+00   1.0000000E+00   1.0000000E+00
   1.0000000E+00   1.0000000E+00   1.0000000E+00   1.0000000E+00   1.0000000E+00

   1.0167649E+02   1.5142677E+14   1.8255239E+15   7.7749290E+00   1.7635935E-04   5.6827558E-02   1.0000000E+00    52 
   9.8487530E-01   1.0023142E+00   1.0007087E+00   1.0001654E+00   1.0000474E+00
   1.0000159E+00   1.0000065E+00   1.0000030E+00   1.0000015E+00   1.0000008E+00
   1.0000004E+00   1.0000002E+00   1.0000001E+00   1.0000001E+00   1.0000000E+00
   1.0000000E+00   1.0000000E+00   1.0000000E+00   1.0000000E+00   1.0000000E+00
   1.0000000E+00   1.0000000E+00   1.0000000E+00   1.0000000E+00   1.0000000E+00
   1.0000000E+00   1.0000000E+00   1.0000000E+00   1.0000000E+00   1.0000000E+00

   1.0156938E+02   1.9855248E+14   2.3938737E+15   8.3330661E+00   1.4400813E-04   4.3432605E-02   1.0000000E+00    53 
   9.9120726E-01   1.0014419E+00   1.0003315E+00   1.0000741E+00   1.0000207E+00
   1.0000067E+00   1.0000027E+00   1.0000013E+00   1.0000006E+00   1.0000003E+00
   1.0000002E+00   1.0000001E+00   1.0000001E+00   1.0000000E+00   1.0000000E+00
   1.0000000E+00   1.0000000E+00   1.0000000E+00   1.0000000E+00   1.0000000E+00
   1.0000000E+00   1.0000000E+00   1.0000000E+00   1.0000000E+00   1.0000000E+00
   1.0000000E+00   1.0000000E+00   1.0000000E+00   1.0000000E+00   1.0000000E+00

   1.0145830E+02   2.5805934E+14   3.1116339E+15   8.9428291E+00   1.2316841E-04   3.3491228E-02   1.0000000E+00    54 
   9.9423013E-01   1.0008171E+00   1.0001581E+00   1.0000341E+00   1.0000093E+00
   1.0000029E+00   1.0000012E+00   1.0000005E+00   1.0000003E+00   1.0000001E+00
   1.0000001E+00   1.0000000E+00   1.0000000E+00   1.0000000E+00   1.0000000E+00
   1.0000000E+00   1.0000000E+00   1.0000000E+00   1.0000000E+00   1.0000000E+00
   1.0000000E+00   1.0000000E+00   1.0000000E+00   1.0000000E+00   1.0000000E+00
   1.0000000E+00   1.0000000E+00   1.0000000E+00   1.0000000E+00   1.0000000E+00

   1.0134230E+02   3.3293589E+14   4.0150075E+15   9.6077843E+00   1.0993878E-04   2.6018932E-02   1.0000000E+00    55 
   9.9579524E-01   1.0004364E+00   1.0000755E+00   1.0000158E+00   1.0000043E+00
   1.0000013E+00   1.0000005E+00   1.0000002E+00   1.0000001E+00   1.0000001E+00
   1.0000000E+00   1.0000000E+00   1.0000000E+00   1.0000000E+00   1.0000000E+00
   1.0000000E+00   1.0000000E+00   1.0000000E+00   1.0000000E+00   1.0000000E+00
   1.0000000E+00   1.0000000E+00   1.0000000E+00   1.0000000E+00   1.0000000E+00
   1.0000000E+00   1.0000000E+00   1.0000000E+00   1.0000000E+00   1.0000000E+00

   1.0122043E+02   4.2697705E+14   5.1498192E+15   1.0331287E+01   1.0168150E-04   2.0337346E-02   1.0000000E+00    56 
   9.9677485E-01   1.0002282E+00   1.0000364E+00   1.0000075E+00   1.0000020E+00
   1.0000006E+00   1.0000002E+00   1.0000001E+00   1.0000001E+00   1.0000000E+00
   1.0000000E+00   1.0000000E+00   1.0000000E+00   1.0000000E+00   1.0000000E+00
   1.0000000E+00   1.0000000E+00   1.0000000E+00   1.0000000E+00   1.0000000E+00
   1.0000000E+00   1.0000000E+00   1.0000000E+00   1.0000000E+00   1.0000000E+00
   1.0000000E+00   1.0000000E+00   1.0000000E+00   1.0000000E+00   1.0000000E+00

   1.0109170E+02   5.4538578E+14   6.5786482E+15   1.1117055E+01   9.6706469E-05   1.5962558E-02   1.0000000E+00    57 
   9.9759367E-01   1.0001193E+00   1.0000179E+00   1.0000036E+00   1.0000009E+00
   1.0000003E+00   1.0000001E+00   1.0000000E+00   1.0000000E+00   1.0000000E+00
   1.0000000E+00   1.0000000E+00   1.0000000E+00   1.0000000E+00   1.0000000E+00
   1.0000000E+00   1.0000000E+00   1.0000000E+00   1.0000000E+00   1.0000000E+00
   1.0000000E+00   1.0000000E+00   1.0000000E+00   1.0000000E+00   1.0000000E+00
   1.0000000E+00   1.0000000E+00   1.0000000E+00   1.0000000E+00   1.0000000E+00

   1.0095493E+02   6.9656186E+14   8.4026701E+15   1.1969203E+01   9.4069512E-05   1.2532095E-02   1.0000000E+00    58 
   9.9841237E-01   1.0000598E+00   1.0000086E+00   1.0000017E+00   1.0000004E+00
   1.0000001E+00   1.0000001E+00   1.0000000E+00   1.0000000E+00   1.0000000E+00
   1.0000000E+00   1.0000000E+00   1.0000000E+00   1.0000000E+00   1.0000000E+00
   1.0000000E+00   1.0000000E+00   1.0000000E+00   1.0000000E+00   1.0000000E+00
   1.0000000E+00   1.0000000E+00   1.0000000E+00   1.0000000E+00   1.0000000E+00
   1.0000000E+00   1.0000000E+00   1.0000000E+00   1.0000000E+00   1.0000000E+00

   1.0080607E+02   8.9814897E+14   1.0834728E+16   1.2911718E+01   9.3259970E-05   9.7480358E-03   1.0000000E+00    59 
   9.9907850E-01   1.0000286E+00   1.0000040E+00   1.0000008E+00   1.0000002E+00
   1.0000001E+00   1.0000000E+00   1.0000000E+00   1.0000000E+00   1.0000000E+00
   1.0000000E+00   1.0000000E+00   1.0000000E+00   1.0000000E+00   1.0000000E+00
   1.0000000E+00   1.0000000E+00   1.0000000E+00   1.0000000E+00   1.0000000E+00
   1.0000000E+00   1.0000000E+00   1.0000000E+00   1.0000000E+00   1.0000000E+00
   1.0000000E+00   1.0000000E+00   1.0000000E+00   1.0000000E+00   1.0000000E+00

   1.0068651E+02   1.0940853E+15   1.3198529E+16   1.3679974E+01   9.3655363E-05   8.0213027E-03   1.0000000E+00    60 
   9.9943482E-01   1.0000158E+00   1.0000022E+00   1.0000004E+00   1.0000001E+00
   1.0000000E+00   1.0000000E+00   1.0000000E+00   1.0000000E+00   1.0000000E+00
   1.0000000E+00   1.0000000E+00   1.0000000E+00   1.0000000E+00   1.0000000E+00
   1.0000000E+00   1.0000000E+00   1.0000000E+00   1.0000000E+00   1.0000000E+00
   1.0000000E+00   1.0000000E+00   1.0000000E+00   1.0000000E+00   1.0000000E+00
   1.0000000E+00   1.0000000E+00   1.0000000E+00   1.0000000E+00   1.0000000E+00

   1.0062098E+02   1.2167833E+15   1.4678757E+16   1.4105755E+01   9.4179183E-05   7.2218434E-03   1.0000000E+00    61 
   9.9957804E-01   1.0000114E+00   1.0000015E+00   1.0000003E+00   1.0000001E+00
   1.0000000E+00   1.0000000E+00   1.0000000E+00   1.0000000E+00   1.0000000E+00
   1.0000000E+00   1.0000000E+00   1.0000000E+00   1.0000000E+00   1.0000000E+00
   1.0000000E+00   1.0000000E+00   1.0000000E+00   1.0000000E+00   1.0000000E+00
   1.0000000E+00   1.0000000E+00   1.0000000E+00   1.0000000E+00   1.0000000E+00
   1.0000000E+00   1.0000000E+00   1.0000000E+00   1.0000000E+00   1.0000000E+00

   1.0058758E+02   1.2840278E+15   1.5489991E+16   1.4324159E+01   9.4520085E-05   6.8481798E-03   1.0000000E+00    62 
   9.9956741E-01   1.0000119E+00   1.0000016E+00   1.0000003E+00   1.0000001E+00
   1.0000000E+00   1.0000000E+00   1.0000000E+00   1.0000000E+00   1.0000000E+00
   1.0000000E+00   1.0000000E+00   1.0000000E+00   1.0000000E+00   1.0000000E+00
   1.0000000E+00   1.0000000E+00   1.0000000E+00   1.0000000E+00   1.0000000E+00
   1.0000000E+00   1.0000000E+00   1.0000000E+00   1.0000000E+00   1.0000000E+00
   1.0000000E+00   1.0000000E+00   1.0000000E+00   1.0000000E+00   1.0000000E+00

   1.0057637E+02   1.3074194E+15   1.5772185E+16   1.4397884E+01   9.4645887E-05   6.7271547E-03   1.0000000E+00    63 
   9.9958688E-01   1.0000255E+00   1.0000055E+00   1.0000012E+00   1.0000004E+00
   1.0000001E+00   1.0000001E+00   1.0000000E+00   1.0000000E+00   1.0000000E+00
   1.0000000E+00   1.0000000E+00   1.0000000E+00   1.0000000E+00   1.0000000E+00
   1.0000000E+00   1.0000000E+00   1.0000000E+00   1.0000000E+00   1.0000000E+00
   1.0000000E+00   1.0000000E+00   1.0000000E+00   1.0000000E+00   1.0000000E+00
   1.0000000E+00   1.0000000E+00   1.0000000E+00   1.0000000E+00   1.0000000E+00
