
 24-FEB-2004                           !Format date

   1.0057637E+02     1.0810E+06       30       63

   1.1341482E+04   2.3461377E+05   2.8249382E+06   1.8495937E+00   6.9431722E-05   2.9481942E+03   1.0000000E+00     1 
   2.2166775E-04   5.1036413E-03   2.4419300E-01   8.9565862E-01   5.8127247E-01
   2.6515729E-01   4.6082617E-01   6.1515730E-01   8.8961187E-01   7.9569713E-01
   6.9669853E-01   7.1264457E-01   7.5075018E-01   7.8609760E-01   8.1121267E-01
   8.3107970E-01   8.3662790E-01   6.7193783E-01   8.6013329E-01   8.0372990E-01
   8.4009179E-01   8.6055033E-01   8.8009929E-01   8.7280528E-01   8.6496371E-01
   8.4230667E-01   8.3518493E-01   8.2832222E-01   8.2170036E-01   8.1530301E-01

   1.1234034E+04   2.3914393E+05   2.8794849E+06   1.8496862E+00   6.9424604E-05   2.9479382E+03   1.0000000E+00     2 
   2.1783435E-04   5.1281000E-03   2.4412972E-01   8.9572193E-01   5.8143889E-01
   2.6520351E-01   4.6090144E-01   6.1503817E-01   8.8959987E-01   7.9577817E-01
   6.9670317E-01   7.1262492E-01   7.5071208E-01   7.8605206E-01   8.1116385E-01
   8.3102935E-01   8.3655974E-01   6.7196802E-01   8.6001669E-01   8.0373893E-01
   8.4005310E-01   8.6048774E-01   8.8001387E-01   8.7273862E-01   8.6491635E-01
   8.4230065E-01   8.3519625E-01   8.2835025E-01   8.2174451E-01   8.1536274E-01

   1.1021993E+04   2.4847761E+05   2.9918700E+06   1.8498852E+00   6.9409853E-05   2.9474172E+03   1.0000000E+00     3 
   2.1041250E-04   5.1744391E-03   2.4423806E-01   8.9637385E-01   5.8176802E-01
   2.6530711E-01   4.6105695E-01   6.1479024E-01   8.8958684E-01   7.9594949E-01
   6.9671552E-01   7.1258763E-01   7.5063792E-01   7.8596243E-01   8.1106805E-01
   8.3093062E-01   8.3642423E-01   6.7203371E-01   8.5978151E-01   8.0376107E-01
   8.3997741E-01   8.6036298E-01   8.7984222E-01   8.7260519E-01   8.6482224E-01
   8.4229096E-01   8.3522189E-01   8.2840994E-01   8.2183705E-01   8.1548701E-01

   1.0610344E+04   2.6822917E+05   3.2296947E+06   1.8503157E+00   6.9376697E-05   2.9463495E+03   1.0000000E+00     4 
   1.9644710E-04   5.2651333E-03   2.4503352E-01   8.9861527E-01   5.8243996E-01
   2.6553773E-01   4.6137678E-01   6.1426875E-01   8.8955766E-01   7.9629818E-01
   6.9673361E-01   7.1250359E-01   7.5047838E-01   7.8577004E-01   8.1086253E-01
   8.3071894E-01   8.3613473E-01   6.7216856E-01   8.5928224E-01   8.0380166E-01
   8.3981304E-01   8.6009576E-01   8.7947672E-01   8.7231959E-01   8.6461887E-01
   8.4226430E-01   8.3526912E-01   8.2852836E-01   8.2202418E-01   8.1574052E-01

   9.8324823E+03   3.1258649E+05   3.7637926E+06   1.8512146E+00   6.9302535E-05   2.9441008E+03   1.0000000E+00     5 
   1.7132896E-04   5.4649084E-03   2.4698877E-01   9.0370671E-01   5.8389461E-01
   2.6604752E-01   4.6206194E-01   6.1315934E-01   8.8945317E-01   7.9703297E-01
   6.9676104E-01   7.1231283E-01   7.5012386E-01   7.8534212E-01   8.1040316E-01
   8.3024495E-01   8.3548699E-01   6.7246408E-01   8.5817212E-01   8.0388065E-01
   8.3944253E-01   8.5949968E-01   8.7866511E-01   8.7168285E-01   8.6416210E-01
   8.4219474E-01   8.3536134E-01   8.2877649E-01   8.2242273E-01   8.1628440E-01

   8.4398396E+03   4.2499491E+05   5.1172808E+06   1.8530458E+00   6.9130216E-05   2.9389838E+03   1.0000000E+00     6 
   1.3020309E-04   5.9309267E-03   2.5116168E-01   9.1460452E-01   5.8689149E-01
   2.6723592E-01   4.6355920E-01   6.1044899E-01   8.8894130E-01   7.9864009E-01
   6.9675798E-01   7.1179881E-01   7.4922708E-01   7.8425446E-01   8.0923650E-01
   8.2903982E-01   8.3385427E-01   6.7317143E-01   8.5542303E-01   8.0400168E-01
   8.3848661E-01   8.5800372E-01   8.7665311E-01   8.7008833E-01   8.6299737E-01
   8.4195652E-01   8.3550980E-01   8.2929756E-01   8.2330334E-01   8.1751236E-01

   6.2778820E+03   7.7139525E+05   9.2882207E+06   1.8563132E+00   6.8907677E-05   2.9264839E+03   1.0000000E+00     7 
   7.6124829E-05   6.9544440E-03   2.5919155E-01   9.3654197E-01   5.9307017E-01
   2.7075616E-01   4.6791491E-01   6.0398400E-01   8.8856887E-01   8.0413344E-01
   6.9796255E-01   7.1151650E-01   7.4785713E-01   7.8243859E-01   8.0719552E-01
   8.2678575E-01   8.3027943E-01   6.7613035E-01   8.4886549E-01   8.0508812E-01
   8.3677279E-01   8.5488527E-01   8.7219248E-01   8.6669946E-01   8.6071268E-01
   8.4206774E-01   8.3661637E-01   8.3136328E-01   8.2629455E-01   8.2139767E-01

   4.6756742E+03   1.3984896E+06   1.6838946E+07   1.8603975E+00   6.8668473E-05   2.9100589E+03   1.0000000E+00     8 
   4.5237798E-05   8.2463445E-03   2.6645725E-01   9.5834855E-01   6.0028113E-01
   2.7539121E-01   4.7260139E-01   5.9326870E-01   8.8474511E-01   8.0956490E-01
   6.9740950E-01   7.0905014E-01   7.4408474E-01   7.7779331E-01   8.0237601E-01
   8.2191678E-01   8.2360508E-01   6.8001027E-01   8.3797499E-01   8.0486388E-01
   8.3286423E-01   8.4917004E-01   8.6475091E-01   8.6073325E-01   8.5626291E-01
   8.4086302E-01   8.3678402E-01   8.3285338E-01   8.2906069E-01   8.2539658E-01

   3.4842997E+03   2.5374386E+06   3.0552823E+07   1.8657246E+00   6.8262973E-05   2.8881725E+03   1.0000000E+00     9 
   2.7425067E-05   1.0288210E-02   2.7806072E-01   9.9070027E-01   6.0876381E-01
   2.7913472E-01   4.7797158E-01   5.7954026E-01   8.7958942E-01   8.1660463E-01
   6.9689101E-01   7.0573705E-01   7.3890029E-01   7.7187850E-01   7.9611769E-01
   8.1493022E-01   8.1393525E-01   6.8610692E-01   8.2377539E-01   8.0348218E-01
   8.2740134E-01   8.4177141E-01   8.5550260E-01   8.5323374E-01   8.5055492E-01
   8.3891115E-01   8.3646104E-01   8.3410004E-01   8.3182191E-01   8.2962101E-01

   2.5985463E+03   4.6089987E+06   5.5496119E+07   1.8726938E+00   6.7633869E-05   2.8587913E+03   1.0000000E+00    10 
   1.7062826E-05   1.3284137E-02   2.9265950E-01   1.0296183E+00   6.1885913E-01
   2.8512917E-01   4.8493052E-01   5.6184651E-01   8.7061178E-01   8.2542152E-01
   6.9659373E-01   7.0114097E-01   7.3231205E-01   7.6373395E-01   7.8730405E-01
   8.0533942E-01   8.0139120E-01   6.9449110E-01   8.0711929E-01   7.9947759E-01
   8.1966360E-01   8.3236635E-01   8.4450434E-01   8.4404225E-01   8.4320454E-01
   8.3528124E-01   8.3451331E-01   8.3377331E-01   8.3305928E-01   8.3236946E-01

   1.9408575E+03   8.3773621E+06   1.0087043E+08   1.8822690E+00   6.6946739E-05   2.8193933E+03   1.0000000E+00    11 
   1.1115732E-05   1.9517611E-02   3.1173033E-01   1.0798183E+00   6.3307324E-01
   2.9434609E-01   4.9562157E-01   5.4029426E-01   8.5767707E-01   8.3760318E-01
   6.9817410E-01   6.9655686E-01   7.2447283E-01   7.5412151E-01   7.7657868E-01
   7.9252289E-01   7.8640142E-01   7.0446829E-01   7.9077411E-01   7.9297775E-01
   8.1029520E-01   8.2181764E-01   8.3282781E-01   8.3396938E-01   8.3475690E-01
   8.2998761E-01   8.3071087E-01   8.3140783E-01   8.3208032E-01   8.3273001E-01

   1.4530208E+03   1.5231518E+07   1.8340066E+08   1.8957601E+00   6.5943523E-05   2.7667114E+03   1.0000000E+00    12 
   7.7283881E-06   2.3999547E-02   3.3493122E-01   1.1378488E+00   6.5129449E-01
   3.0897468E-01   5.1094136E-01   5.1598057E-01   8.3914203E-01   8.5220765E-01
   7.0363250E-01   6.9130812E-01   7.1558932E-01   7.4210035E-01   7.6315676E-01
   7.7704089E-01   7.7040765E-01   7.1362864E-01   7.7608756E-01   7.8425916E-01
   7.9946749E-01   8.1013528E-01   8.2032879E-01   8.2266774E-01   8.2466787E-01
   8.2225080E-01   8.2409024E-01   8.2586277E-01   8.2757310E-01   8.2922544E-01

   1.0915123E+03   2.7692236E+07   3.3344042E+08   1.9147175E+00   6.4500709E-05   2.6967212E+03   1.0000000E+00    13 
   5.8692452E-06   3.0190159E-02   3.5970007E-01   1.1925677E+00   6.7324475E-01
   3.3239257E-01   5.3217111E-01   4.9319912E-01   8.1378285E-01   8.6695127E-01
   7.1544089E-01   6.8716488E-01   7.0633972E-01   7.2905470E-01   7.4739281E-01
   7.5907280E-01   7.5465414E-01   7.2022557E-01   7.6415534E-01   7.7498748E-01
   7.8849844E-01   7.9837683E-01   8.0781604E-01   8.1086959E-01   8.1360157E-01
   8.1275319E-01   8.1526819E-01   8.1769172E-01   8.2003019E-01   8.2228938E-01

   8.2390322E+02   5.0309998E+07   6.0578738E+08   1.9422445E+00   6.2465703E-05   2.6052265E+03   1.0000000E+00    14 
   5.1011034E-06   3.9396978E-02   3.8074137E-01   1.2241934E+00   6.9871679E-01
   3.7207919E-01   5.6047780E-01   4.8392217E-01   7.8416941E-01   8.7516909E-01
   7.3827234E-01   6.8779185E-01   6.9866424E-01   7.1671338E-01   7.3202518E-01
   7.4232932E-01   7.4187092E-01   7.2481251E-01   7.5613936E-01   7.6775396E-01
   7.7986154E-01   7.8897992E-01   7.9769290E-01   8.0107747E-01   8.0415994E-01
   8.0426557E-01   8.0710525E-01   8.0984165E-01   8.1248202E-01   8.1503286E-01

   6.2602163E+02   9.1153892E+07   1.0976257E+09   1.9845700E+00   5.9527150E-05   2.4905748E+03   1.0000000E+00    15 
   5.5437558E-06   5.4199769E-02   4.0431785E-01   1.2331313E+00   7.3157118E-01
   4.2749628E-01   5.9875183E-01   4.9874015E-01   7.6055911E-01   8.6871935E-01
   7.7389319E-01   7.0068766E-01   6.9791350E-01   7.1030175E-01   7.2248533E-01
   7.3239874E-01   7.3627506E-01   7.3127767E-01   7.5481103E-01   7.6636891E-01
   7.7731160E-01   7.8571816E-01   7.9375096E-01   7.9721534E-01   8.0039752E-01
   8.0103598E-01   8.0396908E-01   8.0679548E-01   8.0952270E-01   8.1215745E-01

   4.7890745E+02   1.6536850E+08   1.9914092E+09   2.0523961E+00   5.5337703E-05   2.3458450E+03   1.0000000E+00    16 
   8.5505187E-06   8.0993686E-02   4.4439756E-01   1.2203208E+00   7.7645339E-01
   4.9851540E-01   6.4756577E-01   5.5603226E-01   7.5978110E-01   8.4280941E-01
   8.1444467E-01   7.3597859E-01   7.1311048E-01   7.1719037E-01   7.2628816E-01
   7.3610032E-01   7.4329093E-01   7.4570754E-01   7.6442396E-01   7.7547540E-01
   7.8534148E-01   7.9301698E-01   8.0035123E-01   8.0371410E-01   8.0681648E-01
   8.0771372E-01   8.1057451E-01   8.1333125E-01   8.1599124E-01   8.1856105E-01

   3.6959393E+02   3.0153306E+08   3.6315609E+09   2.1590312E+00   4.9807791E-05   2.1600962E+03   1.0000000E+00    17 
   2.0812258E-05   1.3474386E-01   5.1964481E-01   1.1518995E+00   8.3055431E-01
   5.9229334E-01   7.0267022E-01   6.4844128E-01   7.9179942E-01   8.1343922E-01
   8.3780554E-01   7.9199909E-01   7.5649972E-01   7.4856925E-01   7.5236734E-01
   7.6085458E-01   7.6928075E-01   7.7520490E-01   7.9037292E-01   8.0038963E-01
   8.0901111E-01   8.1577041E-01   8.2222919E-01   8.2530347E-01   8.2814590E-01
   8.2911353E-01   8.3173581E-01   8.3426270E-01   8.3670092E-01   8.3905647E-01

   2.8900439E+02   5.5413807E+08   6.6747743E+09   2.3126674E+00   4.3729115E-05   1.9223545E+03   1.0000000E+00    18 
   7.6928897E-05   2.4336556E-01   6.2430800E-01   9.5379026E-01   8.7483142E-01
   7.1312193E-01   7.6730680E-01   7.6994156E-01   8.3347043E-01   8.2621867E-01
   8.3377035E-01   8.3853048E-01   8.2213682E-01   8.1021489E-01   8.0705112E-01
   8.1114094E-01   8.1751438E-01   8.2329429E-01   8.3464755E-01   8.4270917E-01
   8.4954195E-01   8.5493012E-01   8.6007873E-01   8.6260182E-01   8.6493799E-01
   8.6582361E-01   8.6798003E-01   8.7005802E-01   8.7206309E-01   8.7400017E-01

   2.3028591E+02   1.0130710E+09   1.2204120E+10   2.5283629E+00   3.7537910E-05   1.6561071E+03   1.0000000E+00    19 
   4.2407750E-04   4.6652760E-01   7.0496991E-01   8.5796850E-01   9.4435107E-01
   8.6048141E-01   8.6088744E-01   9.0694825E-01   8.9168847E-01   8.8887204E-01
   8.5991967E-01   8.6914038E-01   8.7818669E-01   8.8129110E-01   8.7934382E-01
   8.8011858E-01   8.8253648E-01   8.8530537E-01   8.9189099E-01   8.9684350E-01
   9.0110637E-01   9.0449853E-01   9.0773988E-01   9.0939570E-01   9.1093227E-01
   9.1159637E-01   9.1301568E-01   9.1438337E-01   9.1570306E-01   9.1697801E-01

   1.8732298E+02   1.8724917E+09   2.2558788E+10   2.8072781E+00   3.1683243E-05   1.3541399E+03   1.0000000E+00    20 
   2.7087211E-03   8.8444878E-01   7.5839668E-01   8.7243663E-01   1.0280863E+00
   1.0272664E+00   9.9303357E-01   1.0545549E+00   9.8339289E-01   9.7110802E-01
   9.3395506E-01   9.3094504E-01   9.3161825E-01   9.3664434E-01   9.3925174E-01
   9.4144169E-01   9.4317166E-01   9.4438601E-01   9.4754811E-01   9.4983980E-01
   9.5177070E-01   9.5331951E-01   9.5479946E-01   9.5558190E-01   9.5630923E-01
   9.5665407E-01   9.5732624E-01   9.5797396E-01   9.5859895E-01   9.5920275E-01

   1.5629712E+02   3.5397158E+09   4.2646154E+10   3.1032329E+00   2.5472151E-05   1.0289587E+03   1.0000000E+00    21 
   1.1432671E-02   1.5281767E+00   1.1571367E+00   1.1512162E+00   1.1232244E+00
   1.1638676E+00   1.0956771E+00   1.1282177E+00   1.0787302E+00   1.0529982E+00
   1.0096512E+00   1.0029936E+00   9.9235869E-01   9.8735795E-01   9.8562428E-01
   9.8430442E-01   9.8400151E-01   9.8380111E-01   9.8474971E-01   9.8538741E-01
   9.8590892E-01   9.8633045E-01   9.8673325E-01   9.8695267E-01   9.8715694E-01
   9.8726093E-01   9.8744976E-01   9.8763173E-01   9.8780731E-01   9.8797694E-01

   1.3525275E+02   6.6817091E+09   8.0502317E+10   3.4279018E+00   2.3384186E-05   7.2792964E+02   1.0000000E+00    22 
   4.4310291E-02   2.0560884E+00   1.3866887E+00   1.4813892E+00   1.3178233E+00
   1.3143702E+00   1.2137969E+00   1.1762512E+00   1.1566441E+00   1.1008328E+00
   1.0602225E+00   1.0408125E+00   1.0258792E+00   1.0160679E+00   1.0103921E+00
   1.0064552E+00   1.0040502E+00   1.0025095E+00   1.0020099E+00   1.0016485E+00
   1.0013998E+00   1.0012072E+00   1.0010231E+00   1.0009377E+00   1.0008593E+00
   1.0008355E+00   1.0007630E+00   1.0006931E+00   1.0006257E+00   1.0005606E+00

   1.2356812E+02   1.1316441E+10   1.3634361E+11   3.6397230E+00   2.3511198E-05   5.1492786E+02   1.0000000E+00    23 
   8.3974985E-02   2.3584174E+00   1.5054164E+00   1.3958300E+00   1.4691987E+00
   1.3719045E+00   1.2399868E+00   1.1911609E+00   1.1498103E+00   1.1056717E+00
   1.0696479E+00   1.0491277E+00   1.0355324E+00   1.0249964E+00   1.0183709E+00
   1.0137864E+00   1.0104927E+00   1.0083077E+00   1.0071203E+00   1.0062919E+00
   1.0057322E+00   1.0052948E+00   1.0048769E+00   1.0046758E+00   1.0044905E+00
   1.0044248E+00   1.0042535E+00   1.0040885E+00   1.0039292E+00   1.0037753E+00

   1.1645889E+02   1.8003724E+10   2.1691488E+11   3.7978819E+00   2.5016749E-05   3.6438532E+02   1.0000000E+00    24 
   1.2311651E-01   2.5301411E+00   1.6203540E+00   1.3948625E+00   1.5153938E+00
   1.3691665E+00   1.2199646E+00   1.1760566E+00   1.1201500E+00   1.1003184E+00
   1.0688811E+00   1.0485502E+00   1.0353806E+00   1.0253027E+00   1.0188963E+00
   1.0144819E+00   1.0112783E+00   1.0091016E+00   1.0077727E+00   1.0068578E+00
   1.0062327E+00   1.0057426E+00   1.0052743E+00   1.0050461E+00   1.0048356E+00
   1.0047574E+00   1.0045628E+00   1.0043753E+00   1.0041943E+00   1.0040195E+00

   1.1191196E+02   2.7466450E+10   3.3092522E+11   3.9319166E+00   2.8453404E-05   2.5864938E+02   1.0000000E+00    25 
   1.7019392E-01   2.6137899E+00   1.6863304E+00   1.4135712E+00   1.4304742E+00
   1.3526120E+00   1.2199005E+00   1.1690670E+00   1.1319427E+00   1.1013781E+00
   1.0688434E+00   1.0482656E+00   1.0340937E+00   1.0242676E+00   1.0180727E+00
   1.0138286E+00   1.0108498E+00   1.0088103E+00   1.0074866E+00   1.0065793E+00
   1.0059518E+00   1.0054585E+00   1.0049872E+00   1.0047550E+00   1.0045407E+00
   1.0044580E+00   1.0042599E+00   1.0040689E+00   1.0038847E+00   1.0037067E+00

   1.0890312E+02   4.0908107E+10   4.9287427E+11   4.0198827E+00   3.5283940E-05   1.8338929E+02   1.0000000E+00    26 
   2.0796862E-01   2.5430454E+00   1.6696242E+00   1.4138739E+00   1.3643505E+00
   1.3261600E+00   1.2227525E+00   1.1592947E+00   1.1241411E+00   1.0875228E+00
   1.0584191E+00   1.0405183E+00   1.0281646E+00   1.0199331E+00   1.0147232E+00
   1.0111804E+00   1.0087399E+00   1.0070686E+00   1.0059582E+00   1.0051960E+00
   1.0046684E+00   1.0042528E+00   1.0038557E+00   1.0036585E+00   1.0034764E+00
   1.0034043E+00   1.0032359E+00   1.0030737E+00   1.0029171E+00   1.0027658E+00

   1.0686730E+02   5.9855501E+10   7.2115837E+11   4.0754363E+00   4.6836955E-05   1.3015632E+02   1.0000000E+00    27 
   2.3846737E-01   2.4174592E+00   1.6236968E+00   1.3820468E+00   1.3018206E+00
   1.2808220E+00   1.1969042E+00   1.1310781E+00   1.0951877E+00   1.0642839E+00
   1.0423477E+00   1.0289569E+00   1.0199771E+00   1.0140369E+00   1.0102716E+00
   1.0077260E+00   1.0059869E+00   1.0047957E+00   1.0039995E+00   1.0034513E+00
   1.0030722E+00   1.0027730E+00   1.0024872E+00   1.0023443E+00   1.0022123E+00
   1.0021590E+00   1.0020369E+00   1.0019193E+00   1.0018058E+00   1.0016962E+00

   1.0545841E+02   8.6721494E+10   1.0448504E+12   4.1113438E+00   6.4910248E-05   9.2249065E+01   1.0000000E+00    28 
   2.6457099E-01   2.2771203E+00   1.5960936E+00   1.3470207E+00   1.2412132E+00
   1.2236915E+00   1.1506115E+00   1.0940826E+00   1.0640457E+00   1.0422589E+00
   1.0275003E+00   1.0185581E+00   1.0127411E+00   1.0088691E+00   1.0064267E+00
   1.0047845E+00   1.0036669E+00   1.0029005E+00   1.0023879E+00   1.0020336E+00
   1.0017885E+00   1.0015948E+00   1.0014096E+00   1.0013166E+00   1.0012305E+00
   1.0011951E+00   1.0011155E+00   1.0010388E+00   1.0009648E+00   1.0008934E+00

   1.0447983E+02   1.2501366E+11   1.5062157E+12   4.1367293E+00   9.2403601E-05   6.5195373E+01   1.0000000E+00    29 
   2.8976914E-01   2.1300306E+00   1.5972178E+00   1.3268586E+00   1.1962559E+00
   1.1707067E+00   1.1062756E+00   1.0623260E+00   1.0404262E+00   1.0261905E+00
   1.0168427E+00   1.0112513E+00   1.0077029E+00   1.0053081E+00   1.0038090E+00
   1.0028065E+00   1.0021254E+00   1.0016577E+00   1.0013445E+00   1.0011270E+00
   1.0009762E+00   1.0008568E+00   1.0007427E+00   1.0006851E+00   1.0006317E+00
   1.0006093E+00   1.0005599E+00   1.0005123E+00   1.0004664E+00   1.0004221E+00

   1.0379966E+02   1.7899177E+11   2.1565909E+12   4.1586923E+00   1.3300212E-04   4.6131403E+01   1.0000000E+00    30 
   3.1833475E-01   1.9876273E+00   1.6152923E+00   1.3235541E+00   1.1705709E+00
   1.1305460E+00   1.0752587E+00   1.0417967E+00   1.0260817E+00   1.0165372E+00
   1.0105140E+00   1.0069670E+00   1.0047596E+00   1.0032482E+00   1.0023091E+00
   1.0016848E+00   1.0012613E+00   1.0009702E+00   1.0007741E+00   1.0006372E+00
   1.0005420E+00   1.0004665E+00   1.0003944E+00   1.0003578E+00   1.0003238E+00
   1.0003093E+00   1.0002779E+00   1.0002477E+00   1.0002185E+00   1.0001903E+00

   1.0333957E+02   2.5013387E+11   3.0138127E+12   4.1647579E+00   1.9195865E-04   3.3303524E+01   1.0000000E+00    31 
   3.3696931E-01   1.8515062E+00   1.6151006E+00   1.3119163E+00   1.1475220E+00
   1.0954301E+00   1.0517095E+00   1.0273034E+00   1.0163887E+00   1.0101434E+00
   1.0063608E+00   1.0041824E+00   1.0028505E+00   1.0019266E+00   1.0013585E+00
   1.0009829E+00   1.0007284E+00   1.0005532E+00   1.0004343E+00   1.0003510E+00
   1.0002928E+00   1.0002466E+00   1.0002025E+00   1.0001801E+00   1.0001592E+00
   1.0001502E+00   1.0001310E+00   1.0001124E+00   1.0000945E+00   1.0000772E+00

   1.0311115E+02   3.6022565E+11   4.3404685E+12   4.1308309E+00   2.9652356E-04   2.3225478E+01   1.0000000E+00    32 
   3.1537993E-01   1.7059463E+00   1.5781356E+00   1.2768575E+00   1.1142137E+00
   1.0585557E+00   1.0284616E+00   1.0137148E+00   1.0077787E+00   1.0046746E+00
   1.0028658E+00   1.0018701E+00   1.0012773E+00   1.0008516E+00   1.0005967E+00
   1.0004287E+00   1.0003143E+00   1.0002353E+00   1.0001817E+00   1.0001437E+00
   1.0001172E+00   1.0000961E+00   1.0000760E+00   1.0000659E+00   1.0000564E+00
   1.0000523E+00   1.0000436E+00   1.0000351E+00   1.0000270E+00   1.0000191E+00

   1.0303449E+02   5.1165958E+11   6.1655873E+12   4.1001680E+00   4.4118048E-04   1.6373496E+01   1.0000000E+00    33 
   2.9147493E-01   1.6012174E+00   1.5542384E+00   1.2584718E+00   1.0984565E+00
   1.0425147E+00   1.0185820E+00   1.0082786E+00   1.0044411E+00   1.0025784E+00
   1.0015441E+00   1.0009975E+00   1.0006806E+00   1.0004480E+00   1.0003119E+00
   1.0002226E+00   1.0001618E+00   1.0001196E+00   1.0000910E+00   1.0000705E+00
   1.0000562E+00   1.0000449E+00   1.0000341E+00   1.0000287E+00   1.0000237E+00
   1.0000216E+00   1.0000169E+00   1.0000124E+00   1.0000081E+00   1.0000039E+00

   1.0299255E+02   7.0700500E+11   8.5204921E+12   4.0740833E+00   6.3129854E-04   1.1856899E+01   1.0000000E+00    34 
   2.7094260E-01   1.5075096E+00   1.5379948E+00   1.2487324E+00   1.0914507E+00
   1.0358590E+00   1.0147153E+00   1.0063352E+00   1.0032607E+00   1.0018285E+00
   1.0010717E+00   1.0006809E+00   1.0004591E+00   1.0002990E+00   1.0002064E+00
   1.0001462E+00   1.0001053E+00   1.0000772E+00   1.0000578E+00   1.0000440E+00
   1.0000343E+00   1.0000267E+00   1.0000195E+00   1.0000160E+00   1.0000127E+00
   1.0000113E+00   1.0000083E+00   1.0000053E+00   1.0000025E+00   1.0000001E+00

   1.0296080E+02   1.0098384E+12   1.2172607E+13   4.0502574E+00   9.3220063E-04   8.3038406E+00   1.0000000E+00    35 
   2.5349542E-01   1.4043247E+00   1.5218091E+00   1.2433825E+00   1.0895101E+00
   1.0339190E+00   1.0137550E+00   1.0059945E+00   1.0030272E+00   1.0016531E+00
   1.0009540E+00   1.0005927E+00   1.0003896E+00   1.0002519E+00   1.0001715E+00
   1.0001199E+00   1.0000853E+00   1.0000617E+00   1.0000453E+00   1.0000336E+00
   1.0000255E+00   1.0000192E+00   1.0000132E+00   1.0000105E+00   1.0000080E+00
   1.0000069E+00   1.0000046E+00   1.0000023E+00   1.0000002E+00   9.9999982E-01

   1.0292345E+02   1.4269504E+12   1.7206312E+13   4.0269935E+00   1.3742415E-03   5.8782133E+00   1.0000000E+00    36 
   2.3963873E-01   1.2700350E+00   1.4878250E+00   1.2396453E+00   1.0922970E+00
   1.0357432E+00   1.0149219E+00   1.0067285E+00   1.0033947E+00   1.0018318E+00
   1.0010489E+00   1.0006395E+00   1.0004096E+00   1.0002637E+00   1.0001772E+00
   1.0001221E+00   1.0000856E+00   1.0000611E+00   1.0000439E+00   1.0000318E+00
   1.0000234E+00   1.0000171E+00   1.0000110E+00   1.0000085E+00   1.0000062E+00
   1.0000052E+00   1.0000030E+00   1.0000009E+00   9.9999956E-01   9.9999956E-01

   1.0287946E+02   2.0142752E+12   2.4301188E+13   4.0169257E+00   2.0129295E-03   4.1651427E+00   1.0000000E+00    37 
   2.3818453E-01   1.1371145E+00   1.4253003E+00   1.2256703E+00   1.0918340E+00
   1.0369277E+00   1.0158773E+00   1.0073404E+00   1.0037158E+00   1.0019995E+00
   1.0011406E+00   1.0006877E+00   1.0004333E+00   1.0002778E+00   1.0001845E+00
   1.0001255E+00   1.0000869E+00   1.0000610E+00   1.0000430E+00   1.0000304E+00
   1.0000218E+00   1.0000153E+00   1.0000092E+00   1.0000069E+00   1.0000047E+00
   1.0000039E+00   1.0000019E+00   9.9999997E-01   9.9999940E-01   9.9999940E-01

   1.0282819E+02   2.8415359E+12   3.4304587E+13   4.0320141E+00   2.7877799E-03   2.9531994E+00   1.0000000E+00    38 
   2.4932275E-01   1.0335288E+00   1.3510536E+00   1.1937463E+00   1.0820853E+00
   1.0341012E+00   1.0149913E+00   1.0070499E+00   1.0035843E+00   1.0019298E+00
   1.0010994E+00   1.0006587E+00   1.0004111E+00   1.0002624E+00   1.0001728E+00
   1.0001162E+00   1.0000794E+00   1.0000549E+00   1.0000379E+00   1.0000262E+00
   1.0000182E+00   1.0000122E+00   1.0000068E+00   1.0000049E+00   1.0000031E+00
   1.0000026E+00   1.0000010E+00   9.9999941E-01   9.9999941E-01   9.9999941E-01

   1.0276873E+02   4.0090310E+12   4.8428475E+13   4.0821261E+00   3.4716424E-03   2.0941743E+00   1.0000000E+00    39 
   2.7153091E-01   9.7360313E-01   1.2782874E+00   1.1518493E+00   1.0653206E+00
   1.0276803E+00   1.0123842E+00   1.0059013E+00   1.0030161E+00   1.0016276E+00
   1.0009278E+00   1.0005540E+00   1.0003437E+00   1.0002185E+00   1.0001428E+00
   1.0000951E+00   1.0000642E+00   1.0000437E+00   1.0000296E+00   1.0000199E+00
   1.0000133E+00   1.0000085E+00   1.0000043E+00   1.0000029E+00   1.0000016E+00
   1.0000015E+00   1.0000003E+00   9.9999947E-01   9.9999947E-01   9.9999947E-01

   1.0270049E+02   5.6606434E+12   6.8401838E+13   4.1734515E+00   3.8255519E-03   1.4846026E+00   1.0000000E+00    40 
   3.0704935E-01   9.5130416E-01   1.2149604E+00   1.1123479E+00   1.0475763E+00
   1.0202012E+00   1.0090995E+00   1.0043702E+00   1.0022442E+00   1.0012150E+00
   1.0006939E+00   1.0004138E+00   1.0002559E+00   1.0001622E+00   1.0001054E+00
   1.0000696E+00   1.0000464E+00   1.0000312E+00   1.0000208E+00   1.0000137E+00
   1.0000090E+00   1.0000055E+00   1.0000027E+00   1.0000017E+00   1.0000008E+00
   1.0000011E+00   1.0000002E+00   9.9999941E-01   9.9999862E-01   9.9999784E-01

   1.0262342E+02   7.9837829E+12   9.6467906E+13   4.3089426E+00   3.7290923E-03   1.0542925E+00   1.0000000E+00    41 
   3.5786492E-01   9.5091916E-01   1.1630353E+00   1.0798673E+00   1.0326401E+00
   1.0136422E+00   1.0061033E+00   1.0029285E+00   1.0015056E+00   1.0008168E+00
   1.0004673E+00   1.0002784E+00   1.0001716E+00   1.0001083E+00   1.0000699E+00
   1.0000457E+00   1.0000300E+00   1.0000198E+00   1.0000128E+00   1.0000082E+00
   1.0000051E+00   1.0000030E+00   1.0000013E+00   1.0000008E+00   1.0000002E+00
   1.0000005E+00   1.0000000E+00   9.9999955E-01   9.9999909E-01   9.9999865E-01

   1.0254756E+02   1.0813347E+13   1.3061232E+14   4.4695166E+00   3.3020409E-03   7.7989620E-01   1.0000000E+00    42 
   4.1777152E-01   9.5793153E-01   1.1243221E+00   1.0566948E+00   1.0222744E+00
   1.0090956E+00   1.0040165E+00   1.0019155E+00   1.0009823E+00   1.0005328E+00
   1.0003048E+00   1.0001813E+00   1.0001114E+00   1.0000700E+00   1.0000448E+00
   1.0000290E+00   1.0000188E+00   1.0000121E+00   1.0000077E+00   1.0000048E+00
   1.0000029E+00   1.0000015E+00   1.0000007E+00   1.0000003E+00   1.0000000E+00
   1.0000002E+00   9.9999997E-01   9.9999970E-01   9.9999944E-01   9.9999918E-01

   1.0247369E+02   1.4184248E+13   1.7125313E+14   4.6495378E+00   2.7518893E-03   5.9573726E-01   1.0000000E+00    43 
   4.8546533E-01   9.6596043E-01   1.0944134E+00   1.0399821E+00   1.0150858E+00
   1.0060115E+00   1.0026185E+00   1.0012400E+00   1.0006333E+00   1.0003428E+00
   1.0001958E+00   1.0001162E+00   1.0000711E+00   1.0000445E+00   1.0000282E+00
   1.0000180E+00   1.0000115E+00   1.0000073E+00   1.0000045E+00   1.0000027E+00
   1.0000016E+00   1.0000008E+00   1.0000003E+00   1.0000002E+00   9.9999999E-01
   1.0000001E+00   9.9999997E-01   9.9999981E-01   9.9999966E-01   9.9999952E-01

   1.0239913E+02   1.8319009E+13   2.2107639E+14   4.8537518E+00   2.1858251E-03   4.6220706E-01   1.0000000E+00    44 
   5.6167039E-01   9.7375478E-01   1.0701459E+00   1.0274859E+00   1.0099436E+00
   1.0038710E+00   1.0016655E+00   1.0007835E+00   1.0003984E+00   1.0002150E+00
   1.0001225E+00   1.0000724E+00   1.0000441E+00   1.0000274E+00   1.0000172E+00
   1.0000109E+00   1.0000068E+00   1.0000042E+00   1.0000026E+00   1.0000015E+00
   1.0000009E+00   1.0000004E+00   1.0000002E+00   1.0000001E+00   9.9999999E-01
   1.0000001E+00   9.9999998E-01   9.9999989E-01   9.9999981E-01   9.9999973E-01

   1.0232234E+02   2.3514811E+13   2.8366900E+14   5.0864571E+00   1.6659943E-03   3.6080620E-01   1.0000000E+00    45 
   6.4461482E-01   9.8113945E-01   1.0502333E+00   1.0181523E+00   1.0062942E+00
   1.0024000E+00   1.0010219E+00   1.0004780E+00   1.0002420E+00   1.0001301E+00
   1.0000738E+00   1.0000435E+00   1.0000263E+00   1.0000162E+00   1.0000101E+00
   1.0000063E+00   1.0000039E+00   1.0000023E+00   1.0000014E+00   1.0000008E+00
   1.0000005E+00   1.0000002E+00   1.0000001E+00   1.0000000E+00   9.9999999E-01
   1.0000000E+00   9.9999999E-01   9.9999994E-01   9.9999990E-01   9.9999986E-01

   1.0224233E+02   3.0175194E+13   3.6389853E+14   5.3518948E+00   1.2239071E-03   2.8173224E-01   1.0000000E+00    46 
   7.2954838E-01   9.8817400E-01   1.0341957E+00   1.0113836E+00   1.0037925E+00
   1.0014210E+00   1.0005998E+00   1.0002792E+00   1.0001408E+00   1.0000754E+00
   1.0000426E+00   1.0000249E+00   1.0000150E+00   1.0000091E+00   1.0000056E+00
   1.0000034E+00   1.0000021E+00   1.0000012E+00   1.0000007E+00   1.0000004E+00
   1.0000002E+00   1.0000001E+00   1.0000001E+00   1.0000000E+00   1.0000000E+00
   1.0000000E+00   9.9999999E-01   9.9999997E-01   9.9999995E-01   9.9999993E-01

   1.0215847E+02   3.8850212E+13   4.6839809E+14   5.6536814E+00   8.7168021E-04   2.1925969E-01   1.0000000E+00    47 
   8.0855890E-01   9.9452908E-01   1.0218097E+00   1.0067050E+00   1.0021564E+00
   1.0007960E+00   1.0003335E+00   1.0001545E+00   1.0000776E+00   1.0000414E+00
   1.0000232E+00   1.0000135E+00   1.0000081E+00   1.0000049E+00   1.0000029E+00
   1.0000018E+00   1.0000010E+00   1.0000006E+00   1.0000003E+00   1.0000002E+00
   1.0000001E+00   1.0000000E+00   1.0000000E+00   1.0000000E+00   1.0000000E+00
   1.0000000E+00   1.0000000E+00   9.9999999E-01   9.9999998E-01   9.9999997E-01

   1.0207031E+02   5.0326290E+13   6.0665428E+14   5.9947117E+00   6.0863493E-04   1.6959821E-01   1.0000000E+00    48 
   8.7339681E-01   9.9957686E-01   1.0128391E+00   1.0036756E+00   1.0011482E+00
   1.0004182E+00   1.0001741E+00   1.0000804E+00   1.0000402E+00   1.0000213E+00
   1.0000119E+00   1.0000069E+00   1.0000041E+00   1.0000024E+00   1.0000014E+00
   1.0000008E+00   1.0000005E+00   1.0000003E+00   1.0000002E+00   1.0000001E+00
   1.0000000E+00   1.0000000E+00   1.0000000E+00   1.0000000E+00   1.0000000E+00
   1.0000000E+00   1.0000000E+00   1.0000000E+00   1.0000000E+00   1.0000000E+00

   1.0197771E+02   6.5732688E+13   7.9229842E+14   6.3764186E+00   4.2504348E-04   1.3010766E-01   1.0000000E+00    49 
   9.2029356E-01   1.0026151E+00   1.0068847E+00   1.0018570E+00   1.0005666E+00
   1.0002037E+00   1.0000844E+00   1.0000388E+00   1.0000193E+00   1.0000102E+00
   1.0000057E+00   1.0000032E+00   1.0000019E+00   1.0000011E+00   1.0000006E+00
   1.0000004E+00   1.0000002E+00   1.0000001E+00   1.0000001E+00   1.0000000E+00
   1.0000000E+00   1.0000000E+00   1.0000000E+00   1.0000000E+00   1.0000000E+00
   1.0000000E+00   1.0000000E+00   1.0000000E+00   1.0000000E+00   1.0000000E+00

   1.0188086E+02   8.6602575E+13   1.0438498E+15   6.7995322E+00   3.0394616E-04   9.8953532E-02   1.0000000E+00    50 
   9.5170965E-01   1.0036232E+00   1.0033731E+00   1.0008651E+00   1.0002586E+00
   1.0000916E+00   1.0000378E+00   1.0000173E+00   1.0000086E+00   1.0000045E+00
   1.0000025E+00   1.0000014E+00   1.0000008E+00   1.0000005E+00   1.0000003E+00
   1.0000001E+00   1.0000001E+00   1.0000000E+00   1.0000000E+00   1.0000000E+00
   1.0000000E+00   1.0000000E+00   1.0000000E+00   1.0000000E+00   1.0000000E+00
   1.0000000E+00   1.0000000E+00   1.0000000E+00   1.0000000E+00   1.0000000E+00

   1.0178030E+02   1.1462722E+14   1.3817440E+15   7.2649271E+00   2.2627579E-04   7.4914494E-02   1.0000000E+00    51 
   9.7241343E-01   1.0032352E+00   1.0015547E+00   1.0003803E+00   1.0001114E+00
   1.0000387E+00   1.0000159E+00   1.0000073E+00   1.0000036E+00   1.0000019E+00
   1.0000010E+00   1.0000006E+00   1.0000003E+00   1.0000002E+00   1.0000001E+00
   1.0000001E+00   1.0000000E+00   1.0000000E+00   1.0000000E+00   1.0000000E+00
   1.0000000E+00   1.0000000E+00   1.0000000E+00   1.0000000E+00   1.0000000E+00
   1.0000000E+00   1.0000000E+00   1.0000000E+00   1.0000000E+00   1.0000000E+00

   1.0167649E+02   1.5142677E+14   1.8255239E+15   7.7749293E+00   1.7635929E-04   5.6827558E-02   1.0000000E+00    52 
   9.8487529E-01   1.0023142E+00   1.0007087E+00   1.0001654E+00   1.0000474E+00
   1.0000159E+00   1.0000065E+00   1.0000030E+00   1.0000015E+00   1.0000008E+00
   1.0000004E+00   1.0000002E+00   1.0000001E+00   1.0000001E+00   1.0000000E+00
   1.0000000E+00   1.0000000E+00   1.0000000E+00   1.0000000E+00   1.0000000E+00
   1.0000000E+00   1.0000000E+00   1.0000000E+00   1.0000000E+00   1.0000000E+00
   1.0000000E+00   1.0000000E+00   1.0000000E+00   1.0000000E+00   1.0000000E+00

   1.0156938E+02   1.9855248E+14   2.3938737E+15   8.3330665E+00   1.4400809E-04   4.3432605E-02   1.0000000E+00    53 
   9.9120725E-01   1.0014419E+00   1.0003315E+00   1.0000741E+00   1.0000207E+00
   1.0000067E+00   1.0000027E+00   1.0000013E+00   1.0000006E+00   1.0000003E+00
   1.0000002E+00   1.0000001E+00   1.0000001E+00   1.0000000E+00   1.0000000E+00
   1.0000000E+00   1.0000000E+00   1.0000000E+00   1.0000000E+00   1.0000000E+00
   1.0000000E+00   1.0000000E+00   1.0000000E+00   1.0000000E+00   1.0000000E+00
   1.0000000E+00   1.0000000E+00   1.0000000E+00   1.0000000E+00   1.0000000E+00

   1.0145830E+02   2.5805934E+14   3.1116339E+15   8.9428295E+00   1.2316838E-04   3.3491228E-02   1.0000000E+00    54 
   9.9423012E-01   1.0008171E+00   1.0001581E+00   1.0000341E+00   1.0000093E+00
   1.0000029E+00   1.0000012E+00   1.0000005E+00   1.0000003E+00   1.0000001E+00
   1.0000001E+00   1.0000000E+00   1.0000000E+00   1.0000000E+00   1.0000000E+00
   1.0000000E+00   1.0000000E+00   1.0000000E+00   1.0000000E+00   1.0000000E+00
   1.0000000E+00   1.0000000E+00   1.0000000E+00   1.0000000E+00   1.0000000E+00
   1.0000000E+00   1.0000000E+00   1.0000000E+00   1.0000000E+00   1.0000000E+00

   1.0134230E+02   3.3293589E+14   4.0150075E+15   9.6077847E+00   1.0993876E-04   2.6018932E-02   1.0000000E+00    55 
   9.9579524E-01   1.0004364E+00   1.0000755E+00   1.0000158E+00   1.0000043E+00
   1.0000013E+00   1.0000005E+00   1.0000002E+00   1.0000001E+00   1.0000001E+00
   1.0000000E+00   1.0000000E+00   1.0000000E+00   1.0000000E+00   1.0000000E+00
   1.0000000E+00   1.0000000E+00   1.0000000E+00   1.0000000E+00   1.0000000E+00
   1.0000000E+00   1.0000000E+00   1.0000000E+00   1.0000000E+00   1.0000000E+00
   1.0000000E+00   1.0000000E+00   1.0000000E+00   1.0000000E+00   1.0000000E+00

   1.0122043E+02   4.2697705E+14   5.1498192E+15   1.0331288E+01   1.0168149E-04   2.0337346E-02   1.0000000E+00    56 
   9.9677484E-01   1.0002282E+00   1.0000364E+00   1.0000075E+00   1.0000020E+00
   1.0000006E+00   1.0000002E+00   1.0000001E+00   1.0000001E+00   1.0000000E+00
   1.0000000E+00   1.0000000E+00   1.0000000E+00   1.0000000E+00   1.0000000E+00
   1.0000000E+00   1.0000000E+00   1.0000000E+00   1.0000000E+00   1.0000000E+00
   1.0000000E+00   1.0000000E+00   1.0000000E+00   1.0000000E+00   1.0000000E+00
   1.0000000E+00   1.0000000E+00   1.0000000E+00   1.0000000E+00   1.0000000E+00

   1.0109170E+02   5.4538578E+14   6.5786482E+15   1.1117055E+01   9.6706461E-05   1.5962558E-02   1.0000000E+00    57 
   9.9759367E-01   1.0001193E+00   1.0000179E+00   1.0000036E+00   1.0000009E+00
   1.0000003E+00   1.0000001E+00   1.0000000E+00   1.0000000E+00   1.0000000E+00
   1.0000000E+00   1.0000000E+00   1.0000000E+00   1.0000000E+00   1.0000000E+00
   1.0000000E+00   1.0000000E+00   1.0000000E+00   1.0000000E+00   1.0000000E+00
   1.0000000E+00   1.0000000E+00   1.0000000E+00   1.0000000E+00   1.0000000E+00
   1.0000000E+00   1.0000000E+00   1.0000000E+00   1.0000000E+00   1.0000000E+00

   1.0095493E+02   6.9656186E+14   8.4026701E+15   1.1969203E+01   9.4069506E-05   1.2532095E-02   1.0000000E+00    58 
   9.9841237E-01   1.0000598E+00   1.0000086E+00   1.0000017E+00   1.0000004E+00
   1.0000001E+00   1.0000001E+00   1.0000000E+00   1.0000000E+00   1.0000000E+00
   1.0000000E+00   1.0000000E+00   1.0000000E+00   1.0000000E+00   1.0000000E+00
   1.0000000E+00   1.0000000E+00   1.0000000E+00   1.0000000E+00   1.0000000E+00
   1.0000000E+00   1.0000000E+00   1.0000000E+00   1.0000000E+00   1.0000000E+00
   1.0000000E+00   1.0000000E+00   1.0000000E+00   1.0000000E+00   1.0000000E+00

   1.0080607E+02   8.9814897E+14   1.0834728E+16   1.2911718E+01   9.3259966E-05   9.7480358E-03   1.0000000E+00    59 
   9.9907850E-01   1.0000286E+00   1.0000040E+00   1.0000008E+00   1.0000002E+00
   1.0000001E+00   1.0000000E+00   1.0000000E+00   1.0000000E+00   1.0000000E+00
   1.0000000E+00   1.0000000E+00   1.0000000E+00   1.0000000E+00   1.0000000E+00
   1.0000000E+00   1.0000000E+00   1.0000000E+00   1.0000000E+00   1.0000000E+00
   1.0000000E+00   1.0000000E+00   1.0000000E+00   1.0000000E+00   1.0000000E+00
   1.0000000E+00   1.0000000E+00   1.0000000E+00   1.0000000E+00   1.0000000E+00

   1.0068651E+02   1.0940853E+15   1.3198529E+16   1.3679974E+01   9.3655360E-05   8.0213027E-03   1.0000000E+00    60 
   9.9943482E-01   1.0000158E+00   1.0000022E+00   1.0000004E+00   1.0000001E+00
   1.0000000E+00   1.0000000E+00   1.0000000E+00   1.0000000E+00   1.0000000E+00
   1.0000000E+00   1.0000000E+00   1.0000000E+00   1.0000000E+00   1.0000000E+00
   1.0000000E+00   1.0000000E+00   1.0000000E+00   1.0000000E+00   1.0000000E+00
   1.0000000E+00   1.0000000E+00   1.0000000E+00   1.0000000E+00   1.0000000E+00
   1.0000000E+00   1.0000000E+00   1.0000000E+00   1.0000000E+00   1.0000000E+00

   1.0062098E+02   1.2167833E+15   1.4678757E+16   1.4105755E+01   9.4179180E-05   7.2218434E-03   1.0000000E+00    61 
   9.9957804E-01   1.0000114E+00   1.0000015E+00   1.0000003E+00   1.0000001E+00
   1.0000000E+00   1.0000000E+00   1.0000000E+00   1.0000000E+00   1.0000000E+00
   1.0000000E+00   1.0000000E+00   1.0000000E+00   1.0000000E+00   1.0000000E+00
   1.0000000E+00   1.0000000E+00   1.0000000E+00   1.0000000E+00   1.0000000E+00
   1.0000000E+00   1.0000000E+00   1.0000000E+00   1.0000000E+00   1.0000000E+00
   1.0000000E+00   1.0000000E+00   1.0000000E+00   1.0000000E+00   1.0000000E+00

   1.0058758E+02   1.2840278E+15   1.5489991E+16   1.4324159E+01   9.4520083E-05   6.8481798E-03   1.0000000E+00    62 
   9.9956741E-01   1.0000119E+00   1.0000016E+00   1.0000003E+00   1.0000001E+00
   1.0000000E+00   1.0000000E+00   1.0000000E+00   1.0000000E+00   1.0000000E+00
   1.0000000E+00   1.0000000E+00   1.0000000E+00   1.0000000E+00   1.0000000E+00
   1.0000000E+00   1.0000000E+00   1.0000000E+00   1.0000000E+00   1.0000000E+00
   1.0000000E+00   1.0000000E+00   1.0000000E+00   1.0000000E+00   1.0000000E+00
   1.0000000E+00   1.0000000E+00   1.0000000E+00   1.0000000E+00   1.0000000E+00

   1.0057637E+02   1.3074194E+15   1.5772185E+16   1.4397884E+01   9.4645884E-05   6.7271547E-03   1.0000000E+00    63 
   9.9958688E-01   1.0000255E+00   1.0000055E+00   1.0000012E+00   1.0000004E+00
   1.0000001E+00   1.0000001E+00   1.0000000E+00   1.0000000E+00   1.0000000E+00
   1.0000000E+00   1.0000000E+00   1.0000000E+00   1.0000000E+00   1.0000000E+00
   1.0000000E+00   1.0000000E+00   1.0000000E+00   1.0000000E+00   1.0000000E+00
   1.0000000E+00   1.0000000E+00   1.0000000E+00   1.0000000E+00   1.0000000E+00
   1.0000000E+00   1.0000000E+00   1.0000000E+00   1.0000000E+00   1.0000000E+00
