
 24-FEB-2004                           !Format date

   1.0057637E+02     1.0810E+06       69       63

   1.1341482E+04   1.6289637E+01   2.8249382E+06   1.8495937E+00   8.3276978E-10   2.9481942E+03   1.0000000E+00     1 
   1.1166706E+00   2.5447712E+04   3.1392982E+03   5.4070851E+00   1.0850137E-01
   1.1257598E+00   7.9215529E-01   4.4591047E+00   2.1794736E-01   2.1365197E-01
   2.7533939E-01   7.1439864E-01   8.0073711E-01   4.1124395E+00   2.9677461E-01
   2.9823302E-01   3.8240238E-01   3.8263764E-01   3.5226315E-01   5.8747842E-01
   8.2073262E-01   4.0240079E+00   3.3200437E-01   3.4568012E-01   4.7251292E-01
   4.7278093E-01   4.3587141E-01   5.3691998E-01   8.3718114E-01   3.9393795E+00
   3.5096865E-01   3.5096865E-01   5.3312022E-01   5.3312022E-01   3.9728864E-01
   5.2159073E-01   8.5003799E-01   3.8202495E+00   3.5554838E-01   3.5554838E-01
   5.7764639E-01   5.7764639E-01   4.7233043E-01   6.1097934E-01   6.1097934E-01
   6.3179827E-01   6.3179827E-01   6.6505108E-01   6.6505108E-01   7.4763419E-01
   7.4763419E-01   7.4763419E-01   7.4763419E-01   7.4763419E-01   7.4763419E-01
   7.4448117E-01   7.4448117E-01   7.4448117E-01   7.4448117E-01   7.4448117E-01
   7.4448117E-01   7.3080001E-01   7.3080001E-01   7.3080001E-01   7.3080001E-01
   7.3080001E-01   7.3080001E-01   7.3080001E-01   7.3080001E-01

   1.1234034E+04   1.6602472E+01   2.8794849E+06   1.8496862E+00   8.3282491E-10   2.9479382E+03   1.0000000E+00     2 
   1.0964908E+00   2.4972108E+04   3.0812544E+03   5.4078377E+00   1.0851788E-01
   1.1258744E+00   7.9223076E-01   4.4594647E+00   2.1797523E-01   2.1366911E-01
   2.7536268E-01   7.1446204E-01   8.0079622E-01   4.1126762E+00   2.9680254E-01
   2.9825087E-01   3.8242517E-01   3.8266029E-01   3.5228703E-01   5.8753786E-01
   8.2078468E-01   4.0241761E+00   3.3203437E-01   3.4569817E-01   4.7253775E-01
   4.7280585E-01   4.3586747E-01   5.3699820E-01   8.3722705E-01   3.9394486E+00
   3.5100071E-01   3.5100071E-01   5.3314359E-01   5.3314359E-01   3.9726455E-01
   5.2172785E-01   8.5007371E-01   3.8201854E+00   3.5559668E-01   3.5559668E-01
   5.7767040E-01   5.7767040E-01   4.7236876E-01   6.1101635E-01   6.1101635E-01
   6.3183339E-01   6.3183339E-01   6.6508705E-01   6.6508705E-01   7.4765399E-01
   7.4765399E-01   7.4765399E-01   7.4765399E-01   7.4765399E-01   7.4765399E-01
   7.4449515E-01   7.4449515E-01   7.4449515E-01   7.4449515E-01   7.4449515E-01
   7.4449515E-01   7.3090372E-01   7.3090372E-01   7.3090372E-01   7.3090372E-01
   7.3090372E-01   7.3090372E-01   7.3090372E-01   7.3090372E-01

   1.1021993E+04   1.7246794E+01   2.9918700E+06   1.8498852E+00   8.3293446E-10   2.9474172E+03   1.0000000E+00     3 
   1.0573125E+00   2.4047228E+04   2.9683069E+03   5.4094612E+00   1.0855385E-01
   1.1261206E+00   7.9239362E-01   4.4602406E+00   2.1803402E-01   2.1370573E-01
   2.7541283E-01   7.1459769E-01   8.0092370E-01   4.1131876E+00   2.9686144E-01
   2.9828898E-01   3.8247362E-01   3.8270847E-01   3.5233848E-01   5.8766400E-01
   8.2089682E-01   4.0245423E+00   3.3209741E-01   3.4573658E-01   4.7259033E-01
   4.7285864E-01   4.3586392E-01   5.3716250E-01   8.3732616E-01   3.9396088E+00
   3.5106790E-01   3.5106790E-01   5.3319316E-01   5.3319316E-01   3.9721742E-01
   5.2201318E-01   8.5015170E-01   3.8200691E+00   3.5569722E-01   3.5569722E-01
   5.7772122E-01   5.7772122E-01   4.7244550E-01   6.1109404E-01   6.1109404E-01
   6.3190693E-01   6.3190693E-01   6.6516283E-01   6.6516283E-01   7.4769661E-01
   7.4769661E-01   7.4769661E-01   7.4769661E-01   7.4769661E-01   7.4769661E-01
   7.4452657E-01   7.4452657E-01   7.4452657E-01   7.4452657E-01   7.4452657E-01
   7.4452657E-01   7.3111680E-01   7.3111680E-01   7.3111680E-01   7.3111680E-01
   7.3111680E-01   7.3111680E-01   7.3111680E-01   7.3111680E-01

   1.0610344E+04   1.8608853E+01   3.2296947E+06   1.8503157E+00   8.3315422E-10   2.9463495E+03   1.0000000E+00     4 
   9.8347585E-01   2.2302373E+04   2.7549713E+03   5.4129694E+00   1.0863195E-01
   1.1266513E+00   7.9274671E-01   4.4619115E+00   2.1815975E-01   2.1378455E-01
   2.7552143E-01   7.1488962E-01   8.0120010E-01   4.1142886E+00   2.9698738E-01
   2.9837098E-01   3.8257746E-01   3.8281173E-01   3.5244929E-01   5.8793458E-01
   8.2113965E-01   4.0253319E+00   3.3223185E-01   3.4581895E-01   4.7270277E-01
   4.7297150E-01   4.3586398E-01   5.3751331E-01   8.3754076E-01   3.9399618E+00
   3.5121102E-01   3.5121102E-01   5.3329923E-01   5.3329923E-01   3.9712645E-01
   5.2261962E-01   8.5032142E-01   3.8198347E+00   3.5591087E-01   3.5591087E-01
   5.7782977E-01   5.7782977E-01   4.7260754E-01   6.1125908E-01   6.1125908E-01
   6.3206323E-01   6.3206323E-01   6.6532404E-01   6.6532404E-01   7.4778753E-01
   7.4778753E-01   7.4778753E-01   7.4778753E-01   7.4778753E-01   7.4778753E-01
   7.4459777E-01   7.4459777E-01   7.4459777E-01   7.4459777E-01   7.4459777E-01
   7.4459777E-01   7.3155922E-01   7.3155922E-01   7.3155922E-01   7.3155922E-01
   7.3155922E-01   7.3155922E-01   7.3155922E-01   7.3155922E-01

   9.8324823E+03   2.1663034E+01   3.7637926E+06   1.8512146E+00   8.3362885E-10   2.9441008E+03   1.0000000E+00     5 
   8.5116729E-01   1.9183939E+04   2.3728950E+03   5.4202428E+00   1.0879706E-01
   1.1277565E+00   7.9348101E-01   4.4653598E+00   2.1842958E-01   2.1394972E-01
   2.7574677E-01   7.1550276E-01   8.0177530E-01   4.1165475E+00   2.9725785E-01
   2.9854312E-01   3.8279533E-01   3.8302827E-01   3.5267788E-01   5.8851143E-01
   8.2164421E-01   4.0269279E+00   3.3252175E-01   3.4599169E-01   4.7293957E-01
   4.7320923E-01   4.3585285E-01   5.3827462E-01   8.3798414E-01   3.9406040E+00
   3.5152131E-01   3.5152131E-01   5.3352263E-01   5.3352263E-01   3.9692449E-01
   5.2395572E-01   8.5066611E-01   3.8191683E+00   3.5638044E-01   3.5638044E-01
   5.7805783E-01   5.7805783E-01   4.7294234E-01   6.1160744E-01   6.1160744E-01
   6.3239216E-01   6.3239216E-01   6.6566599E-01   6.6566599E-01   7.4796990E-01
   7.4796990E-01   7.4796990E-01   7.4796990E-01   7.4796990E-01   7.4796990E-01
   7.4475661E-01   7.4475661E-01   7.4475661E-01   7.4475661E-01   7.4475661E-01
   7.4475661E-01   7.3249386E-01   7.3249386E-01   7.3249386E-01   7.3249386E-01
   7.3249386E-01   7.3249386E-01   7.3249386E-01   7.3249386E-01

   8.4398396E+03   2.9379987E+01   5.1172808E+06   1.8530458E+00   8.3487264E-10   2.9389838E+03   1.0000000E+00     6 
   6.3717345E-01   1.4182018E+04   1.7579599E+03   5.4347578E+00   1.0913967E-01
   1.1300020E+00   7.9495521E-01   4.4722041E+00   2.1903277E-01   2.1429156E-01
   2.7621532E-01   7.1678282E-01   8.0293078E-01   4.1209328E+00   2.9786357E-01
   2.9890141E-01   3.8324990E-01   3.8347935E-01   3.5313693E-01   5.8977362E-01
   8.2265498E-01   4.0298753E+00   3.3317983E-01   3.4635158E-01   4.7343852E-01
   4.7371034E-01   4.3571597E-01   5.4003168E-01   8.3885637E-01   3.9412901E+00
   3.5223735E-01   3.5223735E-01   5.3399535E-01   5.3399535E-01   3.9638385E-01
   5.2717481E-01   8.5130102E-01   3.8166195E+00   3.5750559E-01   3.5750559E-01
   5.7853770E-01   5.7853770E-01   4.7364022E-01   6.1234799E-01   6.1234799E-01
   6.3309531E-01   6.3309531E-01   6.6641437E-01   6.6641437E-01   7.4830673E-01
   7.4830673E-01   7.4830673E-01   7.4830673E-01   7.4830673E-01   7.4830673E-01
   7.4513950E-01   7.4513950E-01   7.4513950E-01   7.4513950E-01   7.4513950E-01
   7.4513950E-01   7.3454940E-01   7.3454940E-01   7.3454940E-01   7.3454940E-01
   7.3454940E-01   7.3454940E-01   7.3454940E-01   7.3454940E-01

   6.2778820E+03   5.3155045E+01   9.2882207E+06   1.8563132E+00   8.3958467E-10   2.9264839E+03   1.0000000E+00     7 
   3.6304444E-01   7.9005601E+03   9.8204336E+02   5.4592610E+00   1.0977733E-01
   1.1340653E+00   7.9745967E-01   4.4837439E+00   2.2046566E-01   2.1494027E-01
   2.7695406E-01   7.1931088E-01   8.0489151E-01   4.1277825E+00   2.9931124E-01
   2.9959142E-01   3.8413899E-01   3.8435707E-01   3.5396155E-01   5.9262067E-01
   8.2435379E-01   4.0336442E+00   3.3480885E-01   3.4705553E-01   4.7442633E-01
   4.7470378E-01   4.3485600E-01   5.4453594E-01   8.4021652E-01   3.9389329E+00
   3.5407964E-01   3.5407964E-01   5.3497243E-01   5.3497243E-01   3.9454864E-01
   5.3618317E-01   8.5199660E-01   3.8046412E+00   3.6062830E-01   3.6062830E-01
   5.7952199E-01   5.7952199E-01   4.7501184E-01   6.1390244E-01   6.1390244E-01
   6.3461962E-01   6.3461962E-01   6.6814423E-01   6.6814423E-01   7.4878959E-01
   7.4878959E-01   7.4878959E-01   7.4878959E-01   7.4878959E-01   7.4878959E-01
   7.4629886E-01   7.4629886E-01   7.4629886E-01   7.4629886E-01   7.4629886E-01
   7.4629886E-01   7.3919292E-01   7.3919292E-01   7.3919292E-01   7.3919292E-01
   7.3919292E-01   7.3919292E-01   7.3919292E-01   7.3919292E-01

   4.6756742E+03   9.6032111E+01   1.6838946E+07   1.8603975E+00   8.4679269E-10   2.9100589E+03   1.0000000E+00     8 
   2.0893363E-01   4.4193775E+03   5.5035138E+02   5.4882208E+00   1.1059657E-01
   1.1391902E+00   8.0052683E-01   4.4970061E+00   2.2270450E-01   2.1578574E-01
   2.7792268E-01   7.2278643E-01   8.0726060E-01   4.1349285E+00   3.0158456E-01
   3.0049110E-01   3.8530783E-01   3.8550407E-01   3.5500574E-01   5.9695887E-01
   8.2636427E-01   4.0364458E+00   3.3742008E-01   3.4799325E-01   4.7567873E-01
   4.7596511E-01   4.3379090E-01   5.5194810E-01   8.4164500E-01   3.9316960E+00
   3.5711324E-01   3.5711324E-01   5.3631209E-01   5.3631209E-01   3.9205485E-01
   5.5156199E-01   8.5226549E-01   3.7800242E+00   3.6595433E-01   3.6595433E-01
   5.8089066E-01   5.8089066E-01   4.7663866E-01   6.1607447E-01   6.1607447E-01
   6.3674273E-01   6.3674273E-01   6.7076229E-01   6.7076229E-01   7.4938869E-01
   7.4938869E-01   7.4938869E-01   7.4938869E-01   7.4938869E-01   7.4938869E-01
   7.4871342E-01   7.4871342E-01   7.4871342E-01   7.4871342E-01   7.4871342E-01
   7.4871342E-01   7.4494913E-01   7.4494913E-01   7.4494913E-01   7.4494913E-01
   7.4494913E-01   7.4494913E-01   7.4494913E-01   7.4494913E-01

   3.4842997E+03   1.7321299E+02   3.0552823E+07   1.8657246E+00   8.5740449E-10   2.8881725E+03   1.0000000E+00     9 
   1.2165015E-01   2.4782572E+03   3.0920503E+02   5.5227360E+00   1.1172191E-01
   1.1458574E+00   8.0443714E-01   4.5117746E+00   2.2634328E-01   2.1694198E-01
   2.7920784E-01   7.2780651E-01   8.1023245E-01   4.1417385E+00   3.0528646E-01
   3.0171147E-01   3.8691876E-01   3.8707171E-01   3.5638723E-01   6.0386293E-01
   8.2881256E-01   4.0364515E+00   3.4174309E-01   3.4929646E-01   4.7734891E-01
   4.7764877E-01   4.3243748E-01   5.6445005E-01   8.4304625E-01   3.9149611E+00
   3.6224323E-01   3.6224323E-01   5.3815089E-01   5.3815089E-01   3.8871275E-01
   5.7785265E-01   8.5161386E-01   3.7326045E+00   3.7510737E-01   3.7510737E-01
   5.8284599E-01   5.8284599E-01   4.7888349E-01   6.1920209E-01   6.1920209E-01
   6.3997871E-01   6.3997871E-01   6.7481291E-01   6.7481291E-01   7.5044046E-01
   7.5044046E-01   7.5044046E-01   7.5044046E-01   7.5044046E-01   7.5044046E-01
   7.5291065E-01   7.5291065E-01   7.5291065E-01   7.5291065E-01   7.5291065E-01
   7.5291065E-01   7.5197566E-01   7.5197566E-01   7.5197566E-01   7.5197566E-01
   7.5197566E-01   7.5197566E-01   7.5197566E-01   7.5197566E-01

   2.5985463E+03   3.1172405E+02   5.5496119E+07   1.8726938E+00   8.7375635E-10   2.8587913E+03   1.0000000E+00    10 
   7.1922693E-02   1.3938653E+03   1.7440418E+02   5.5621335E+00   1.1325585E-01
   1.1545700E+00   8.0935134E-01   4.5265621E+00   2.3236776E-01   2.1854743E-01
   2.8089389E-01   7.3526076E-01   8.1391447E-01   4.1464209E+00   3.1142229E-01
   3.0340084E-01   3.8918118E-01   3.8924372E-01   3.5821125E-01   6.1509664E-01
   8.3168699E-01   4.0298674E+00   3.4900721E-01   3.5113458E-01   4.7967296E-01
   4.7998819E-01   4.3055917E-01   5.8564073E-01   8.4397793E-01   3.8803843E+00
   3.7096579E-01   3.7096579E-01   5.4070070E-01   5.4070070E-01   3.8414013E-01
   6.2196282E-01   8.4904450E-01   3.6464696E+00   3.9064829E-01   3.9064829E-01
   5.8564387E-01   5.8564387E-01   4.8164731E-01   6.2384899E-01   6.2384899E-01
   6.4491832E-01   6.4491832E-01   6.8108703E-01   6.8108703E-01   7.5271219E-01
   7.5271219E-01   7.5271219E-01   7.5271219E-01   7.5271219E-01   7.5271219E-01
   7.5927027E-01   7.5927027E-01   7.5927027E-01   7.5927027E-01   7.5927027E-01
   7.5927027E-01   7.6050699E-01   7.6050699E-01   7.6050699E-01   7.6050699E-01
   7.6050699E-01   7.6050699E-01   7.6050699E-01   7.6050699E-01

   1.9408575E+03   5.6083586E+02   1.0087043E+08   1.8822690E+00   8.9976477E-10   2.8193933E+03   1.0000000E+00    11 
   4.3580528E-02   7.8780606E+02   9.9077161E+01   5.6074413E+00   1.1545859E-01
   1.1665981E+00   8.1582086E-01   4.5400535E+00   2.4250839E-01   2.2086671E-01
   2.8324475E-01   7.4690440E-01   8.1872274E-01   4.1464907E+00   3.2180090E-01
   3.0588135E-01   3.9252033E-01   3.9238342E-01   3.6072419E-01   6.3383977E-01
   8.3512062E-01   4.0106927E+00   3.6137036E-01   3.5383110E-01   4.8314992E-01
   4.8346422E-01   4.2840521E-01   6.2143760E-01   8.4377185E-01   3.8150732E+00
   3.8579763E-01   3.8579763E-01   5.4451358E-01   5.4451358E-01   3.7795676E-01
   6.9315930E-01   8.4312896E-01   3.4999585E+00   4.1633334E-01   4.1633334E-01
   5.8992877E-01   5.8992877E-01   4.8520558E-01   6.3091722E-01   6.3091722E-01
   6.5276969E-01   6.5276969E-01   6.9081309E-01   6.9081309E-01   7.5764025E-01
   7.5764025E-01   7.5764025E-01   7.5764025E-01   7.5764025E-01   7.5764025E-01
   7.6827732E-01   7.6827732E-01   7.6827732E-01   7.6827732E-01   7.6827732E-01
   7.6827732E-01   7.7102532E-01   7.7102532E-01   7.7102532E-01   7.7102532E-01
   7.7102532E-01   7.7102532E-01   7.7102532E-01   7.7102532E-01

   1.4530208E+03   1.0044160E+03   1.8340066E+08   1.8957601E+00   9.4246562E-10   2.7667114E+03   1.0000000E+00    12 
   2.7392745E-02   4.4832691E+02   5.6918696E+01   5.6572056E+00   1.1867135E-01
   1.1838022E+00   8.2453271E-01   4.5482019E+00   2.5965526E-01   2.2427793E-01
   2.8664486E-01   7.6562999E-01   8.2516055E-01   4.1365543E+00   3.3945440E-01
   3.0965234E-01   3.9767994E-01   3.9707651E-01   3.6424312E-01   6.6526711E-01
   8.3907990E-01   3.9682404E+00   3.8241626E-01   3.5790717E-01   4.8860551E-01
   4.8883003E-01   4.2681746E-01   6.8042413E-01   8.4112201E-01   3.6994265E+00
   4.1067138E-01   4.1067138E-01   5.5053496E-01   5.5053496E-01   3.7003860E-01
   7.9998792E-01   8.3167801E-01   3.2694880E+00   4.5673333E-01   4.5673333E-01
   5.9698696E-01   5.9698696E-01   4.9006487E-01   6.4178577E-01   6.4178577E-01
   6.6530438E-01   6.6530438E-01   7.0557433E-01   7.0557433E-01   7.6711372E-01
   7.6711372E-01   7.6711372E-01   7.6711372E-01   7.6711372E-01   7.6711372E-01
   7.8083939E-01   7.8083939E-01   7.8083939E-01   7.8083939E-01   7.8083939E-01
   7.8083939E-01   7.8449199E-01   7.8449199E-01   7.8449199E-01   7.8449199E-01
   7.8449199E-01   7.8449199E-01   7.8449199E-01   7.8449199E-01

   1.0915123E+03   1.7861561E+03   3.3344042E+08   1.9147175E+00   1.0145364E-09   2.6967212E+03   1.0000000E+00    13 
   1.8105987E-02   2.5720798E+02   3.3225615E+01   5.7020502E+00   1.2338140E-01
   1.2086219E+00   8.3609030E-01   4.5405736E+00   2.8828400E-01   2.2934240E-01
   2.9161596E-01   7.9591018E-01   8.3358491E-01   4.1053694E+00   3.6917298E-01
   3.1541265E-01   4.0594321E-01   4.0419437E-01   3.6909422E-01   7.1708298E-01
   8.4305837E-01   3.8838419E+00   4.1770611E-01   3.6418050E-01   4.9736753E-01
   4.9717314E-01   4.2734746E-01   7.7259984E-01   8.3359019E-01   3.5077326E+00
   4.5097437E-01   4.5097437E-01   5.6029759E-01   5.6029759E-01   3.6081532E-01
   9.4195096E-01   8.1200348E-01   2.9428892E+00   5.1546404E-01   5.1546404E-01
   6.0901344E-01   6.0901344E-01   4.9684439E-01   6.5834657E-01   6.5834657E-01
   6.8490053E-01   6.8490053E-01   7.2719868E-01   7.2719868E-01   7.8310539E-01
   7.8310539E-01   7.8310539E-01   7.8310539E-01   7.8310539E-01   7.8310539E-01
   7.9837753E-01   7.9837753E-01   7.9837753E-01   7.9837753E-01   7.9837753E-01
   7.9837753E-01   8.0240316E-01   8.0240316E-01   8.0240316E-01   8.0240316E-01
   8.0240316E-01   8.0240316E-01   8.0240316E-01   8.0240316E-01

   8.2390322E+02   3.1426080E+03   6.0578738E+08   1.9422445E+00   1.1376714E-09   2.6052265E+03   1.0000000E+00    14 
   1.2902290E-02   1.4910421E+02   1.9856134E+01   5.7301170E+00   1.3039300E-01
   1.2459562E+00   8.5180678E-01   4.5036714E+00   3.3527658E-01   2.3708009E-01
   2.9916742E-01   8.4497239E-01   8.4480415E-01   4.0357906E+00   4.1814595E-01
   3.2431091E-01   4.1977999E-01   4.1515774E-01   3.7551335E-01   7.9974861E-01
   8.4662208E-01   3.7336463E+00   4.7507049E-01   3.7403192E-01   5.1188183E-01
   5.1024163E-01   4.3207100E-01   9.0454158E-01   8.1818900E-01   3.2199497E+00
   5.1237867E-01   5.1237867E-01   5.7658223E-01   5.7658223E-01   3.5298262E-01
   1.0992501E+00   7.8323186E-01   2.5427480E+00   5.9218645E-01   5.9218645E-01
   6.2953016E-01   6.2953016E-01   5.0739170E-01   6.8319763E-01   6.8319763E-01
   7.1410590E-01   7.1410590E-01   7.5739274E-01   7.5739274E-01   8.0719189E-01
   8.0719189E-01   8.0719189E-01   8.0719189E-01   8.0719189E-01   8.0719189E-01
   8.2240016E-01   8.2240016E-01   8.2240016E-01   8.2240016E-01   8.2240016E-01
   8.2240016E-01   8.2635220E-01   8.2635220E-01   8.2635220E-01   8.2635220E-01
   8.2635220E-01   8.2635220E-01   8.2635220E-01   8.2635220E-01

   6.2602163E+02   5.4259991E+03   1.0976257E+09   1.9845700E+00   1.3468686E-09   2.4905748E+03   1.0000000E+00    15 
   1.0378037E-02   8.7788551E+01   1.2306733E+01   5.7322401E+00   1.4124504E-01
   1.3040362E+00   8.7451953E-01   4.4231999E+00   4.1040444E-01   2.4912497E-01
   3.1139802E-01   9.2252220E-01   8.6063408E-01   3.8957428E+00   4.9569277E-01
   3.3814596E-01   4.4365476E-01   4.3194489E-01   3.8425473E-01   9.2313256E-01
   8.4987826E-01   3.4961782E+00   5.6323591E-01   3.8957812E-01   5.3630422E-01
   5.3043888E-01   4.4409215E-01   1.0695070E+00   7.9339206E-01   2.8453037E+00
   5.9807491E-01   5.9807491E-01   6.0360827E-01   6.0360827E-01   3.5273279E-01
   1.2333616E+00   7.4944211E-01   2.1292687E+00   6.8036904E-01   6.8036904E-01
   6.6256098E-01   6.6256098E-01   5.2387759E-01   7.1852523E-01   7.1852523E-01
   7.5386653E-01   7.5386653E-01   7.9609135E-01   7.9609135E-01   8.3905683E-01
   8.3905683E-01   8.3905683E-01   8.3905683E-01   8.3905683E-01   8.3905683E-01
   8.5283365E-01   8.5283365E-01   8.5283365E-01   8.5283365E-01   8.5283365E-01
   8.5283365E-01   8.5636465E-01   8.5636465E-01   8.5636465E-01   8.5636465E-01
   8.5636465E-01   8.5636465E-01   8.5636465E-01   8.5636465E-01

   4.7890745E+02   9.1506923E+03   1.9914092E+09   2.0523961E+00   1.7012330E-09   2.3458450E+03   1.0000000E+00    16 
   1.0027805E-02   5.2806638E+01   8.0256854E+00   5.7073778E+00   1.5853085E-01
   1.3968379E+00   9.0878377E-01   4.2905765E+00   5.2759441E-01   2.6808836E-01
   3.3139763E-01   1.0402931E+00   8.8413865E-01   3.6890544E+00   6.1224034E-01
   3.5973745E-01   4.8588932E-01   4.5741098E-01   3.9646116E-01   1.0908490E+00
   8.5375520E-01   3.1637900E+00   6.8996210E-01   4.1407147E-01   5.7788477E-01
   5.6124151E-01   4.6361393E-01   1.2414194E+00   7.6390977E-01   2.4276378E+00
   7.0465690E-01   7.0465690E-01   6.4736729E-01   6.4736729E-01   3.7492467E-01
   1.3114969E+00   7.2236159E-01   1.7701333E+00   7.7115080E-01   7.7115080E-01
   7.1196535E-01   7.1196535E-01   5.5284344E-01   7.6701439E-01   7.6701439E-01
   8.0412660E-01   8.0412660E-01   8.4199107E-01   8.4199107E-01   8.7673605E-01
   8.7673605E-01   8.7673605E-01   8.7673605E-01   8.7673605E-01   8.7673605E-01
   8.8800738E-01   8.8800738E-01   8.8800738E-01   8.8800738E-01   8.8800738E-01
   8.8800738E-01   8.9086942E-01   8.9086942E-01   8.9086942E-01   8.9086942E-01
   8.9086942E-01   8.9086942E-01   8.9086942E-01   8.9086942E-01

   3.6959393E+02   1.5017356E+04   3.6315609E+09   2.1590312E+00   2.2936159E-09   2.1600962E+03   1.0000000E+00    17 
   1.2309017E-02   3.2579321E+01   5.5971008E+00   5.6245551E+00   1.8505258E-01
   1.5323926E+00   9.5830994E-01   4.0882076E+00   6.9837628E-01   2.9676575E-01
   3.6292250E-01   1.2026837E+00   9.1737182E-01   3.4008471E+00   7.7150559E-01
   3.9200818E-01   5.5803675E-01   4.9359978E-01   4.1634410E-01   1.2845523E+00
   8.5841588E-01   2.7688776E+00   8.5130400E-01   4.5077810E-01   6.4498910E-01
   6.0501531E-01   4.8776392E-01   1.3785564E+00   7.4728998E-01   2.0329834E+00
   8.1973161E-01   8.1973161E-01   7.1155167E-01   7.1155167E-01   4.4553160E-01
   1.3206579E+00   7.1404219E-01   1.4920705E+00   8.5258897E-01   8.5258897E-01
   7.7630657E-01   7.7630657E-01   5.9391210E-01   8.2556882E-01   8.2556882E-01
   8.5988430E-01   8.5988430E-01   8.9038617E-01   8.9038617E-01   9.1614744E-01
   9.1614744E-01   9.1614744E-01   9.1614744E-01   9.1614744E-01   9.1614744E-01
   9.2435044E-01   9.2435044E-01   9.2435044E-01   9.2435044E-01   9.2435044E-01
   9.2435044E-01   9.2641365E-01   9.2641365E-01   9.2641365E-01   9.2641365E-01
   9.2641365E-01   9.2641365E-01   9.2641365E-01   9.2641365E-01

   2.8900439E+02   2.4227702E+04   6.6747743E+09   2.3126674E+00   3.2657189E-09   1.9223545E+03   1.0000000E+00    18 
   1.8920445E-02   2.0644500E+01   4.2040419E+00   5.4174594E+00   2.2152003E-01
   1.6987242E+00   1.0218959E+00   3.7957923E+00   9.1193302E-01   3.3663850E-01
   4.0778024E-01   1.3859727E+00   9.5783932E-01   3.0420589E+00   9.6085330E-01
   4.3672620E-01   6.6862358E-01   5.4022769E-01   4.6498964E-01   1.4594652E+00
   8.6342241E-01   2.3694574E+00   1.0219341E+00   5.0196127E-01   7.4127894E-01
   6.6086001E-01   5.2099373E-01   1.4498700E+00   7.7212482E-01   1.7219114E+00
   9.2518333E-01   9.2518333E-01   7.9278276E-01   7.9278276E-01   5.8605938E-01
   1.2828170E+00   7.2517503E-01   1.3043545E+00   9.1767420E-01   9.1767420E-01
   8.4784895E-01   8.4784895E-01   6.3697498E-01   8.8652055E-01   8.8652055E-01
   9.1283142E-01   9.1283142E-01   9.3387127E-01   9.3387127E-01   9.5052847E-01
   9.5052847E-01   9.5052847E-01   9.5052847E-01   9.5052847E-01   9.5052847E-01
   9.5570343E-01   9.5570343E-01   9.5570343E-01   9.5570343E-01   9.5570343E-01
   9.5570343E-01   9.5699874E-01   9.5699874E-01   9.5699874E-01   9.5699874E-01
   9.5699874E-01   9.5699874E-01   9.5699874E-01   9.5699874E-01

   2.3028591E+02   3.8015467E+04   1.2204120E+10   2.5283629E+00   4.7379020E-09   1.6561071E+03   1.0000000E+00    19 
   3.6279157E-02   1.3648827E+01   3.4291447E+00   5.0949437E+00   2.7490830E-01
   1.8651231E+00   1.0995646E+00   3.4415248E+00   1.1422047E+00   3.8953475E-01
   4.6729449E-01   1.5562261E+00   1.0059269E+00   2.6813707E+00   1.1499434E+00
   4.9564665E-01   8.1454680E-01   5.9605135E-01   5.5953934E-01   1.5699194E+00
   8.8592897E-01   2.0384431E+00   1.1672469E+00   5.7381670E-01   8.5835087E-01
   7.2456792E-01   6.1411293E-01   1.4540726E+00   8.1999738E-01   1.5099634E+00
   1.0044502E+00   1.0044502E+00   8.7847370E-01   8.7847370E-01   7.0905938E-01
   1.2338971E+00   7.3786009E-01   1.1971812E+00   9.6221960E-01   9.6221960E-01
   9.1399590E-01   9.1399590E-01   6.6476583E-01   9.3886770E-01   9.3886770E-01
   9.5473210E-01   9.5473210E-01   9.6667714E-01   9.6667714E-01   9.7568153E-01
   9.7568153E-01   9.7568153E-01   9.7568153E-01   9.7568153E-01   9.7568153E-01
   9.7842552E-01   9.7842552E-01   9.7842552E-01   9.7842552E-01   9.7842552E-01
   9.7842552E-01   9.7910985E-01   9.7910985E-01   9.7910985E-01   9.7910985E-01
   9.7910985E-01   9.7910985E-01   9.7910985E-01   9.7910985E-01

   1.8732298E+02   5.9286688E+04   2.2558788E+10   2.8072781E+00   7.0132677E-09   1.3541399E+03   1.0000000E+00    20 
   7.7655020E-02   9.3339068E+00   2.9206787E+00   4.6217295E+00   3.4171850E-01
   1.9838964E+00   1.1600763E+00   3.0473304E+00   1.3364237E+00   4.5330803E-01
   5.3680123E-01   1.6729832E+00   1.0439546E+00   2.3356234E+00   1.2963835E+00
   5.6355989E-01   9.7156108E-01   6.5534640E-01   6.1684310E-01   1.6023481E+00
   8.9907378E-01   1.7880146E+00   1.2561432E+00   6.5096175E-01   9.7386342E-01
   7.8874682E-01   6.8074740E-01   1.4054770E+00   8.4644310E-01   1.3661175E+00
   1.0555507E+00   1.0555507E+00   9.5389898E-01   9.5389898E-01   7.6904943E-01
   1.1831612E+00   7.8244430E-01   1.1330590E+00   9.9281762E-01   9.9281762E-01
   9.6633956E-01   9.6633956E-01   7.3293354E-01   9.7685531E-01   9.7685531E-01
   9.8330757E-01   9.8330757E-01   9.8798350E-01   9.8798350E-01   9.9144181E-01
   9.9144181E-01   9.9144181E-01   9.9144181E-01   9.9144181E-01   9.9144181E-01
   9.9245983E-01   9.9245983E-01   9.9245983E-01   9.9245983E-01   9.9245983E-01
   9.9245983E-01   9.9271747E-01   9.9271747E-01   9.9271747E-01   9.9271747E-01
   9.9271747E-01   9.9271747E-01   9.9271747E-01   9.9271747E-01

   1.5629712E+02   9.0037418E+04   4.2646154E+10   3.1032329E+00   1.0878872E-08   1.0289587E+03   1.0000000E+00    21 
   1.4658220E-01   6.4608741E+00   2.5321747E+00   3.9781799E+00   4.2311024E-01
   1.9775287E+00   1.1947605E+00   2.6265434E+00   1.4499072E+00   5.2357530E-01
   6.0490305E-01   1.6858268E+00   1.0658653E+00   2.0237105E+00   1.3680520E+00
   6.3585092E-01   1.1039968E+00   7.1386476E-01   6.8873129E-01   1.5655773E+00
   9.1537743E-01   1.5902549E+00   1.2772354E+00   7.3146580E-01   1.0612111E+00
   8.4579738E-01   7.5425682E-01   1.3269888E+00   9.1609335E-01   1.2629228E+00
   1.0768980E+00   1.0768980E+00   1.0070796E+00   1.0070796E+00   8.8071691E-01
   1.1414132E+00   9.1377695E-01   1.1011361E+00   1.0234200E+00   1.0234200E+00
   1.0020372E+00   1.0020372E+00   8.9673176E-01   9.9925037E-01   9.9925037E-01
   9.9898458E-01   9.9898458E-01   9.9902908E-01   9.9902908E-01   9.9913094E-01
   9.9913094E-01   9.9913094E-01   9.9913094E-01   9.9913094E-01   9.9913094E-01
   9.9919158E-01   9.9919158E-01   9.9919158E-01   9.9919158E-01   9.9919158E-01
   9.9919158E-01   9.9921434E-01   9.9921434E-01   9.9921434E-01   9.9921434E-01
   9.9921434E-01   9.9921434E-01   9.9921434E-01   9.9921434E-01

   1.3525275E+02   1.5585806E+05   8.0502317E+10   3.4279018E+00   1.7114406E-08   7.2792964E+02   1.0000000E+00    22 
   2.6628007E-01   4.8338351E+00   2.2911644E+00   3.4231135E+00   4.9590748E-01
   1.9460918E+00   1.2141059E+00   2.2968891E+00   1.4913485E+00   5.9199294E-01
   6.8819146E-01   1.6541950E+00   1.0816557E+00   1.7912548E+00   1.3816700E+00
   7.0788598E-01   1.1719178E+00   7.6768526E-01   7.6868784E-01   1.4818272E+00
   9.3446052E-01   1.4462564E+00   1.2602055E+00   8.0387898E-01   1.1060612E+00
   8.9039182E-01   8.2069759E-01   1.2486693E+00   9.5692035E-01   1.1882754E+00
   1.0763604E+00   1.0763604E+00   1.0329651E+00   1.0329651E+00   9.3829953E-01
   1.1057517E+00   9.8202555E-01   1.0764181E+00   1.0332097E+00   1.0332097E+00
   1.0174310E+00   1.0174310E+00   9.7729303E-01   1.0076086E+00   1.0076086E+00
   1.0044650E+00   1.0044650E+00   1.0027431E+00   1.0027431E+00   1.0016002E+00
   1.0016002E+00   1.0016002E+00   1.0016002E+00   1.0016002E+00   1.0016002E+00
   1.0013152E+00   1.0013152E+00   1.0013152E+00   1.0013152E+00   1.0013152E+00
   1.0013152E+00   1.0012521E+00   1.0012521E+00   1.0012521E+00   1.0012521E+00
   1.0012521E+00   1.0012521E+00   1.0012521E+00   1.0012521E+00

   1.2356812E+02   2.6505384E+05   1.3634361E+11   3.6397230E+00   2.5951177E-08   5.1492786E+02   1.0000000E+00    23 
   3.5429546E-01   3.8903731E+00   2.0902243E+00   2.9895256E+00   5.5719012E-01
   1.8509680E+00   1.2015365E+00   2.0561837E+00   1.4785485E+00   6.4378069E-01
   7.3198460E-01   1.5871053E+00   1.0753259E+00   1.6315817E+00   1.3541563E+00
   7.5807986E-01   1.1850492E+00   8.0530446E-01   8.1992726E-01   1.4009585E+00
   9.3937075E-01   1.3468407E+00   1.2244791E+00   8.4942038E-01   1.1143671E+00
   9.1673134E-01   8.5809667E-01   1.1860213E+00   9.7877186E-01   1.1370017E+00
   1.0647942E+00   1.0647942E+00   1.0383805E+00   1.0383805E+00   9.6974125E-01
   1.0786530E+00   1.0110124E+00   1.0586300E+00   1.0330235E+00   1.0330235E+00
   1.0210866E+00   1.0210866E+00   1.0105695E+00   1.0106011E+00   1.0106011E+00
   1.0058543E+00   1.0058543E+00   1.0034655E+00   1.0034655E+00   1.0019850E+00
   1.0019850E+00   1.0019850E+00   1.0019850E+00   1.0019850E+00   1.0019850E+00
   1.0016203E+00   1.0016203E+00   1.0016203E+00   1.0016203E+00   1.0016203E+00
   1.0016203E+00   1.0015385E+00   1.0015385E+00   1.0015385E+00   1.0015385E+00
   1.0015385E+00   1.0015385E+00   1.0015385E+00   1.0015385E+00

   1.1645889E+02   4.4802153E+05   2.1691488E+11   3.7978819E+00   3.8192868E-08   3.6438532E+02   1.0000000E+00    24 
   4.2671514E-01   3.3223317E+00   1.9342586E+00   2.6796901E+00   6.0644825E-01
   1.7583642E+00   1.1800547E+00   1.8845151E+00   1.4455916E+00   6.8327284E-01
   7.5173140E-01   1.5205255E+00   1.0592230E+00   1.5153383E+00   1.3199818E+00
   7.9064749E-01   1.1807510E+00   8.3026359E-01   8.3691778E-01   1.3262653E+00
   9.3169955E-01   1.2728734E+00   1.1879788E+00   8.7388667E-01   1.1081034E+00
   9.3149963E-01   8.7137595E-01   1.1376212E+00   9.8215744E-01   1.0995047E+00
   1.0508424E+00   1.0508424E+00   1.0345622E+00   1.0345622E+00   9.7783531E-01
   1.0556081E+00   1.0091233E+00   1.0414803E+00   1.0249453E+00   1.0249453E+00
   1.0177067E+00   1.0177067E+00   1.0090540E+00   1.0084297E+00   1.0084297E+00
   1.0044237E+00   1.0044237E+00   1.0025753E+00   1.0025753E+00   1.0014518E+00
   1.0014518E+00   1.0014518E+00   1.0014518E+00   1.0014518E+00   1.0014518E+00
   1.0011740E+00   1.0011740E+00   1.0011740E+00   1.0011740E+00   1.0011740E+00
   1.0011740E+00   1.0011108E+00   1.0011108E+00   1.0011108E+00   1.0011108E+00
   1.0011108E+00   1.0011108E+00   1.0011108E+00   1.0011108E+00

   1.1191196E+02   7.7632005E+05   3.3092522E+11   3.9319166E+00   5.4756018E-08   2.5864938E+02   1.0000000E+00    25 
   4.9505246E-01   2.9721342E+00   1.8354294E+00   2.4678901E+00   6.3901237E-01
   1.6993280E+00   1.1626129E+00   1.7635182E+00   1.4150349E+00   7.1340391E-01
   7.6914612E-01   1.4673639E+00   1.0471823E+00   1.4329990E+00   1.2893809E+00
   8.1626973E-01   1.1738555E+00   8.5034804E-01   8.5117762E-01   1.2665087E+00
   9.3994893E-01   1.2186558E+00   1.1570847E+00   8.9913077E-01   1.0991239E+00
   9.4354116E-01   8.9969816E-01   1.1039198E+00   9.8890184E-01   1.0745403E+00
   1.0408212E+00   1.0408212E+00   1.0305043E+00   1.0305043E+00   9.8681975E-01
   1.0405719E+00   1.0061435E+00   1.0302101E+00   1.0189777E+00   1.0189777E+00
   1.0149721E+00   1.0149721E+00   1.0057446E+00   1.0073185E+00   1.0073185E+00
   1.0036794E+00   1.0036794E+00   1.0020838E+00   1.0020838E+00   1.0011278E+00
   1.0011278E+00   1.0011278E+00   1.0011278E+00   1.0011278E+00   1.0011278E+00
   1.0008986E+00   1.0008986E+00   1.0008986E+00   1.0008986E+00   1.0008986E+00
   1.0008986E+00   1.0008460E+00   1.0008460E+00   1.0008460E+00   1.0008460E+00
   1.0008460E+00   1.0008460E+00   1.0008460E+00   1.0008460E+00

   1.0890312E+02   1.4323696E+06   4.9287427E+11   4.0198827E+00   7.8239630E-08   1.8338929E+02   1.0000000E+00    26 
   5.2988907E-01   2.7035133E+00   1.7513336E+00   2.2953648E+00   6.5480877E-01
   1.6409556E+00   1.1404900E+00   1.6622190E+00   1.3803624E+00   7.3580608E-01
   7.9716785E-01   1.4153372E+00   1.0340220E+00   1.3642401E+00   1.2572606E+00
   8.3671716E-01   1.1605633E+00   8.6556429E-01   8.6071645E-01   1.2138855E+00
   9.4652012E-01   1.1729960E+00   1.1275083E+00   9.1835375E-01   1.0866021E+00
   9.5234313E-01   9.2007260E-01   1.0777583E+00   9.9533146E-01   1.0556724E+00
   1.0323307E+00   1.0323307E+00   1.0255383E+00   1.0255383E+00   9.9500336E-01
   1.0295202E+00   1.0052769E+00   1.0220965E+00   1.0144840E+00   1.0144840E+00
   1.0121944E+00   1.0121944E+00   1.0047993E+00   1.0061231E+00   1.0061231E+00
   1.0030137E+00   1.0030137E+00   1.0016459E+00   1.0016459E+00   1.0008485E+00
   1.0008485E+00   1.0008485E+00   1.0008485E+00   1.0008485E+00   1.0008485E+00
   1.0006629E+00   1.0006629E+00   1.0006629E+00   1.0006629E+00   1.0006629E+00
   1.0006629E+00   1.0006201E+00   1.0006201E+00   1.0006201E+00   1.0006201E+00
   1.0006201E+00   1.0006201E+00   1.0006201E+00   1.0006201E+00

   1.0686730E+02   2.7805606E+06   7.2115837E+11   4.0754363E+00   1.1134114E-07   1.3015632E+02   1.0000000E+00    27 
   5.4124839E-01   2.4890645E+00   1.6718360E+00   2.1538501E+00   6.6120277E-01
   1.5802652E+00   1.1151287E+00   1.5767999E+00   1.3447626E+00   7.5278334E-01
   8.1482284E-01   1.3660049E+00   1.0186793E+00   1.3052824E+00   1.2258193E+00
   8.5276310E-01   1.1436571E+00   8.7802431E-01   8.7025556E-01   1.1689158E+00
   9.5048633E-01   1.1351505E+00   1.1013199E+00   9.3203887E-01   1.0730018E+00
   9.5897857E-01   9.3299619E-01   1.0581861E+00   1.0035913E+00   1.0419147E+00
   1.0259444E+00   1.0259444E+00   1.0206901E+00   1.0206901E+00   1.0049918E+00
   1.0214570E+00   1.0049865E+00   1.0161646E+00   1.0110106E+00   1.0110106E+00
   1.0095775E+00   1.0095775E+00   1.0042929E+00   1.0047435E+00   1.0047435E+00
   1.0022738E+00   1.0022738E+00   1.0011992E+00   1.0011992E+00   1.0005881E+00
   1.0005881E+00   1.0005881E+00   1.0005881E+00   1.0005881E+00   1.0005881E+00
   1.0004482E+00   1.0004482E+00   1.0004482E+00   1.0004482E+00   1.0004482E+00
   1.0004482E+00   1.0004158E+00   1.0004158E+00   1.0004158E+00   1.0004158E+00
   1.0004158E+00   1.0004158E+00   1.0004158E+00   1.0004158E+00

   1.0545841E+02   5.5821563E+06   1.0448504E+12   4.1113438E+00   1.5813105E-07   9.2249065E+01   1.0000000E+00    28 
   5.4055544E-01   2.3134399E+00   1.5968778E+00   2.0357142E+00   6.6116148E-01
   1.5209399E+00   1.0876037E+00   1.5036751E+00   1.3098701E+00   7.6537871E-01
   8.2077650E-01   1.3197425E+00   1.0025839E+00   1.2539165E+00   1.1956346E+00
   8.6622102E-01   1.1251799E+00   8.8886865E-01   8.8052263E-01   1.1312632E+00
   9.5421049E-01   1.1041257E+00   1.0792009E+00   9.4267400E-01   1.0596757E+00
   9.6416689E-01   9.4299280E-01   1.0428027E+00   1.0062573E+00   1.0309110E+00
   1.0199447E+00   1.0199447E+00   1.0160260E+00   1.0160260E+00   1.0082591E+00
   1.0153516E+00   1.0042425E+00   1.0116230E+00   1.0081447E+00   1.0081447E+00
   1.0072093E+00   1.0072093E+00   1.0035982E+00   1.0034695E+00   1.0034695E+00
   1.0016112E+00   1.0016112E+00   1.0008222E+00   1.0008222E+00   1.0003802E+00
   1.0003802E+00   1.0003802E+00   1.0003802E+00   1.0003802E+00   1.0003802E+00
   1.0002802E+00   1.0002802E+00   1.0002802E+00   1.0002802E+00   1.0002802E+00
   1.0002802E+00   1.0002568E+00   1.0002568E+00   1.0002568E+00   1.0002568E+00
   1.0002568E+00   1.0002568E+00   1.0002568E+00   1.0002568E+00

   1.0447983E+02   1.1455894E+07   1.5062157E+12   4.1367293E+00   2.2426681E-07   6.5195373E+01   1.0000000E+00    29 
   5.3590662E-01   2.1700703E+00   1.5290362E+00   1.9367166E+00   6.5728353E-01
   1.4666571E+00   1.0595380E+00   1.4402597E+00   1.2774722E+00   7.7506453E-01
   8.2106141E-01   1.2768390E+00   9.8756506E-01   1.2093826E+00   1.1672270E+00
   8.7810270E-01   1.1070139E+00   8.9860656E-01   8.8991430E-01   1.1006980E+00
   9.5805392E-01   1.0793777E+00   1.0613066E+00   9.5132652E-01   1.0477434E+00
   9.6848777E-01   9.5118801E-01   1.0309297E+00   1.0055398E+00   1.0222764E+00
   1.0146974E+00   1.0146974E+00   1.0119898E+00   1.0119898E+00   1.0075515E+00
   1.0108002E+00   1.0032897E+00   1.0082042E+00   1.0058618E+00   1.0058618E+00
   1.0052588E+00   1.0052588E+00   1.0028176E+00   1.0024581E+00   1.0024581E+00
   1.0011065E+00   1.0011065E+00   1.0005464E+00   1.0005464E+00   1.0002347E+00
   1.0002347E+00   1.0002347E+00   1.0002347E+00   1.0002347E+00   1.0002347E+00
   1.0001649E+00   1.0001649E+00   1.0001649E+00   1.0001649E+00   1.0001649E+00
   1.0001649E+00   1.0001485E+00   1.0001485E+00   1.0001485E+00   1.0001485E+00
   1.0001485E+00   1.0001485E+00   1.0001485E+00   1.0001485E+00

   1.0379966E+02   2.3613113E+07   2.1565909E+12   4.1586923E+00   3.1595564E-07   4.6131403E+01   1.0000000E+00    30 
   5.3292119E-01   2.0535804E+00   1.4698419E+00   1.8535747E+00   6.5301039E-01
   1.4187517E+00   1.0329333E+00   1.3849380E+00   1.2487842E+00   7.8377405E-01
   8.2050077E-01   1.2377299E+00   9.7536668E-01   1.1713591E+00   1.1411419E+00
   8.8934790E-01   1.0904249E+00   9.0787954E-01   8.9869614E-01   1.0767388E+00
   9.6231026E-01   1.0602403E+00   1.0472897E+00   9.5875899E-01   1.0377796E+00
   9.7238861E-01   9.5834787E-01   1.0221739E+00   1.0039616E+00   1.0158747E+00
   1.0105929E+00   1.0105929E+00   1.0088247E+00   1.0088247E+00   1.0057742E+00
   1.0075496E+00   1.0024217E+00   1.0057463E+00   1.0041621E+00   1.0041621E+00
   1.0037857E+00   1.0037857E+00   1.0021135E+00   1.0017252E+00   1.0017252E+00
   1.0007563E+00   1.0007563E+00   1.0003613E+00   1.0003613E+00   1.0001419E+00
   1.0001419E+00   1.0001419E+00   1.0001419E+00   1.0001419E+00   1.0001419E+00
   1.0000934E+00   1.0000934E+00   1.0000934E+00   1.0000934E+00   1.0000934E+00
   1.0000934E+00   1.0000818E+00   1.0000818E+00   1.0000818E+00   1.0000818E+00
   1.0000818E+00   1.0000818E+00   1.0000818E+00   1.0000818E+00

   1.0333957E+02   4.7642344E+07   3.0138127E+12   4.1647579E+00   4.3618809E-07   3.3303524E+01   1.0000000E+00    31 
   5.1902572E-01   1.9478131E+00   1.4099262E+00   1.7767968E+00   6.4474259E-01
   1.3726131E+00   1.0052523E+00   1.3340754E+00   1.2210875E+00   7.8906561E-01
   8.1719438E-01   1.2010602E+00   9.6451448E-01   1.1387524E+00   1.1170135E+00
   8.9825408E-01   1.0750279E+00   9.1518111E-01   9.0537780E-01   1.0581564E+00
   9.6561022E-01   1.0455112E+00   1.0362287E+00   9.6418675E-01   1.0294858E+00
   9.7525332E-01   9.6354143E-01   1.0157692E+00   1.0022731E+00   1.0111620E+00
   1.0074178E+00   1.0074178E+00   1.0063054E+00   1.0063054E+00   1.0039007E+00
   1.0052139E+00   1.0016192E+00   1.0039594E+00   1.0028711E+00   1.0028711E+00
   1.0026465E+00   1.0026465E+00   1.0014421E+00   1.0011776E+00   1.0011776E+00
   1.0005022E+00   1.0005022E+00   1.0002328E+00   1.0002328E+00   1.0000830E+00
   1.0000830E+00   1.0000830E+00   1.0000830E+00   1.0000830E+00   1.0000830E+00
   1.0000503E+00   1.0000503E+00   1.0000503E+00   1.0000503E+00   1.0000503E+00
   1.0000503E+00   1.0000424E+00   1.0000424E+00   1.0000424E+00   1.0000424E+00
   1.0000424E+00   1.0000424E+00   1.0000424E+00   1.0000424E+00

   1.0311115E+02   1.0604105E+08   4.3404685E+12   4.1308309E+00   6.2670497E-07   2.3225478E+01   1.0000000E+00    32 
   4.7718015E-01   1.8458297E+00   1.3413505E+00   1.7031279E+00   6.2741125E-01
   1.3237851E+00   9.7117843E-01   1.2837313E+00   1.1925701E+00   7.8867103E-01
   8.0754439E-01   1.1629089E+00   9.5254525E-01   1.1078558E+00   1.0927102E+00
   9.0488685E-01   1.0594577E+00   9.2059400E-01   9.0961557E-01   1.0418538E+00
   9.6784177E-01   1.0326815E+00   1.0263526E+00   9.6822101E-01   1.0217741E+00
   9.7735833E-01   9.6721097E-01   1.0103833E+00   1.0004835E+00   1.0071760E+00
   1.0046120E+00   1.0046120E+00   1.0040049E+00   1.0040049E+00   1.0019647E+00
   1.0032672E+00   1.0008012E+00   1.0024529E+00   1.0017371E+00   1.0017371E+00
   1.0016290E+00   1.0016290E+00   1.0007385E+00   1.0007027E+00   1.0007027E+00
   1.0002877E+00   1.0002877E+00   1.0001293E+00   1.0001293E+00   1.0000411E+00
   1.0000411E+00   1.0000411E+00   1.0000411E+00   1.0000411E+00   1.0000411E+00
   1.0000221E+00   1.0000221E+00   1.0000221E+00   1.0000221E+00   1.0000221E+00
   1.0000221E+00   1.0000175E+00   1.0000175E+00   1.0000175E+00   1.0000175E+00
   1.0000175E+00   1.0000175E+00   1.0000175E+00   1.0000175E+00

   1.0303449E+02   2.2417732E+08   6.1655873E+12   4.1001680E+00   8.8207579E-07   1.6373496E+01   1.0000000E+00    33 
   4.4735546E-01   1.7817945E+00   1.2920952E+00   1.6564423E+00   6.1691917E-01
   1.2875823E+00   9.4529163E-01   1.2471019E+00   1.1732288E+00   7.9090243E-01
   8.0276550E-01   1.1332416E+00   9.4744179E-01   1.0851211E+00   1.0742197E+00
   9.1352130E-01   1.0480421E+00   9.2762301E-01   9.1651966E-01   1.0307639E+00
   9.7150022E-01   1.0239898E+00   1.0195732E+00   9.7270355E-01   1.0164406E+00
   9.8001927E-01   9.7164503E-01   1.0070446E+00   9.9968708E-01   1.0047582E+00
   1.0029561E+00   1.0029561E+00   1.0026213E+00   1.0026213E+00   1.0009679E+00
   1.0021145E+00   1.0003834E+00   1.0015697E+00   1.0010846E+00   1.0010846E+00
   1.0010356E+00   1.0010356E+00   1.0003721E+00   1.0004348E+00   1.0004348E+00
   1.0001715E+00   1.0001715E+00   1.0000751E+00   1.0000751E+00   1.0000214E+00
   1.0000214E+00   1.0000214E+00   1.0000214E+00   1.0000214E+00   1.0000214E+00
   1.0000101E+00   1.0000101E+00   1.0000101E+00   1.0000101E+00   1.0000101E+00
   1.0000101E+00   1.0000073E+00   1.0000073E+00   1.0000073E+00   1.0000073E+00
   1.0000073E+00   1.0000073E+00   1.0000073E+00   1.0000073E+00

   1.0299255E+02   4.4338853E+08   8.5204921E+12   4.0740833E+00   1.1971463E-06   1.1856899E+01   1.0000000E+00    34 
   4.2415471E-01   1.7296764E+00   1.2482980E+00   1.6181516E+00   6.0997488E-01
   1.2558724E+00   9.2461880E-01   1.2164636E+00   1.1567433E+00   7.9442959E-01
   8.0118573E-01   1.1088253E+00   9.4647916E-01   1.0674738E+00   1.0593648E+00
   9.2257651E-01   1.0389130E+00   9.3492409E-01   9.2446858E-01   1.0229726E+00
   9.7525383E-01   1.0178769E+00   1.0147205E+00   9.7675234E-01   1.0125446E+00
   9.8254445E-01   9.7579370E-01   1.0048849E+00   9.9930650E-01   1.0032147E+00
   1.0019116E+00   1.0019116E+00   1.0017267E+00   1.0017267E+00   1.0003975E+00
   1.0013967E+00   1.0001473E+00   1.0010220E+00   1.0006827E+00   1.0006827E+00
   1.0006638E+00   1.0006638E+00   1.0001611E+00   1.0002716E+00   1.0002716E+00
   1.0001030E+00   1.0001030E+00   1.0000442E+00   1.0000442E+00   1.0000115E+00
   1.0000115E+00   1.0000115E+00   1.0000115E+00   1.0000115E+00   1.0000115E+00
   1.0000047E+00   1.0000047E+00   1.0000047E+00   1.0000047E+00   1.0000047E+00
   1.0000047E+00   1.0000031E+00   1.0000031E+00   1.0000031E+00   1.0000031E+00
   1.0000031E+00   1.0000031E+00   1.0000031E+00   1.0000031E+00

   1.0296080E+02   9.3550769E+08   1.2172607E+13   4.0502574E+00   1.6509141E-06   8.3038406E+00   1.0000000E+00    35 
   4.0397294E-01   1.6769130E+00   1.2001384E+00   1.5790740E+00   6.0559362E-01
   1.2222373E+00   9.0633934E-01   1.1855543E+00   1.1392738E+00   8.0043534E-01
   8.0301533E-01   1.0854224E+00   9.4875888E-01   1.0514112E+00   1.0454928E+00
   9.3322494E-01   1.0303536E+00   9.4350029E-01   9.3432382E-01   1.0165064E+00
   9.7941610E-01   1.0128012E+00   1.0106319E+00   9.8093045E-01   1.0092003E+00
   9.8527653E-01   9.8015479E-01   1.0032316E+00   9.9913863E-01   1.0020525E+00
   1.0011407E+00   1.0011407E+00   1.0010518E+00   1.0010518E+00   1.0000305E+00
   1.0008689E+00   9.9999767E-01   1.0006217E+00   1.0003929E+00   1.0003929E+00
   1.0003912E+00   1.0003912E+00   1.0000242E+00   1.0001549E+00   1.0001549E+00
   1.0000554E+00   1.0000554E+00   1.0000234E+00   1.0000234E+00   1.0000055E+00
   1.0000055E+00   1.0000055E+00   1.0000055E+00   1.0000055E+00   1.0000055E+00
   1.0000020E+00   1.0000020E+00   1.0000020E+00   1.0000020E+00   1.0000020E+00
   1.0000020E+00   1.0000011E+00   1.0000011E+00   1.0000011E+00   1.0000011E+00
   1.0000011E+00   1.0000011E+00   1.0000011E+00   1.0000011E+00

   1.0292345E+02   1.9496958E+09   1.7206312E+13   4.0269935E+00   2.2172291E-06   5.8782133E+00   1.0000000E+00    36 
   3.8305768E-01   1.6136145E+00   1.1444883E+00   1.5322649E+00   6.0201396E-01
   1.1866437E+00   8.9146343E-01   1.1544871E+00   1.1193426E+00   8.0692842E-01
   8.0651960E-01   1.0650094E+00   9.5211910E-01   1.0379617E+00   1.0336029E+00
   9.4271804E-01   1.0228425E+00   9.5110835E-01   9.4331958E-01   1.0115831E+00
   9.8281957E-01   1.0089237E+00   1.0074517E+00   9.8424751E-01   1.0065297E+00
   9.8751064E-01   9.8363147E-01   1.0020341E+00   9.9901257E-01   1.0012096E+00
   1.0005711E+00   1.0005711E+00   1.0005407E+00   1.0005407E+00   9.9974557E-01
   1.0004930E+00   9.9988191E-01   1.0003345E+00   1.0001810E+00   1.0001810E+00
   1.0001888E+00   1.0001888E+00   9.9991691E-01   1.0000697E+00   1.0000697E+00
   1.0000211E+00   1.0000211E+00   1.0000087E+00   1.0000087E+00   1.0000018E+00
   1.0000018E+00   1.0000018E+00   1.0000018E+00   1.0000018E+00   1.0000018E+00
   1.0000006E+00   1.0000006E+00   1.0000006E+00   1.0000006E+00   1.0000006E+00
   1.0000006E+00   1.0000003E+00   1.0000003E+00   1.0000003E+00   1.0000003E+00
   1.0000003E+00   1.0000003E+00   1.0000003E+00   1.0000003E+00

   1.0287946E+02   4.0334207E+09   2.4301188E+13   4.0169257E+00   2.9091612E-06   4.1651427E+00   1.0000000E+00    37 
   3.6927878E-01   1.5442112E+00   1.0865600E+00   1.4803874E+00   6.0230033E-01
   1.1516833E+00   8.8238230E-01   1.1245704E+00   1.0983980E+00   8.1599416E-01
   8.1365951E-01   1.0481910E+00   9.5660372E-01   1.0271486E+00   1.0239381E+00
   9.5151616E-01   1.0166749E+00   9.5820837E-01   9.5182476E-01   1.0079354E+00
   9.8579943E-01   1.0060568E+00   1.0050813E+00   9.8707477E-01   1.0045109E+00
   9.8950506E-01   9.8660100E-01   1.0012024E+00   9.9897611E-01   1.0006328E+00
   1.0001887E+00   1.0001887E+00   1.0001921E+00   1.0001921E+00   9.9957398E-01
   1.0002417E+00   9.9981492E-01   1.0001434E+00   1.0000419E+00   1.0000419E+00
   1.0000539E+00   1.0000539E+00   9.9985331E-01   1.0000139E+00   1.0000139E+00
   9.9999924E-01   9.9999924E-01   9.9999952E-01   9.9999952E-01   9.9999962E-01
   9.9999962E-01   9.9999962E-01   9.9999962E-01   9.9999962E-01   9.9999962E-01
   9.9999986E-01   9.9999986E-01   9.9999986E-01   9.9999986E-01   9.9999986E-01
   9.9999986E-01   9.9999992E-01   9.9999992E-01   9.9999992E-01   9.9999992E-01
   9.9999992E-01   9.9999992E-01   9.9999992E-01   9.9999992E-01

   1.0282819E+02   7.8829405E+09   3.4304587E+13   4.0320141E+00   3.7187736E-06   2.9531994E+00   1.0000000E+00    38 
   3.6852787E-01   1.4711263E+00   1.0317082E+00   1.4240903E+00   6.0951290E-01
   1.1195530E+00   8.8047592E-01   1.0969266E+00   1.0779242E+00   8.2895349E-01
   8.2560271E-01   1.0350389E+00   9.6191329E-01   1.0189218E+00   1.0165700E+00
   9.5966920E-01   1.0119872E+00   9.6490826E-01   9.5981762E-01   1.0053444E+00
   9.8843936E-01   1.0040377E+00   1.0034103E+00   9.8953450E-01   1.0030752E+00
   9.9133212E-01   9.8917826E-01   1.0006612E+00   9.9902344E-01   1.0002704E+00
   9.9996306E-01   9.9996306E-01   9.9998426E-01   9.9998426E-01   9.9950508E-01
   1.0000887E+00   9.9979276E-01   1.0000295E+00   9.9996329E-01   9.9996329E-01
   9.9997609E-01   9.9997609E-01   9.9983044E-01   9.9998255E-01   9.9998255E-01
   9.9998756E-01   9.9998756E-01   9.9999468E-01   9.9999468E-01   9.9999856E-01
   9.9999856E-01   9.9999856E-01   9.9999856E-01   9.9999856E-01   9.9999856E-01
   9.9999956E-01   9.9999956E-01   9.9999956E-01   9.9999956E-01   9.9999956E-01
   9.9999956E-01   9.9999980E-01   9.9999980E-01   9.9999980E-01   9.9999980E-01
   9.9999980E-01   9.9999980E-01   9.9999980E-01   9.9999980E-01

   1.0276873E+02   1.3849407E+10   4.8428475E+13   4.0821261E+00   4.6301325E-06   2.0941743E+00   1.0000000E+00    39 
   3.8462733E-01   1.3943853E+00   9.8514887E-01   1.3615121E+00   6.2762122E-01
   1.0914450E+00   8.8608448E-01   1.0723766E+00   1.0592821E+00   8.4673939E-01
   8.4309153E-01   1.0250126E+00   9.6782137E-01   1.0129519E+00   1.0112628E+00
   9.6731566E-01   1.0086377E+00   9.7136174E-01   9.6737419E-01   1.0035457E+00
   9.9078953E-01   1.0026523E+00   1.0022635E+00   9.9170073E-01   1.0020787E+00
   9.9301995E-01   9.9143307E-01   1.0003318E+00   9.9913217E-01   1.0000649E+00
   9.9985389E-01   9.9985389E-01   9.9988268E-01   9.9988268E-01   9.9951264E-01
   1.0000059E+00   9.9980312E-01   9.9997122E-01   9.9992876E-01   9.9992876E-01
   9.9994030E-01   9.9994030E-01   9.9983735E-01   9.9996906E-01   9.9996906E-01
   9.9998321E-01   9.9998321E-01   9.9999291E-01   9.9999291E-01   9.9999823E-01
   9.9999823E-01   9.9999823E-01   9.9999823E-01   9.9999823E-01   9.9999823E-01
   9.9999948E-01   9.9999948E-01   9.9999948E-01   9.9999948E-01   9.9999948E-01
   9.9999948E-01   9.9999978E-01   9.9999978E-01   9.9999978E-01   9.9999978E-01
   9.9999978E-01   9.9999978E-01   9.9999978E-01   9.9999978E-01

   1.0270049E+02   2.1536720E+10   6.8401838E+13   4.1734515E+00   5.6234192E-06   1.4846026E+00   1.0000000E+00    40 
   4.1906944E-01   1.3143214E+00   9.5177659E-01   1.2913473E+00   6.6036503E-01
   1.0676152E+00   8.9867717E-01   1.0517370E+00   1.0435404E+00   8.6948739E-01
   8.6604937E-01   1.0173569E+00   9.7408947E-01   1.0087097E+00   1.0075511E+00
   9.7451976E-01   1.0062074E+00   9.7759256E-01   9.7451609E-01   1.0023105E+00
   9.9289014E-01   1.0017104E+00   1.0014793E+00   9.9362396E-01   1.0013841E+00
   9.9458071E-01   9.9341749E-01   1.0001433E+00   9.9927536E-01   9.9996323E-01
   9.9982038E-01   9.9982038E-01   9.9985009E-01   9.9985009E-01   9.9956709E-01
   9.9996822E-01   9.9983223E-01   9.9994875E-01   9.9992222E-01   9.9992222E-01
   9.9993143E-01   9.9993143E-01   9.9986144E-01   9.9996682E-01   9.9996682E-01
   9.9998338E-01   9.9998338E-01   9.9999303E-01   9.9999303E-01   9.9999833E-01
   9.9999833E-01   9.9999833E-01   9.9999833E-01   9.9999833E-01   9.9999833E-01
   9.9999952E-01   9.9999952E-01   9.9999952E-01   9.9999952E-01   9.9999952E-01
   9.9999952E-01   9.9999980E-01   9.9999980E-01   9.9999980E-01   9.9999980E-01
   9.9999980E-01   9.9999980E-01   9.9999980E-01   9.9999980E-01

   1.0262342E+02   2.9573086E+10   9.6467906E+13   4.3089426E+00   6.6684606E-06   1.0542925E+00   1.0000000E+00    41 
   4.7094039E-01   1.2345585E+00   9.3448508E-01   1.2170270E+00   7.0834637E-01
   1.0480705E+00   9.1662848E-01   1.0356822E+00   1.0312415E+00   8.9594743E-01
   8.9298704E-01   1.0114843E+00   9.8027146E-01   1.0056618E+00   1.0049226E+00
   9.8107743E-01   1.0042673E+00   9.8333738E-01   9.8102057E-01   1.0014637E+00
   9.9473686E-01   1.0010714E+00   1.0009398E+00   9.9530700E-01   1.0008926E+00
   9.9598937E-01   9.9514134E-01   1.0000419E+00   9.9942816E-01   9.9992349E-01
   9.9982891E-01   9.9982891E-01   9.9985527E-01   9.9985527E-01   9.9964297E-01
   9.9995651E-01   9.9986785E-01   9.9994629E-01   9.9993027E-01   9.9993027E-01
   9.9993680E-01   9.9993680E-01   9.9989139E-01   9.9997037E-01   9.9997037E-01
   9.9998573E-01   9.9998573E-01   9.9999404E-01   9.9999404E-01   9.9999860E-01
   9.9999860E-01   9.9999860E-01   9.9999860E-01   9.9999860E-01   9.9999860E-01
   9.9999960E-01   9.9999960E-01   9.9999960E-01   9.9999960E-01   9.9999960E-01
   9.9999960E-01   9.9999984E-01   9.9999984E-01   9.9999984E-01   9.9999984E-01
   9.9999984E-01   9.9999984E-01   9.9999984E-01   9.9999984E-01

   1.0254756E+02   3.5396711E+10   1.3061232E+14   4.4695166E+00   7.6097028E-06   7.7989620E-01   1.0000000E+00    42 
   5.3053278E-01   1.1695887E+00   9.3092858E-01   1.1538992E+00   7.5951218E-01
   1.0339648E+00   9.3461833E-01   1.0248100E+00   1.0225999E+00   9.2016443E-01
   9.1769954E-01   1.0075764E+00   9.8527893E-01   1.0036956E+00   1.0032364E+00
   9.8612277E-01   1.0028758E+00   9.8777058E-01   9.8602930E-01   1.0009349E+00
   9.9613250E-01   1.0006761E+00   1.0005994E+00   9.9657230E-01   1.0005741E+00
   9.9706551E-01   9.9643498E-01   9.9999532E-01   9.9955707E-01   9.9991659E-01
   9.9985272E-01   9.9985272E-01   9.9987412E-01   9.9987412E-01   9.9971415E-01
   9.9995714E-01   9.9989810E-01   9.9995197E-01   9.9994210E-01   9.9994210E-01
   9.9994647E-01   9.9994647E-01   9.9991660E-01   9.9997536E-01   9.9997536E-01
   9.9998840E-01   9.9998840E-01   9.9999518E-01   9.9999518E-01   9.9999888E-01
   9.9999888E-01   9.9999888E-01   9.9999888E-01   9.9999888E-01   9.9999888E-01
   9.9999967E-01   9.9999967E-01   9.9999967E-01   9.9999967E-01   9.9999967E-01
   9.9999967E-01   9.9999987E-01   9.9999987E-01   9.9999987E-01   9.9999987E-01
   9.9999987E-01   9.9999987E-01   9.9999987E-01   9.9999987E-01

   1.0247369E+02   3.8580960E+10   1.7125313E+14   4.6495378E+00   8.4454309E-06   5.9573726E-01   1.0000000E+00    43 
   5.9419268E-01   1.1201051E+00   9.3421179E-01   1.1049852E+00   8.0681263E-01
   1.0235570E+00   9.5019338E-01   1.0171008E+00   1.0160742E+00   9.4020982E-01
   9.3820260E-01   1.0049868E+00   9.8915027E-01   1.0024095E+00   1.0021350E+00
   9.8990312E-01   1.0019028E+00   9.9109035E-01   9.8979225E-01   1.0005943E+00
   9.9717269E-01   1.0004234E+00   1.0003776E+00   9.9750888E-01   1.0003630E+00
   9.9786558E-01   9.9739595E-01   9.9997450E-01   9.9966054E-01   9.9992217E-01
   9.9987846E-01   9.9987846E-01   9.9989485E-01   9.9989485E-01   9.9977484E-01
   9.9996182E-01   9.9992174E-01   9.9995948E-01   9.9995328E-01   9.9995328E-01
   9.9995611E-01   9.9995611E-01   9.9993602E-01   9.9998007E-01   9.9998007E-01
   9.9999078E-01   9.9999078E-01   9.9999618E-01   9.9999618E-01   9.9999912E-01
   9.9999912E-01   9.9999912E-01   9.9999912E-01   9.9999912E-01   9.9999912E-01
   9.9999974E-01   9.9999974E-01   9.9999974E-01   9.9999974E-01   9.9999974E-01
   9.9999974E-01   9.9999990E-01   9.9999990E-01   9.9999990E-01   9.9999990E-01
   9.9999990E-01   9.9999990E-01   9.9999990E-01   9.9999990E-01

   1.0239913E+02   3.9401678E+10   2.2107639E+14   4.8537518E+00   9.2125299E-06   4.6220706E-01   1.0000000E+00    44 
   6.6179200E-01   1.0826239E+00   9.4053707E-01   1.0684442E+00   8.4828146E-01
   1.0156214E+00   9.6290910E-01   1.0113234E+00   1.0108825E+00   9.5615619E-01
   9.5457704E-01   1.0032034E+00   9.9213678E-01   1.0015333E+00   1.0013819E+00
   9.9276588E-01   1.0012115E+00   9.9360123E-01   9.9265597E-01   1.0003657E+00
   9.9796443E-01   1.0002552E+00   1.0002276E+00   9.9821584E-01   1.0002185E+00
   9.9846804E-01   9.9812663E-01   9.9996614E-01   9.9974419E-01   9.9993213E-01
   9.9990237E-01   9.9990237E-01   9.9991420E-01   9.9991420E-01   9.9982613E-01
   9.9996752E-01   9.9994021E-01   9.9996682E-01   9.9996293E-01   9.9996293E-01
   9.9996470E-01   9.9996470E-01   9.9995100E-01   9.9998417E-01   9.9998417E-01
   9.9999279E-01   9.9999279E-01   9.9999702E-01   9.9999702E-01   9.9999931E-01
   9.9999931E-01   9.9999931E-01   9.9999931E-01   9.9999931E-01   9.9999931E-01
   9.9999979E-01   9.9999979E-01   9.9999979E-01   9.9999979E-01   9.9999979E-01
   9.9999979E-01   9.9999992E-01   9.9999992E-01   9.9999992E-01   9.9999992E-01
   9.9999992E-01   9.9999992E-01   9.9999992E-01   9.9999992E-01

   1.0232234E+02   3.8284557E+10   2.8366900E+14   5.0864571E+00   9.9362737E-06   3.6080620E-01   1.0000000E+00    45 
   7.3175033E-01   1.0547521E+00   9.4866649E-01   1.0425172E+00   8.8338707E-01
   1.0097320E+00   9.7292134E-01   1.0070373E+00   1.0068544E+00   9.6842293E-01
   9.6722484E-01   1.0019684E+00   9.9442204E-01   1.0009272E+00   1.0008523E+00
   9.9493009E-01   1.0007205E+00   9.9550295E-01   9.9483396E-01   1.0002114E+00
   9.9856793E-01   1.0001427E+00   1.0001261E+00   9.9875006E-01   1.0001196E+00
   9.9892246E-01   9.9868346E-01   9.9996462E-01   9.9981170E-01   9.9994337E-01
   9.9992350E-01   9.9992350E-01   9.9993146E-01   9.9993146E-01   9.9986913E-01
   9.9997326E-01   9.9995479E-01   9.9997348E-01   9.9997105E-01   9.9997105E-01
   9.9997213E-01   9.9997213E-01   9.9996270E-01   9.9998765E-01   9.9998765E-01
   9.9999446E-01   9.9999446E-01   9.9999771E-01   9.9999771E-01   9.9999947E-01
   9.9999947E-01   9.9999947E-01   9.9999947E-01   9.9999947E-01   9.9999947E-01
   9.9999984E-01   9.9999984E-01   9.9999984E-01   9.9999984E-01   9.9999984E-01
   9.9999984E-01   9.9999994E-01   9.9999994E-01   9.9999994E-01   9.9999994E-01
   9.9999994E-01   9.9999994E-01   9.9999994E-01   9.9999994E-01

   1.0224233E+02   3.5701623E+10   3.6389853E+14   5.3518948E+00   1.0635671E-05   2.8173224E-01   1.0000000E+00    46 
   8.0107135E-01   1.0347200E+00   9.5793648E-01   1.0251443E+00   9.1266614E-01
   1.0056380E+00   9.8073714E-01   1.0040365E+00   1.0039530E+00   9.7777106E-01
   9.7689283E-01   1.0011342E+00   9.9616234E-01   1.0005175E+00   1.0004843E+00
   9.9655981E-01   1.0003879E+00   9.9694246E-01   9.9648387E-01   1.0001106E+00
   9.9902524E-01   1.0000703E+00   1.0000603E+00   9.9915170E-01   1.0000555E+00
   9.9926517E-01   9.9910521E-01   9.9996751E-01   9.9986608E-01   9.9995497E-01
   9.9994212E-01   9.9994212E-01   9.9994708E-01   9.9994708E-01   9.9990506E-01
   9.9997890E-01   9.9996662E-01   9.9997954E-01   9.9997805E-01   9.9997805E-01
   9.9997869E-01   9.9997869E-01   9.9997220E-01   9.9999067E-01   9.9999067E-01
   9.9999587E-01   9.9999587E-01   9.9999830E-01   9.9999830E-01   9.9999960E-01
   9.9999960E-01   9.9999960E-01   9.9999960E-01   9.9999960E-01   9.9999960E-01
   9.9999987E-01   9.9999987E-01   9.9999987E-01   9.9999987E-01   9.9999987E-01
   9.9999987E-01   9.9999995E-01   9.9999995E-01   9.9999995E-01   9.9999995E-01
   9.9999995E-01   9.9999995E-01   9.9999995E-01   9.9999995E-01

   1.0215847E+02   3.2169412E+10   4.6839809E+14   5.6536814E+00   1.1327865E-05   2.1925969E-01   1.0000000E+00    47 
   8.6531698E-01   1.0208179E+00   9.6733601E-01   1.0140851E+00   9.3717722E-01
   1.0030083E+00   9.8687075E-01   1.0021124E+00   1.0020659E+00   9.8499271E-01
   9.8438639E-01   1.0005976E+00   9.9746972E-01   1.0002608E+00   1.0002469E+00
   9.9776439E-01   1.0001859E+00   9.9800983E-01   9.9771137E-01   1.0000500E+00
   9.9936604E-01   1.0000281E+00   1.0000223E+00   9.9944911E-01   1.0000189E+00
   9.9952002E-01   9.9941913E-01   9.9997336E-01   9.9990939E-01   9.9996645E-01
   9.9995850E-01   9.9995850E-01   9.9996138E-01   9.9996138E-01   9.9993470E-01
   9.9998434E-01   9.9997645E-01   9.9998509E-01   9.9998419E-01   9.9998419E-01
   9.9998458E-01   9.9998458E-01   9.9998018E-01   9.9999332E-01   9.9999332E-01
   9.9999708E-01   9.9999708E-01   9.9999880E-01   9.9999880E-01   9.9999971E-01
   9.9999971E-01   9.9999971E-01   9.9999971E-01   9.9999971E-01   9.9999971E-01
   9.9999991E-01   9.9999991E-01   9.9999991E-01   9.9999991E-01   9.9999991E-01
   9.9999991E-01   9.9999997E-01   9.9999997E-01   9.9999997E-01   9.9999997E-01
   9.9999997E-01   9.9999997E-01   9.9999997E-01   9.9999997E-01

   1.0207031E+02   2.8284325E+10   6.0665428E+14   5.9947117E+00   1.2035051E-05   1.6959821E-01   1.0000000E+00    48 
   9.1952136E-01   1.0116947E+00   9.7653030E-01   1.0074306E+00   9.5755757E-01
   1.0014801E+00   9.9165479E-01   1.0010081E+00   1.0009799E+00   9.9053592E-01
   9.9014862E-01   1.0002850E+00   9.9844106E-01   1.0001167E+00   1.0001104E+00
   9.9864149E-01   1.0000780E+00   9.9878979E-01   9.9860864E-01   1.0000184E+00
   9.9961498E-01   1.0000075E+00   1.0000043E+00   9.9966560E-01   1.0000022E+00
   9.9970707E-01   9.9964792E-01   9.9998080E-01   9.9994316E-01   9.9997729E-01
   9.9997268E-01   9.9997268E-01   9.9997425E-01   9.9997425E-01   9.9995854E-01
   9.9998943E-01   9.9998463E-01   9.9999006E-01   9.9998955E-01   9.9998955E-01
   9.9998978E-01   9.9998978E-01   9.9998694E-01   9.9999562E-01   9.9999562E-01
   9.9999811E-01   9.9999811E-01   9.9999922E-01   9.9999922E-01   9.9999981E-01
   9.9999981E-01   9.9999981E-01   9.9999981E-01   9.9999981E-01   9.9999981E-01
   9.9999994E-01   9.9999994E-01   9.9999994E-01   9.9999994E-01   9.9999994E-01
   9.9999994E-01   9.9999998E-01   9.9999998E-01   9.9999998E-01   9.9999998E-01
   9.9999998E-01   9.9999998E-01   9.9999998E-01   9.9999998E-01

   1.0197771E+02   2.4666455E+10   7.9229842E+14   6.3764186E+00   1.2786346E-05   1.3010766E-01   1.0000000E+00    49 
   9.5956286E-01   1.0060928E+00   9.8488834E-01   1.0036556E+00   9.7393384E-01
   1.0006719E+00   9.9521727E-01   1.0004395E+00   1.0004234E+00   9.9460780E-01
   9.9438527E-01   1.0001234E+00   9.9913171E-01   1.0000462E+00   1.0000433E+00
   9.9925239E-01   1.0000285E+00   9.9933413E-01   9.9923435E-01   1.0000050E+00
   9.9978833E-01   1.0000000E+00   9.9999845E-01   9.9981617E-01   9.9999725E-01
   9.9983832E-01   9.9980678E-01   9.9998817E-01   9.9996802E-01   9.9998653E-01
   9.9998408E-01   9.9998408E-01   9.9998488E-01   9.9998488E-01   9.9997649E-01
   9.9999375E-01   9.9999108E-01   9.9999417E-01   9.9999390E-01   9.9999390E-01
   9.9999404E-01   9.9999404E-01   9.9999236E-01   9.9999747E-01   9.9999747E-01
   9.9999892E-01   9.9999892E-01   9.9999956E-01   9.9999956E-01   9.9999988E-01
   9.9999988E-01   9.9999988E-01   9.9999988E-01   9.9999988E-01   9.9999988E-01
   9.9999996E-01   9.9999996E-01   9.9999996E-01   9.9999996E-01   9.9999996E-01
   9.9999996E-01   9.9999999E-01   9.9999999E-01   9.9999999E-01   9.9999999E-01
   9.9999999E-01   9.9999999E-01   9.9999999E-01   9.9999999E-01

   1.0188086E+02   2.1710972E+10   1.0438498E+15   6.7995322E+00   1.3605081E-05   9.8953532E-02   1.0000000E+00    50 
   9.8431023E-01   1.0029410E+00   9.9159744E-01   1.0016754E+00   9.8597903E-01
   1.0002851E+00   9.9761383E-01   1.0001781E+00   1.0001699E+00   9.9731892E-01
   9.9720735E-01   1.0000500E+00   9.9957783E-01   1.0000169E+00   1.0000156E+00
   9.9963982E-01   1.0000094E+00   9.9967949E-01   9.9963112E-01   1.0000009E+00
   9.9989805E-01   9.9999883E-01   9.9999810E-01   9.9991149E-01   9.9999753E-01
   9.9992200E-01   9.9990705E-01   9.9999396E-01   9.9998441E-01   9.9999325E-01
   9.9999209E-01   9.9999209E-01   9.9999246E-01   9.9999246E-01   9.9998850E-01
   9.9999688E-01   9.9999557E-01   9.9999710E-01   9.9999697E-01   9.9999697E-01
   9.9999705E-01   9.9999705E-01   9.9999619E-01   9.9999876E-01   9.9999876E-01
   9.9999948E-01   9.9999948E-01   9.9999979E-01   9.9999979E-01   9.9999994E-01
   9.9999994E-01   9.9999994E-01   9.9999994E-01   9.9999994E-01   9.9999994E-01
   9.9999998E-01   9.9999998E-01   9.9999998E-01   9.9999998E-01   9.9999998E-01
   9.9999998E-01   9.9999999E-01   9.9999999E-01   9.9999999E-01   9.9999999E-01
   9.9999999E-01   9.9999999E-01   9.9999999E-01   9.9999999E-01

   1.0178030E+02   1.9411181E+10   1.3817440E+15   7.2649271E+00   1.4477294E-05   7.4914494E-02   1.0000000E+00    51 
   9.9629100E-01   1.0013384E+00   9.9603429E-01   1.0007300E+00   9.9350552E-01
   1.0001175E+00   9.9897787E-01   1.0000704E+00   1.0000666E+00   9.9885198E-01
   9.9880369E-01   1.0000202E+00   9.9982327E-01   1.0000063E+00   1.0000058E+00
   9.9984999E-01   1.0000033E+00   9.9986673E-01   9.9984630E-01   1.0000002E+00
   9.9995747E-01   9.9999939E-01   9.9999908E-01   9.9996310E-01   9.9999884E-01
   9.9996752E-01   9.9996123E-01   9.9999747E-01   9.9999349E-01   9.9999718E-01
   9.9999669E-01   9.9999669E-01   9.9999684E-01   9.9999684E-01   9.9999520E-01
   9.9999870E-01   9.9999814E-01   9.9999880E-01   9.9999874E-01   9.9999874E-01
   9.9999877E-01   9.9999877E-01   9.9999840E-01   9.9999949E-01   9.9999949E-01
   9.9999979E-01   9.9999979E-01   9.9999992E-01   9.9999992E-01   9.9999998E-01
   9.9999998E-01   9.9999998E-01   9.9999998E-01   9.9999998E-01   9.9999998E-01
   9.9999999E-01   9.9999999E-01   9.9999999E-01   9.9999999E-01   9.9999999E-01
   9.9999999E-01   1.0000000E+00   1.0000000E+00   1.0000000E+00   1.0000000E+00
   1.0000000E+00   1.0000000E+00   1.0000000E+00   1.0000000E+00

   1.0167649E+02   1.7523641E+10   1.8255239E+15   7.7749293E+00   1.5353341E-05   5.6827558E-02   1.0000000E+00    52 
   1.0005038E+00   1.0006007E+00   9.9838043E-01   1.0003172E+00   9.9735380E-01
   1.0000500E+00   9.9961496E-01   1.0000292E+00   1.0000274E+00   9.9956595E-01
   9.9954741E-01   1.0000088E+00   9.9993479E-01   1.0000027E+00   1.0000025E+00
   9.9994463E-01   1.0000015E+00   9.9995092E-01   9.9994321E-01   1.0000002E+00
   9.9998424E-01   9.9999988E-01   9.9999976E-01   9.9998634E-01   9.9999966E-01
   9.9998804E-01   9.9998561E-01   9.9999911E-01   9.9999762E-01   9.9999899E-01
   9.9999881E-01   9.9999881E-01   9.9999887E-01   9.9999887E-01   9.9999825E-01
   9.9999954E-01   9.9999932E-01   9.9999957E-01   9.9999955E-01   9.9999955E-01
   9.9999956E-01   9.9999956E-01   9.9999942E-01   9.9999982E-01   9.9999982E-01
   9.9999993E-01   9.9999993E-01   9.9999997E-01   9.9999997E-01   9.9999999E-01
   9.9999999E-01   9.9999999E-01   9.9999999E-01   9.9999999E-01   9.9999999E-01
   1.0000000E+00   1.0000000E+00   1.0000000E+00   1.0000000E+00   1.0000000E+00
   1.0000000E+00   1.0000000E+00   1.0000000E+00   1.0000000E+00   1.0000000E+00
   1.0000000E+00   1.0000000E+00   1.0000000E+00   1.0000000E+00

   1.0156938E+02   1.5862150E+10   2.3938737E+15   8.3330665E+00   1.6176616E-05   4.3432605E-02   1.0000000E+00    53 
   1.0013325E+00   1.0002807E+00   9.9940084E-01   1.0001450E+00   9.9900252E-01
   1.0000229E+00   9.9986521E-01   1.0000132E+00   1.0000124E+00   9.9984657E-01
   9.9983983E-01   1.0000042E+00   9.9997763E-01   1.0000014E+00   1.0000012E+00
   9.9998083E-01   1.0000008E+00   9.9998306E-01   9.9998030E-01   1.0000002E+00
   9.9999451E-01   1.0000001E+00   1.0000000E+00   9.9999525E-01   9.9999998E-01
   9.9999588E-01   9.9999498E-01   9.9999973E-01   9.9999919E-01   9.9999968E-01
   9.9999961E-01   9.9999961E-01   9.9999963E-01   9.9999963E-01   9.9999941E-01
   9.9999986E-01   9.9999978E-01   9.9999986E-01   9.9999986E-01   9.9999986E-01
   9.9999986E-01   9.9999986E-01   9.9999981E-01   9.9999994E-01   9.9999994E-01
   9.9999998E-01   9.9999998E-01   9.9999999E-01   9.9999999E-01   1.0000000E+00
   1.0000000E+00   1.0000000E+00   1.0000000E+00   1.0000000E+00   1.0000000E+00
   1.0000000E+00   1.0000000E+00   1.0000000E+00   1.0000000E+00   1.0000000E+00
   1.0000000E+00   1.0000000E+00   1.0000000E+00   1.0000000E+00   1.0000000E+00
   1.0000000E+00   1.0000000E+00   1.0000000E+00   1.0000000E+00

   1.0145830E+02   1.4421069E+10   3.1116339E+15   8.9428295E+00   1.6923976E-05   3.3491228E-02   1.0000000E+00    54 
   1.0011369E+00   1.0001383E+00   9.9979838E-01   1.0000703E+00   9.9964636E-01
   1.0000113E+00   9.9995507E-01   1.0000065E+00   1.0000061E+00   9.9994786E-01
   9.9994542E-01   1.0000022E+00   9.9999271E-01   1.0000007E+00   1.0000007E+00
   9.9999360E-01   1.0000005E+00   9.9999436E-01   9.9999340E-01   1.0000002E+00
   9.9999816E-01   1.0000001E+00   1.0000001E+00   9.9999841E-01   1.0000001E+00
   9.9999863E-01   9.9999831E-01   9.9999994E-01   9.9999974E-01   9.9999991E-01
   9.9999989E-01   9.9999989E-01   9.9999989E-01   9.9999989E-01   9.9999981E-01
   9.9999996E-01   9.9999993E-01   9.9999996E-01   9.9999996E-01   9.9999996E-01
   9.9999996E-01   9.9999996E-01   9.9999994E-01   9.9999998E-01   9.9999998E-01
   9.9999999E-01   9.9999999E-01   1.0000000E+00   1.0000000E+00   1.0000000E+00
   1.0000000E+00   1.0000000E+00   1.0000000E+00   1.0000000E+00   1.0000000E+00
   1.0000000E+00   1.0000000E+00   1.0000000E+00   1.0000000E+00   1.0000000E+00
   1.0000000E+00   1.0000000E+00   1.0000000E+00   1.0000000E+00   1.0000000E+00
   1.0000000E+00   1.0000000E+00   1.0000000E+00   1.0000000E+00

   1.0134230E+02   1.3244639E+10   4.0150075E+15   9.6077847E+00   1.7601297E-05   2.6018932E-02   1.0000000E+00    55 
   1.0008081E+00   1.0000710E+00   9.9994909E-01   1.0000356E+00   9.9989471E-01
   1.0000058E+00   9.9998707E-01   1.0000033E+00   1.0000031E+00   9.9998427E-01
   9.9998342E-01   1.0000012E+00   9.9999797E-01   1.0000004E+00   1.0000004E+00
   9.9999810E-01   1.0000003E+00   9.9999833E-01   9.9999802E-01   1.0000001E+00
   9.9999945E-01   1.0000001E+00   1.0000001E+00   9.9999952E-01   1.0000001E+00
   9.9999960E-01   9.9999949E-01   1.0000000E+00   9.9999993E-01   9.9999999E-01
   9.9999998E-01   9.9999998E-01   9.9999998E-01   9.9999998E-01   9.9999995E-01
   9.9999999E-01   9.9999998E-01   9.9999999E-01   9.9999999E-01   9.9999999E-01
   9.9999999E-01   9.9999999E-01   9.9999999E-01   1.0000000E+00   1.0000000E+00
   1.0000000E+00   1.0000000E+00   1.0000000E+00   1.0000000E+00   1.0000000E+00
   1.0000000E+00   1.0000000E+00   1.0000000E+00   1.0000000E+00   1.0000000E+00
   1.0000000E+00   1.0000000E+00   1.0000000E+00   1.0000000E+00   1.0000000E+00
   1.0000000E+00   1.0000000E+00   1.0000000E+00   1.0000000E+00   1.0000000E+00
   1.0000000E+00   1.0000000E+00   1.0000000E+00   1.0000000E+00

   1.0122043E+02   1.2342748E+10   5.1498192E+15   1.0331288E+01   1.8218195E-05   2.0337346E-02   1.0000000E+00    56 
   1.0005553E+00   1.0000384E+00   1.0000027E+00   1.0000189E+00   9.9998652E-01
   1.0000031E+00   9.9999808E-01   1.0000018E+00   1.0000017E+00   9.9999702E-01
   9.9999677E-01   1.0000007E+00   9.9999974E-01   1.0000002E+00   1.0000002E+00
   9.9999964E-01   1.0000002E+00   9.9999969E-01   9.9999961E-01   1.0000001E+00
   9.9999989E-01   1.0000001E+00   1.0000000E+00   9.9999991E-01   1.0000000E+00
   9.9999993E-01   9.9999989E-01   1.0000000E+00   9.9999999E-01   1.0000000E+00
   1.0000000E+00   1.0000000E+00   1.0000000E+00   1.0000000E+00   1.0000000E+00
   1.0000000E+00   1.0000000E+00   1.0000000E+00   1.0000000E+00   1.0000000E+00
   1.0000000E+00   1.0000000E+00   1.0000000E+00   1.0000000E+00   1.0000000E+00
   1.0000000E+00   1.0000000E+00   1.0000000E+00   1.0000000E+00   1.0000000E+00
   1.0000000E+00   1.0000000E+00   1.0000000E+00   1.0000000E+00   1.0000000E+00
   1.0000000E+00   1.0000000E+00   1.0000000E+00   1.0000000E+00   1.0000000E+00
   1.0000000E+00   1.0000000E+00   1.0000000E+00   1.0000000E+00   1.0000000E+00
   1.0000000E+00   1.0000000E+00   1.0000000E+00   1.0000000E+00

   1.0109170E+02   1.1722574E+10   6.5786482E+15   1.1117055E+01   1.8792919E-05   1.5962558E-02   1.0000000E+00    57 
   1.0003700E+00   1.0000216E+00   1.0000151E+00   1.0000105E+00   1.0000120E+00
   1.0000018E+00   1.0000010E+00   1.0000010E+00   1.0000010E+00   1.0000006E+00
   1.0000005E+00   1.0000004E+00   1.0000002E+00   1.0000001E+00   1.0000001E+00
   1.0000001E+00   1.0000001E+00   1.0000001E+00   1.0000001E+00   1.0000000E+00
   1.0000000E+00   1.0000000E+00   1.0000000E+00   1.0000000E+00   1.0000000E+00
   1.0000000E+00   1.0000000E+00   1.0000000E+00   1.0000000E+00   1.0000000E+00
   1.0000000E+00   1.0000000E+00   1.0000000E+00   1.0000000E+00   1.0000000E+00
   1.0000000E+00   1.0000000E+00   1.0000000E+00   1.0000000E+00   1.0000000E+00
   1.0000000E+00   1.0000000E+00   1.0000000E+00   1.0000000E+00   1.0000000E+00
   1.0000000E+00   1.0000000E+00   1.0000000E+00   1.0000000E+00   1.0000000E+00
   1.0000000E+00   1.0000000E+00   1.0000000E+00   1.0000000E+00   1.0000000E+00
   1.0000000E+00   1.0000000E+00   1.0000000E+00   1.0000000E+00   1.0000000E+00
   1.0000000E+00   1.0000000E+00   1.0000000E+00   1.0000000E+00   1.0000000E+00
   1.0000000E+00   1.0000000E+00   1.0000000E+00   1.0000000E+00

   1.0095493E+02   1.1433014E+10   8.4026701E+15   1.1969203E+01   1.9369937E-05   1.2532095E-02   1.0000000E+00    58 
   1.0002228E+00   1.0000118E+00   1.0000121E+00   1.0000056E+00   1.0000120E+00
   1.0000009E+00   1.0000011E+00   1.0000005E+00   1.0000005E+00   1.0000009E+00
   1.0000009E+00   1.0000002E+00   1.0000002E+00   1.0000001E+00   1.0000001E+00
   1.0000001E+00   1.0000001E+00   1.0000001E+00   1.0000001E+00   1.0000000E+00
   1.0000000E+00   1.0000000E+00   1.0000000E+00   1.0000000E+00   1.0000000E+00
   1.0000000E+00   1.0000000E+00   1.0000000E+00   1.0000000E+00   1.0000000E+00
   1.0000000E+00   1.0000000E+00   1.0000000E+00   1.0000000E+00   1.0000000E+00
   1.0000000E+00   1.0000000E+00   1.0000000E+00   1.0000000E+00   1.0000000E+00
   1.0000000E+00   1.0000000E+00   1.0000000E+00   1.0000000E+00   1.0000000E+00
   1.0000000E+00   1.0000000E+00   1.0000000E+00   1.0000000E+00   1.0000000E+00
   1.0000000E+00   1.0000000E+00   1.0000000E+00   1.0000000E+00   1.0000000E+00
   1.0000000E+00   1.0000000E+00   1.0000000E+00   1.0000000E+00   1.0000000E+00
   1.0000000E+00   1.0000000E+00   1.0000000E+00   1.0000000E+00   1.0000000E+00
   1.0000000E+00   1.0000000E+00   1.0000000E+00   1.0000000E+00

   1.0080607E+02   1.1550373E+10   1.0834728E+16   1.2911718E+01   2.0019861E-05   9.7480358E-03   1.0000000E+00    59 
   1.0001207E+00   1.0000060E+00   1.0000065E+00   1.0000028E+00   1.0000067E+00
   1.0000005E+00   1.0000006E+00   1.0000003E+00   1.0000002E+00   1.0000005E+00
   1.0000005E+00   1.0000001E+00   1.0000001E+00   1.0000000E+00   1.0000000E+00
   1.0000001E+00   1.0000000E+00   1.0000001E+00   1.0000001E+00   1.0000000E+00
   1.0000000E+00   1.0000000E+00   1.0000000E+00   1.0000000E+00   1.0000000E+00
   1.0000000E+00   1.0000000E+00   1.0000000E+00   1.0000000E+00   1.0000000E+00
   1.0000000E+00   1.0000000E+00   1.0000000E+00   1.0000000E+00   1.0000000E+00
   1.0000000E+00   1.0000000E+00   1.0000000E+00   1.0000000E+00   1.0000000E+00
   1.0000000E+00   1.0000000E+00   1.0000000E+00   1.0000000E+00   1.0000000E+00
   1.0000000E+00   1.0000000E+00   1.0000000E+00   1.0000000E+00   1.0000000E+00
   1.0000000E+00   1.0000000E+00   1.0000000E+00   1.0000000E+00   1.0000000E+00
   1.0000000E+00   1.0000000E+00   1.0000000E+00   1.0000000E+00   1.0000000E+00
   1.0000000E+00   1.0000000E+00   1.0000000E+00   1.0000000E+00   1.0000000E+00
   1.0000000E+00   1.0000000E+00   1.0000000E+00   1.0000000E+00

   1.0068651E+02   1.1945913E+10   1.3198529E+16   1.3679974E+01   2.0574468E-05   8.0213027E-03   1.0000000E+00    60 
   1.0000727E+00   1.0000035E+00   1.0000038E+00   1.0000016E+00   1.0000039E+00
   1.0000003E+00   1.0000003E+00   1.0000001E+00   1.0000001E+00   1.0000003E+00
   1.0000003E+00   1.0000001E+00   1.0000001E+00   1.0000000E+00   1.0000000E+00
   1.0000000E+00   1.0000000E+00   1.0000000E+00   1.0000000E+00   1.0000000E+00
   1.0000000E+00   1.0000000E+00   1.0000000E+00   1.0000000E+00   1.0000000E+00
   1.0000000E+00   1.0000000E+00   1.0000000E+00   1.0000000E+00   1.0000000E+00
   1.0000000E+00   1.0000000E+00   1.0000000E+00   1.0000000E+00   1.0000000E+00
   1.0000000E+00   1.0000000E+00   1.0000000E+00   1.0000000E+00   1.0000000E+00
   1.0000000E+00   1.0000000E+00   1.0000000E+00   1.0000000E+00   1.0000000E+00
   1.0000000E+00   1.0000000E+00   1.0000000E+00   1.0000000E+00   1.0000000E+00
   1.0000000E+00   1.0000000E+00   1.0000000E+00   1.0000000E+00   1.0000000E+00
   1.0000000E+00   1.0000000E+00   1.0000000E+00   1.0000000E+00   1.0000000E+00
   1.0000000E+00   1.0000000E+00   1.0000000E+00   1.0000000E+00   1.0000000E+00
   1.0000000E+00   1.0000000E+00   1.0000000E+00   1.0000000E+00

   1.0062098E+02   1.2277910E+10   1.4678757E+16   1.4105755E+01   2.0895634E-05   7.2218434E-03   1.0000000E+00    61 
   1.0000551E+00   1.0000026E+00   1.0000029E+00   1.0000012E+00   1.0000030E+00
   1.0000002E+00   1.0000003E+00   1.0000001E+00   1.0000001E+00   1.0000002E+00
   1.0000002E+00   1.0000000E+00   1.0000000E+00   1.0000000E+00   1.0000000E+00
   1.0000000E+00   1.0000000E+00   1.0000000E+00   1.0000000E+00   1.0000000E+00
   1.0000000E+00   1.0000000E+00   1.0000000E+00   1.0000000E+00   1.0000000E+00
   1.0000000E+00   1.0000000E+00   1.0000000E+00   1.0000000E+00   1.0000000E+00
   1.0000000E+00   1.0000000E+00   1.0000000E+00   1.0000000E+00   1.0000000E+00
   1.0000000E+00   1.0000000E+00   1.0000000E+00   1.0000000E+00   1.0000000E+00
   1.0000000E+00   1.0000000E+00   1.0000000E+00   1.0000000E+00   1.0000000E+00
   1.0000000E+00   1.0000000E+00   1.0000000E+00   1.0000000E+00   1.0000000E+00
   1.0000000E+00   1.0000000E+00   1.0000000E+00   1.0000000E+00   1.0000000E+00
   1.0000000E+00   1.0000000E+00   1.0000000E+00   1.0000000E+00   1.0000000E+00
   1.0000000E+00   1.0000000E+00   1.0000000E+00   1.0000000E+00   1.0000000E+00
   1.0000000E+00   1.0000000E+00   1.0000000E+00   1.0000000E+00

   1.0058758E+02   1.2479235E+10   1.5489991E+16   1.4324159E+01   2.1065001E-05   6.8481798E-03   1.0000000E+00    62 
   1.0000577E+00   1.0000027E+00   1.0000030E+00   1.0000012E+00   1.0000031E+00
   1.0000002E+00   1.0000003E+00   1.0000001E+00   1.0000001E+00   1.0000002E+00
   1.0000002E+00   1.0000000E+00   1.0000000E+00   1.0000000E+00   1.0000000E+00
   1.0000000E+00   1.0000000E+00   1.0000000E+00   1.0000000E+00   1.0000000E+00
   1.0000000E+00   1.0000000E+00   1.0000000E+00   1.0000000E+00   1.0000000E+00
   1.0000000E+00   1.0000000E+00   1.0000000E+00   1.0000000E+00   1.0000000E+00
   1.0000000E+00   1.0000000E+00   1.0000000E+00   1.0000000E+00   1.0000000E+00
   1.0000000E+00   1.0000000E+00   1.0000000E+00   1.0000000E+00   1.0000000E+00
   1.0000000E+00   1.0000000E+00   1.0000000E+00   1.0000000E+00   1.0000000E+00
   1.0000000E+00   1.0000000E+00   1.0000000E+00   1.0000000E+00   1.0000000E+00
   1.0000000E+00   1.0000000E+00   1.0000000E+00   1.0000000E+00   1.0000000E+00
   1.0000000E+00   1.0000000E+00   1.0000000E+00   1.0000000E+00   1.0000000E+00
   1.0000000E+00   1.0000000E+00   1.0000000E+00   1.0000000E+00   1.0000000E+00
   1.0000000E+00   1.0000000E+00   1.0000000E+00   1.0000000E+00

   1.0057637E+02   1.2552467E+10   1.5772185E+16   1.4397884E+01   2.1122959E-05   6.7271547E-03   1.0000000E+00    63 
   1.0001665E+00   1.0000140E+00   1.0000095E+00   1.0000088E+00   1.0000076E+00
   1.0000011E+00   1.0000009E+00   1.0000007E+00   1.0000007E+00   1.0000006E+00
   1.0000006E+00   1.0000002E+00   1.0000002E+00   1.0000001E+00   1.0000001E+00
   1.0000001E+00   1.0000001E+00   1.0000001E+00   1.0000001E+00   1.0000000E+00
   1.0000000E+00   1.0000000E+00   1.0000000E+00   1.0000000E+00   1.0000000E+00
   1.0000000E+00   1.0000000E+00   1.0000000E+00   1.0000000E+00   1.0000000E+00
   1.0000000E+00   1.0000000E+00   1.0000000E+00   1.0000000E+00   1.0000000E+00
   1.0000000E+00   1.0000000E+00   1.0000000E+00   1.0000000E+00   1.0000000E+00
   1.0000000E+00   1.0000000E+00   1.0000000E+00   1.0000000E+00   1.0000000E+00
   1.0000000E+00   1.0000000E+00   1.0000000E+00   1.0000000E+00   1.0000000E+00
   1.0000000E+00   1.0000000E+00   1.0000000E+00   1.0000000E+00   1.0000000E+00
   1.0000000E+00   1.0000000E+00   1.0000000E+00   1.0000000E+00   1.0000000E+00
   1.0000000E+00   1.0000000E+00   1.0000000E+00   1.0000000E+00   1.0000000E+00
   1.0000000E+00   1.0000000E+00   1.0000000E+00   1.0000000E+00
