
 24-FEB-2004                           !Format date

   1.0057637E+02     1.0810E+06       30       63

   1.1341482E+04   2.3463006E+06   2.8249382E+06   1.8495937E+00   6.3668220E-10   2.9481942E+03   1.0000000E+00     1 
   2.6835032E+02   3.4915170E-01   4.9320420E-01   6.0168932E-01   5.4945412E-01
   5.3566217E-01   5.7977004E-01   4.6954665E-01   6.2279897E-01   7.2970823E-01
   6.9704525E-01   6.3768898E-01   7.0732760E-01   7.0282315E-01   6.7629915E-01
   6.5514983E-01   6.4435305E-01   6.6037823E-01   6.8657885E-01   7.0161698E-01
   7.1234779E-01   7.2267062E-01   7.3239761E-01   7.3817700E-01   7.4338640E-01
   7.4866466E-01   7.5131744E-01   7.5304659E-01   7.5548227E-01   7.5783537E-01

   1.1234034E+04   2.3916053E+06   2.8794849E+06   1.8496862E+00   6.3677748E-10   2.9479382E+03   1.0000000E+00     2 
   2.6341230E+02   3.4919970E-01   4.9325232E-01   6.0174415E-01   5.4959863E-01
   5.3581753E-01   5.7983368E-01   4.6959071E-01   6.2277427E-01   7.2975707E-01
   6.9708736E-01   6.3781438E-01   7.0733175E-01   7.0282765E-01   6.7637587E-01
   6.5540330E-01   6.4472400E-01   6.6072326E-01   6.8684261E-01   7.0185356E-01
   7.1257423E-01   7.2289598E-01   7.3261406E-01   7.3837643E-01   7.4356502E-01
   7.4882745E-01   7.5146904E-01   7.5318878E-01   7.5561412E-01   7.5795723E-01

   1.1021993E+04   2.4849486E+06   2.9918700E+06   1.8498852E+00   6.3697003E-10   2.9474172E+03   1.0000000E+00     3 
   2.5381621E+02   3.4930383E-01   4.9335342E-01   6.0185641E-01   5.4988301E-01
   5.3608436E-01   5.7996597E-01   4.6968248E-01   6.2272661E-01   7.2985901E-01
   6.9717556E-01   6.3807306E-01   7.0734212E-01   7.0283963E-01   6.7653791E-01
   6.5592328E-01   6.4548217E-01   6.6142957E-01   6.8738559E-01   7.0234211E-01
   7.1304150E-01   7.2335943E-01   7.3305877E-01   7.3878718E-01   7.4393454E-01
   7.4916543E-01   7.5178491E-01   7.5348612E-01   7.5589103E-01   7.5821441E-01

   1.0610344E+04   2.6824778E+06   3.2296947E+06   1.8503157E+00   6.3736475E-10   2.9463495E+03   1.0000000E+00     4 
   2.3571919E+02   3.4952904E-01   4.9357005E-01   6.0209648E-01   5.5049934E-01
   5.3662705E-01   5.8024303E-01   4.6987618E-01   6.2263207E-01   7.3007303E-01
   6.9736161E-01   6.3861575E-01   7.0736575E-01   7.0287083E-01   6.7689198E-01
   6.5700903E-01   6.4705591E-01   6.6289994E-01   6.8852734E-01   7.0337518E-01
   7.1402824E-01   7.2433210E-01   7.3399042E-01   7.3965150E-01   7.4471817E-01
   7.4988656E-01   7.5246297E-01   7.5412845E-01   7.5649358E-01   7.5877851E-01

   9.8324823E+03   3.1260815E+06   3.7637926E+06   1.8512146E+00   6.3823450E-10   2.9441008E+03   1.0000000E+00     5 
   2.0333632E+02   3.5000038E-01   4.9402303E-01   6.0260469E-01   5.5185765E-01
   5.3778009E-01   5.8083177E-01   4.7029399E-01   6.2241684E-01   7.3052353E-01
   6.9775765E-01   6.3979617E-01   7.0740979E-01   7.0295217E-01   6.7771891E-01
   6.5936560E-01   6.5043735E-01   6.6607686E-01   6.9103918E-01   7.0567096E-01
   7.1621700E-01   7.2646819E-01   7.3603104E-01   7.4155921E-01   7.4647051E-01
   7.5151575E-01   7.5401002E-01   7.5560865E-01   7.5789793E-01   7.6010959E-01

   8.4398396E+03   4.2502429E+06   5.1172808E+06   1.8530458E+00   6.4047335E-10   2.9389838E+03   1.0000000E+00     6 
   1.5119925E+02   3.5095516E-01   4.9495080E-01   6.0367362E-01   5.5469016E-01
   5.4066071E-01   5.8215023E-01   4.7126572E-01   6.2178760E-01   7.3149172E-01
   6.9864325E-01   6.4257510E-01   7.0748008E-01   7.0322753E-01   6.7993804E-01
   6.6490262E-01   6.5821864E-01   6.7346649E-01   6.9707987E-01   7.1129279E-01
   7.2157419E-01   7.3163101E-01   7.4095528E-01   7.4622216E-01   7.5084180E-01
   7.5564568E-01   7.5798838E-01   7.5946839E-01   7.6161792E-01   7.6369456E-01

   6.2778820E+03   7.7144841E+06   9.2882207E+06   1.8563132E+00   6.4818732E-10   2.9264839E+03   1.0000000E+00     7 
   8.5148630E+01   3.5260019E-01   4.9667737E-01   6.0570680E-01   5.6024900E-01
   5.4612627E-01   5.8534938E-01   4.7392464E-01   6.1946140E-01   7.3359470E-01
   7.0083313E-01   6.4986326E-01   7.0782995E-01   7.0486534E-01   6.8726061E-01
   6.7940353E-01   6.7766646E-01   6.9228423E-01   7.1334666E-01   7.2686021E-01
   7.3649279E-01   7.4590887E-01   7.5464167E-01   7.5941102E-01   7.6351248E-01
   7.6785879E-01   7.6993966E-01   7.7122828E-01   7.7313686E-01   7.7498072E-01

   4.6756742E+03   1.3985856E+07   1.6838946E+07   1.8603975E+00   6.6138943E-10   2.9100589E+03   1.0000000E+00     8 
   4.8303885E+01   3.5479548E-01   4.9914258E-01   6.0880465E-01   5.7020635E-01
   5.5515226E-01   5.9015442E-01   4.7792090E-01   6.1747729E-01   7.3628393E-01
   7.0428303E-01   6.6053742E-01   7.1002216E-01   7.1027649E-01   7.0070535E-01
   7.0041526E-01   7.0399653E-01   7.1816325E-01   7.3689431E-01   7.4987324E-01
   7.5874500E-01   7.6728341E-01   7.7531748E-01   7.7958280E-01   7.8318609E-01
   7.8707026E-01   7.8890528E-01   7.9002495E-01   7.9170762E-01   7.9333325E-01

   3.4842997E+03   2.5376118E+07   3.0552823E+07   1.8657246E+00   6.8386816E-10   2.8881725E+03   1.0000000E+00     9 
   2.7603691E+01   3.5761833E-01   5.0226976E-01   6.1276601E-01   5.8177897E-01
   5.6656931E-01   5.9689445E-01   4.8327445E-01   6.1525592E-01   7.3930582E-01
   7.0981556E-01   6.7565150E-01   7.1712597E-01   7.2285458E-01   7.2254914E-01
   7.2927665E-01   7.3781813E-01   7.5152022E-01   7.6807380E-01   7.8051832E-01
   7.8852058E-01   7.9601571E-01   8.0325028E-01   8.0698052E-01   8.1007090E-01
   8.1346527E-01   8.1504864E-01   8.1600086E-01   8.1745246E-01   8.1885484E-01

   2.5985463E+03   4.6093104E+07   5.5496119E+07   1.8726938E+00   7.2332111E-10   2.8587913E+03   1.0000000E+00    10 
   1.5925646E+01   3.6114798E-01   5.0622846E-01   6.1791416E-01   5.9716889E-01
   5.8132183E-01   6.0592468E-01   4.9213730E-01   6.1352791E-01   7.4228788E-01
   7.1873907E-01   6.9671646E-01   7.3305895E-01   7.4553945E-01   7.5377867E-01
   7.6582155E-01   7.7802480E-01   7.9092161E-01   8.0525402E-01   8.1688054E-01
   8.2386865E-01   8.3019714E-01   8.3650295E-01   8.3965588E-01   8.4221206E-01
   8.4507885E-01   8.4639820E-01   8.4717917E-01   8.4838843E-01   8.4955669E-01

   1.9408575E+03   8.3779229E+07   1.0087043E+08   1.8822690E+00   7.9339867E-10   2.8193933E+03   1.0000000E+00    11 
   9.3273884E+00   3.6572854E-01   5.1125300E-01   6.2449817E-01   6.1783882E-01
   6.0056745E-01   6.1765919E-01   5.0601988E-01   6.1380011E-01   7.4532322E-01
   7.3286089E-01   7.2530150E-01   7.5994668E-01   7.7845453E-01   7.9268052E-01
   8.0752153E-01   8.2141619E-01   8.3296035E-01   8.4491809E-01   8.5526542E-01
   8.6110303E-01   8.6620817E-01   8.7146634E-01   8.7401759E-01   8.7604044E-01
   8.7835836E-01   8.7941056E-01   8.8002312E-01   8.8098727E-01   8.8191874E-01

   1.4530208E+03   1.5232522E+08   1.8340066E+08   1.8957601E+00   9.1863480E-10   2.7667114E+03   1.0000000E+00    12 
   5.5860520E+00   3.7193543E-01   5.1770929E-01   6.3282993E-01   6.4419155E-01
   6.2480591E-01   6.3348403E-01   5.2678008E-01   6.1913468E-01   7.5015840E-01
   7.5374805E-01   7.6120524E-01   7.9585111E-01   8.1792970E-01   8.3482882E-01
   8.4995951E-01   8.6358779E-01   8.7331386E-01   8.8283613E-01   8.9151703E-01
   8.9615542E-01   9.0008111E-01   9.0425263E-01   9.0622191E-01   9.0775042E-01
   9.0953833E-01   9.1033936E-01   9.1079813E-01   9.1153195E-01   9.1224090E-01

   1.0915123E+03   2.7694023E+08   3.3344042E+08   1.9147175E+00   1.1414036E-09   2.6967212E+03   1.0000000E+00    13 
   3.4463436E+00   3.8018732E-01   5.2593931E-01   6.4301682E-01   6.7611467E-01
   6.5482130E-01   6.5532969E-01   5.5802708E-01   6.3493065E-01   7.6053889E-01
   7.8126569E-01   8.0119439E-01   8.3523368E-01   8.5794231E-01   8.7470886E-01
   8.8837797E-01   9.0041330E-01   9.0816099E-01   9.1541353E-01   9.2230743E-01
   9.2582886E-01   9.2872310E-01   9.3188600E-01   9.3334376E-01   9.3445337E-01
   9.3577603E-01   9.3636157E-01   9.3669179E-01   9.3722807E-01   9.3774617E-01

   8.2390322E+02   5.0313141E+08   6.0578738E+08   1.9422445E+00   1.5336728E-09   2.6052265E+03   1.0000000E+00    14 
   2.2219676E+00   3.9061097E-01   5.3549887E-01   6.5609117E-01   7.1298960E-01
   6.9138612E-01   6.8464432E-01   6.0366305E-01   6.6796848E-01   7.8132113E-01
   8.1444254E-01   8.4149942E-01   8.7302762E-01   8.9395350E-01   9.0880953E-01
   9.2015557E-01   9.2999802E-01   9.3588497E-01   9.4120129E-01   9.4642768E-01
   9.4900137E-01   9.5106330E-01   9.5337250E-01   9.5441538E-01   9.5519562E-01
   9.5614133E-01   9.5655560E-01   9.5678599E-01   9.5716533E-01   9.5753181E-01

   6.2602163E+02   9.1159318E+08   1.0976257E+09   1.9845700E+00   2.2085628E-09   2.4905748E+03   1.0000000E+00    15 
   1.5359695E+00   4.0851386E-01   5.4872611E-01   6.7419721E-01   7.5378138E-01
   7.3389209E-01   7.2455943E-01   6.6608710E-01   7.2001193E-01   8.1439709E-01
   8.5157172E-01   8.7959231E-01   9.0649634E-01   9.2406751E-01   9.3614432E-01
   9.4494629E-01   9.5250425E-01   9.5679067E-01   9.6055330E-01   9.6435242E-01
   9.6617015E-01   9.6759567E-01   9.6922519E-01   9.6994923E-01   9.7048324E-01
   9.7113952E-01   9.7142450E-01   9.7158113E-01   9.7184203E-01   9.7209408E-01

   4.7890745E+02   1.6537766E+09   1.9914092E+09   2.0523961E+00   3.3466681E-09   2.3458450E+03   1.0000000E+00    16 
   1.1765291E+00   4.3395556E-01   5.6875649E-01   7.0061579E-01   7.9924609E-01
   7.8160992E-01   7.7665059E-01   7.4289144E-01   7.8784513E-01   8.5794590E-01
   8.9099192E-01   9.1481849E-01   9.3548459E-01   9.4881816E-01   9.5777733E-01
   9.6409665E-01   9.6948475E-01   9.7242743E-01   9.7495544E-01   9.7756043E-01
   9.7878059E-01   9.7972173E-01   9.8081485E-01   9.8129493E-01   9.8164531E-01
   9.8208032E-01   9.8226800E-01   9.8237024E-01   9.8254204E-01   9.8270801E-01

   3.6959393E+02   3.0154808E+09   3.6315609E+09   2.1590312E+00   5.2186648E-09   2.1600962E+03   1.0000000E+00    17 
   1.0296259E+00   4.7948067E-01   6.0880632E-01   7.3998538E-01   8.5970402E-01
   8.3958190E-01   8.3936238E-01   8.2369032E-01   8.5861720E-01   9.0428408E-01
   9.2844772E-01   9.4549110E-01   9.5945518E-01   9.6843668E-01   9.7439936E-01
   9.7851575E-01   9.8200847E-01   9.8386628E-01   9.8543721E-01   9.8708037E-01
   9.8783823E-01   9.8841538E-01   9.8909398E-01   9.8938980E-01   9.8960423E-01
   9.8987222E-01   9.8998736E-01   9.9004971E-01   9.9015509E-01   9.9025691E-01

   2.8900439E+02   5.5416230E+09   6.6747743E+09   2.3126674E+00   8.2439643E-09   1.9223545E+03   1.0000000E+00    18 
   1.0259735E+00   5.4499487E-01   6.8858536E-01   7.9299788E-01   9.3127943E-01
   9.1511490E-01   9.1617778E-01   9.0128391E-01   9.2174440E-01   9.4614189E-01
   9.5998940E-01   9.6997209E-01   9.7789940E-01   9.8300696E-01   9.8640492E-01
   9.8873565E-01   9.9070834E-01   9.9174409E-01   9.9261333E-01   9.9352898E-01
   9.9394700E-01   9.9426259E-01   9.9463676E-01   9.9479915E-01   9.9491639E-01
   9.9506348E-01   9.9512649E-01   9.9516048E-01   9.9521816E-01   9.9527388E-01

   2.3028591E+02   1.0131090E+10   1.2204120E+10   2.5283629E+00   1.2806931E-08   1.6561071E+03   1.0000000E+00    19 
   1.1658572E+00   6.5319556E-01   8.1980566E-01   8.7017421E-01   1.0162937E+00
   9.9074362E-01   9.9026864E-01   9.6479122E-01   9.6962556E-01   9.7796928E-01
   9.8306280E-01   9.8714417E-01   9.9054265E-01   9.9275075E-01   9.9422964E-01
   9.9525375E-01   9.9612313E-01   9.9658857E-01   9.9698437E-01   9.9739608E-01
   9.9758559E-01   9.9772967E-01   9.9789934E-01   9.9797332E-01   9.9802698E-01
   9.9809400E-01   9.9812270E-01   9.9813818E-01   9.9816445E-01   9.9818984E-01

   1.8732298E+02   1.8725510E+10   2.2558788E+10   2.8072781E+00   1.9839885E-08   1.3541399E+03   1.0000000E+00    20 
   1.4258644E+00   7.7196287E-01   9.0410538E-01   9.4819920E-01   1.1266734E+00
   1.0710437E+00   1.0212741E+00   9.9982902E-01   9.9663239E-01   9.9636180E-01
   9.9638270E-01   9.9690569E-01   9.9757991E-01   9.9807833E-01   9.9843904E-01
   9.9870122E-01   9.9892721E-01   9.9905914E-01   9.9917707E-01   9.9929408E-01
   9.9935077E-01   9.9939563E-01   9.9944648E-01   9.9946945E-01   9.9948667E-01
   9.9950751E-01   9.9951658E-01   9.9952160E-01   9.9952991E-01   9.9953795E-01

   1.5629712E+02   3.5398058E+10   4.2646154E+10   3.1032329E+00   3.1759909E-08   1.0289587E+03   1.0000000E+00    21 
   1.6501424E+00   9.2831060E-01   9.8770276E-01   1.0089232E+00   1.0960398E+00
   1.0905812E+00   1.0337986E+00   1.0136606E+00   1.0067858E+00   1.0034119E+00
   1.0015792E+00   1.0007272E+00   1.0003441E+00   1.0001490E+00   1.0000503E+00
   1.0000027E+00   9.9996661E-01   9.9996114E-01   9.9996398E-01   9.9995956E-01
   9.9996053E-01   9.9996318E-01   9.9996414E-01   9.9996526E-01   9.9996656E-01
   9.9996760E-01   9.9996818E-01   9.9996860E-01   9.9996914E-01   9.9996966E-01

   1.3525275E+02   6.6818650E+10   8.0502317E+10   3.4279018E+00   5.0874941E-08   7.2792964E+02   1.0000000E+00    22 
   1.9240023E+00   1.0680576E+00   1.0589655E+00   1.0485462E+00   1.0659324E+00
   1.0545311E+00   1.0269746E+00   1.0152728E+00   1.0080163E+00   1.0045620E+00
   1.0026109E+00   1.0015528E+00   1.0009681E+00   1.0006313E+00   1.0004288E+00
   1.0003053E+00   1.0002043E+00   1.0001620E+00   1.0001326E+00   1.0000956E+00
   1.0000810E+00   1.0000714E+00   1.0000584E+00   1.0000532E+00   1.0000497E+00
   1.0000449E+00   1.0000430E+00   1.0000420E+00   1.0000402E+00   1.0000385E+00

   1.2356812E+02   1.1316706E+11   1.3634361E+11   3.6397230E+00   7.7581310E-08   5.1492786E+02   1.0000000E+00    23 
   1.9763741E+00   1.1522418E+00   1.0780952E+00   1.0605228E+00   1.0408508E+00
   1.0411046E+00   1.0238551E+00   1.0158775E+00   1.0081708E+00   1.0046132E+00
   1.0027105E+00   1.0016598E+00   1.0010542E+00   1.0006990E+00   1.0004821E+00
   1.0003466E+00   1.0002348E+00   1.0001849E+00   1.0001478E+00   1.0001040E+00
   1.0000858E+00   1.0000734E+00   1.0000572E+00   1.0000505E+00   1.0000458E+00
   1.0000397E+00   1.0000372E+00   1.0000359E+00   1.0000335E+00   1.0000313E+00

   1.1645889E+02   1.8004172E+11   2.1691488E+11   3.7978819E+00   1.1357745E-07   3.6438532E+02   1.0000000E+00    24 
   1.9707249E+00   1.2044966E+00   1.0785470E+00   1.0587735E+00   1.0497285E+00
   1.0383290E+00   1.0208866E+00   1.0132792E+00   1.0070050E+00   1.0039786E+00
   1.0023560E+00   1.0014453E+00   1.0009223E+00   1.0006121E+00   1.0004212E+00
   1.0003017E+00   1.0002027E+00   1.0001575E+00   1.0001233E+00   1.0000835E+00
   1.0000669E+00   1.0000553E+00   1.0000404E+00   1.0000342E+00   1.0000299E+00
   1.0000242E+00   1.0000219E+00   1.0000207E+00   1.0000186E+00   1.0000165E+00

   1.1191196E+02   2.7467227E+11   3.3092522E+11   3.9319166E+00   1.5995855E-07   2.5864938E+02   1.0000000E+00    25 
   2.0038003E+00   1.2062521E+00   1.0603090E+00   1.0445719E+00   1.0412900E+00
   1.0266351E+00   1.0141795E+00   1.0088891E+00   1.0047612E+00   1.0026898E+00
   1.0016001E+00   1.0009838E+00   1.0006282E+00   1.0004153E+00   1.0002844E+00
   1.0002023E+00   1.0001343E+00   1.0001031E+00   1.0000793E+00   1.0000519E+00
   1.0000404E+00   1.0000324E+00   1.0000221E+00   1.0000179E+00   1.0000150E+00
   1.0000111E+00   1.0000096E+00   1.0000088E+00   1.0000074E+00   1.0000060E+00

   1.0890312E+02   4.0909542E+11   4.9287427E+11   4.0198827E+00   2.2113712E-07   1.8338929E+02   1.0000000E+00    26 
   1.9727654E+00   1.2149943E+00   1.0568213E+00   1.0325673E+00   1.0297314E+00
   1.0165405E+00   1.0086505E+00   1.0054617E+00   1.0029861E+00   1.0016849E+00
   1.0010037E+00   1.0006179E+00   1.0003948E+00   1.0002601E+00   1.0001774E+00
   1.0001254E+00   1.0000823E+00   1.0000626E+00   1.0000475E+00   1.0000302E+00
   1.0000229E+00   1.0000179E+00   1.0000115E+00   1.0000089E+00   1.0000071E+00
   1.0000047E+00   1.0000038E+00   1.0000034E+00   1.0000026E+00   1.0000018E+00

   1.0686730E+02   5.9858286E+11   7.2115837E+11   4.0754363E+00   2.9889886E-07   1.3015632E+02   1.0000000E+00    27 
   1.8723825E+00   1.2643301E+00   1.0784086E+00   1.0375270E+00   1.0273086E+00
   1.0132116E+00   1.0066826E+00   1.0040996E+00   1.0022709E+00   1.0012743E+00
   1.0007561E+00   1.0004648E+00   1.0002965E+00   1.0001949E+00   1.0001325E+00
   1.0000933E+00   1.0000607E+00   1.0000458E+00   1.0000344E+00   1.0000212E+00
   1.0000158E+00   1.0000121E+00   1.0000073E+00   1.0000054E+00   1.0000041E+00
   1.0000025E+00   1.0000019E+00   1.0000016E+00   1.0000010E+00   1.0000005E+00

   1.0545841E+02   8.6727089E+11   1.0448504E+12   4.1113438E+00   3.9511668E-07   9.2249065E+01   1.0000000E+00    28 
   1.7421281E+00   1.3338756E+00   1.1114061E+00   1.0488941E+00   1.0273123E+00
   1.0120033E+00   1.0058578E+00   1.0034308E+00   1.0018981E+00   1.0010536E+00
   1.0006205E+00   1.0003799E+00   1.0002414E+00   1.0001582E+00   1.0001071E+00
   1.0000749E+00   1.0000483E+00   1.0000361E+00   1.0000268E+00   1.0000160E+00
   1.0000117E+00   1.0000088E+00   1.0000049E+00   1.0000035E+00   1.0000026E+00
   1.0000014E+00   1.0000009E+00   1.0000008E+00   1.0000004E+00   1.0000000E+00

   1.0447983E+02   1.2502515E+12   1.5062157E+12   4.1367293E+00   5.1188563E-07   6.5195373E+01   1.0000000E+00    29 
   1.6187705E+00   1.4051120E+00   1.1394318E+00   1.0543056E+00   1.0247877E+00
   1.0102953E+00   1.0048731E+00   1.0027510E+00   1.0015142E+00   1.0008317E+00
   1.0004863E+00   1.0002963E+00   1.0001874E+00   1.0001222E+00   1.0000822E+00
   1.0000571E+00   1.0000363E+00   1.0000269E+00   1.0000196E+00   1.0000113E+00
   1.0000081E+00   1.0000059E+00   1.0000031E+00   1.0000021E+00   1.0000015E+00
   1.0000007E+00   1.0000004E+00   1.0000004E+00   1.0000001E+00   9.9999998E-01

   1.0379966E+02   1.7901546E+12   2.1565909E+12   4.1586923E+00   6.5029042E-07   4.6131403E+01   1.0000000E+00    30 
   1.5136962E+00   1.4675199E+00   1.1577333E+00   1.0542193E+00   1.0214574E+00
   1.0085741E+00   1.0039611E+00   1.0021721E+00   1.0011889E+00   1.0006470E+00
   1.0003756E+00   1.0002277E+00   1.0001431E+00   1.0000928E+00   1.0000619E+00
   1.0000426E+00   1.0000266E+00   1.0000194E+00   1.0000140E+00   1.0000077E+00
   1.0000054E+00   1.0000038E+00   1.0000018E+00   1.0000011E+00   1.0000008E+00
   1.0000003E+00   1.0000001E+00   1.0000001E+00   1.0000000E+00   9.9999998E-01

   1.0333957E+02   2.5018168E+12   3.0138127E+12   4.1647579E+00   8.0884988E-07   3.3303524E+01   1.0000000E+00    31 
   1.4167739E+00   1.5002425E+00   1.1585109E+00   1.0480605E+00   1.0171777E+00
   1.0066543E+00   1.0030095E+00   1.0016165E+00   1.0008798E+00   1.0004744E+00
   1.0002735E+00   1.0001648E+00   1.0001029E+00   1.0000662E+00   1.0000438E+00
   1.0000298E+00   1.0000182E+00   1.0000131E+00   1.0000093E+00   1.0000048E+00
   1.0000033E+00   1.0000023E+00   1.0000009E+00   1.0000006E+00   1.0000004E+00
   1.0000001E+00   1.0000000E+00   1.0000000E+00   9.9999997E-01   9.9999989E-01

   1.0311115E+02   3.6033210E+12   4.3404685E+12   4.1308309E+00   1.0340524E-06   2.3225478E+01   1.0000000E+00    32 
   1.3113973E+00   1.4962889E+00   1.1393335E+00   1.0363700E+00   1.0118106E+00
   1.0044015E+00   1.0019373E+00   1.0010226E+00   1.0005518E+00   1.0002941E+00
   1.0001680E+00   1.0001003E+00   1.0000621E+00   1.0000395E+00   1.0000258E+00
   1.0000172E+00   1.0000102E+00   1.0000072E+00   1.0000050E+00   1.0000024E+00
   1.0000015E+00   1.0000011E+00   1.0000004E+00   1.0000002E+00   1.0000001E+00
   1.0000000E+00   9.9999997E-01   9.9999998E-01   9.9999995E-01   9.9999992E-01

   1.0303449E+02   5.1188465E+12   6.1655873E+12   4.1001680E+00   1.3034921E-06   1.6373496E+01   1.0000000E+00    33 
   1.2372810E+00   1.4869735E+00   1.1252107E+00   1.0294502E+00   1.0089537E+00
   1.0032460E+00   1.0014027E+00   1.0007288E+00   1.0003898E+00   1.0002059E+00
   1.0001166E+00   1.0000691E+00   1.0000423E+00   1.0000266E+00   1.0000171E+00
   1.0000112E+00   1.0000064E+00   1.0000044E+00   1.0000030E+00   1.0000013E+00
   1.0000008E+00   1.0000005E+00   1.0000001E+00   1.0000000E+00   1.0000000E+00
   9.9999996E-01   9.9999994E-01   9.9999995E-01   9.9999994E-01   9.9999993E-01

   1.0299255E+02   7.0745019E+12   8.5204921E+12   4.0740833E+00   1.6089067E-06   1.1856899E+01   1.0000000E+00    34 
   1.1720377E+00   1.4785197E+00   1.1143902E+00   1.0251849E+00   1.0073451E+00
   1.0026192E+00   1.0011201E+00   1.0005742E+00   1.0003049E+00   1.0001600E+00
   1.0000900E+00   1.0000529E+00   1.0000321E+00   1.0000199E+00   1.0000126E+00
   1.0000081E+00   1.0000044E+00   1.0000030E+00   1.0000019E+00   1.0000008E+00
   1.0000004E+00   1.0000003E+00   1.0000000E+00   9.9999997E-01   9.9999998E-01
   9.9999994E-01   9.9999993E-01   9.9999994E-01   9.9999993E-01   9.9999993E-01

   1.0296080E+02   1.0107777E+13   1.2172607E+13   4.0502574E+00   2.0229190E-06   8.3038406E+00   1.0000000E+00    35 
   1.1030599E+00   1.4677123E+00   1.1043925E+00   1.0220049E+00   1.0062440E+00
   1.0022057E+00   1.0009385E+00   1.0004752E+00   1.0002506E+00   1.0001309E+00
   1.0000731E+00   1.0000426E+00   1.0000255E+00   1.0000156E+00   1.0000096E+00
   1.0000060E+00   1.0000031E+00   1.0000020E+00   1.0000013E+00   1.0000004E+00
   1.0000002E+00   1.0000001E+00   9.9999997E-01   9.9999993E-01   9.9999995E-01
   9.9999993E-01   9.9999993E-01   9.9999993E-01   9.9999993E-01   9.9999993E-01

   1.0292345E+02   1.4289078E+13   1.7206312E+13   4.0269935E+00   2.5240254E-06   5.8782133E+00   1.0000000E+00    36 
   1.0200618E+00   1.4426357E+00   1.0954126E+00   1.0199145E+00   1.0055995E+00
   1.0019767E+00   1.0008411E+00   1.0004216E+00   1.0002211E+00   1.0001150E+00
   1.0000639E+00   1.0000369E+00   1.0000218E+00   1.0000131E+00   1.0000079E+00
   1.0000047E+00   1.0000023E+00   1.0000014E+00   1.0000009E+00   1.0000002E+00
   1.0000001E+00   1.0000000E+00   9.9999994E-01   9.9999992E-01   9.9999994E-01
   9.9999993E-01   9.9999993E-01   9.9999994E-01   9.9999994E-01   9.9999994E-01

   1.0287946E+02   2.0183234E+13   2.4301188E+13   4.0169257E+00   3.1302968E-06   4.1651427E+00   1.0000000E+00    37 
   9.4905442E-01   1.3932385E+00   1.0818861E+00   1.0172686E+00   1.0048701E+00
   1.0017250E+00   1.0007354E+00   1.0003659E+00   1.0001908E+00   1.0000990E+00
   1.0000546E+00   1.0000312E+00   1.0000182E+00   1.0000107E+00   1.0000062E+00
   1.0000036E+00   1.0000016E+00   1.0000009E+00   1.0000006E+00   1.0000001E+00
   1.0000000E+00   1.0000000E+00   9.9999993E-01   9.9999992E-01   9.9999994E-01
   9.9999994E-01   9.9999994E-01   9.9999995E-01   9.9999995E-01   9.9999995E-01

   1.0282819E+02   2.8494466E+13   3.4304587E+13   4.0320141E+00   3.8429684E-06   2.9531994E+00   1.0000000E+00    38 
   9.0486335E-01   1.3344035E+00   1.0639769E+00   1.0136267E+00   1.0038764E+00
   1.0013819E+00   1.0005910E+00   1.0002927E+00   1.0001519E+00   1.0000785E+00
   1.0000430E+00   1.0000242E+00   1.0000139E+00   1.0000079E+00   1.0000045E+00
   1.0000025E+00   1.0000010E+00   1.0000006E+00   1.0000004E+00   1.0000000E+00
   9.9999997E-01   9.9999999E-01   9.9999994E-01   9.9999994E-01   9.9999995E-01
   9.9999995E-01   9.9999996E-01   9.9999996E-01   9.9999996E-01   9.9999996E-01

   1.0276873E+02   4.0229303E+13   4.8428475E+13   4.0821261E+00   4.6550758E-06   2.0941743E+00   1.0000000E+00    39 
   8.8944514E-01   1.2750886E+00   1.0470503E+00   1.0098902E+00   1.0028146E+00
   1.0010090E+00   1.0004335E+00   1.0002141E+00   1.0001106E+00   1.0000569E+00
   1.0000309E+00   1.0000172E+00   1.0000096E+00   1.0000053E+00   1.0000029E+00
   1.0000015E+00   1.0000006E+00   1.0000003E+00   1.0000002E+00   1.0000000E+00
   9.9999996E-01   9.9999998E-01   9.9999996E-01   9.9999996E-01   9.9999997E-01
   9.9999997E-01   9.9999997E-01   9.9999997E-01   9.9999997E-01   9.9999997E-01

   1.0270049E+02   5.6822671E+13   6.8401838E+13   4.1734515E+00   5.5539531E-06   1.4846026E+00   1.0000000E+00    40 
   8.9579203E-01   1.2170573E+00   1.0332421E+00   1.0067643E+00   1.0019023E+00
   1.0006817E+00   1.0002937E+00   1.0001448E+00   1.0000744E+00   1.0000381E+00
   1.0000204E+00   1.0000112E+00   1.0000061E+00   1.0000033E+00   1.0000017E+00
   1.0000009E+00   1.0000004E+00   1.0000002E+00   1.0000001E+00   1.0000000E+00
   9.9999997E-01   9.9999999E-01   9.9999997E-01   9.9999997E-01   9.9999998E-01
   9.9999998E-01   9.9999998E-01   9.9999998E-01   9.9999998E-01   9.9999998E-01

   1.0262342E+02   8.0135032E+13   9.6467906E+13   4.3089426E+00   6.5159905E-06   1.0542925E+00   1.0000000E+00    41 
   9.1294396E-01   1.1621820E+00   1.0223125E+00   1.0043627E+00   1.0012086E+00
   1.0004312E+00   1.0001856E+00   1.0000912E+00   1.0000466E+00   1.0000237E+00
   1.0000125E+00   1.0000067E+00   1.0000036E+00   1.0000018E+00   1.0000009E+00
   1.0000005E+00   1.0000002E+00   1.0000001E+00   1.0000001E+00   1.0000000E+00
   9.9999998E-01   9.9999999E-01   9.9999998E-01   9.9999998E-01   9.9999999E-01
   9.9999999E-01   9.9999999E-01   9.9999999E-01   9.9999999E-01   9.9999999E-01

   1.0254756E+02   1.0848973E+14   1.3061232E+14   4.4695166E+00   7.3981094E-06   7.7989620E-01   1.0000000E+00    42 
   9.3041052E-01   1.1178773E+00   1.0147366E+00   1.0027857E+00   1.0007631E+00
   1.0002710E+00   1.0001163E+00   1.0000570E+00   1.0000289E+00   1.0000145E+00
   1.0000076E+00   1.0000039E+00   1.0000020E+00   1.0000010E+00   1.0000005E+00
   1.0000003E+00   1.0000001E+00   1.0000000E+00   1.0000000E+00   1.0000000E+00
   9.9999999E-01   9.9999999E-01   9.9999999E-01   9.9999999E-01   9.9999999E-01
   9.9999999E-01   9.9999999E-01   9.9999999E-01   9.9999999E-01   9.9999999E-01

   1.0247369E+02   1.4223165E+14   1.7125313E+14   4.6495378E+00   8.1954358E-06   5.9573726E-01   1.0000000E+00    43 
   9.4546390E-01   1.0832608E+00   1.0095485E+00   1.0017607E+00   1.0004786E+00
   1.0001694E+00   1.0000725E+00   1.0000353E+00   1.0000178E+00   1.0000088E+00
   1.0000045E+00   1.0000023E+00   1.0000012E+00   1.0000006E+00   1.0000003E+00
   1.0000001E+00   1.0000001E+00   1.0000000E+00   1.0000000E+00   1.0000000E+00
   9.9999999E-01   1.0000000E+00   9.9999999E-01   9.9999999E-01   1.0000000E+00
   1.0000000E+00   1.0000000E+00   1.0000000E+00   1.0000000E+00   1.0000000E+00

   1.0239913E+02   1.8358887E+14   2.2107639E+14   4.8537518E+00   8.9407373E-06   4.6220706E-01   1.0000000E+00    44 
   9.5857579E-01   1.0562747E+00   1.0059686E+00   1.0010820E+00   1.0002925E+00
   1.0001032E+00   1.0000440E+00   1.0000214E+00   1.0000107E+00   1.0000052E+00
   1.0000026E+00   1.0000013E+00   1.0000006E+00   1.0000003E+00   1.0000001E+00
   1.0000001E+00   1.0000000E+00   1.0000000E+00   1.0000000E+00   1.0000000E+00
   1.0000000E+00   1.0000000E+00   1.0000000E+00   1.0000000E+00   1.0000000E+00
   1.0000000E+00   1.0000000E+00   1.0000000E+00   1.0000000E+00   1.0000000E+00

   1.0232234E+02   2.3553760E+14   2.8366900E+14   5.0864571E+00   9.6570443E-06   3.6080620E-01   1.0000000E+00    45 
   9.7024387E-01   1.0358902E+00   1.0035580E+00   1.0006377E+00   1.0001717E+00
   1.0000605E+00   1.0000257E+00   1.0000124E+00   1.0000062E+00   1.0000030E+00
   1.0000015E+00   1.0000007E+00   1.0000003E+00   1.0000002E+00   1.0000001E+00
   1.0000000E+00   1.0000000E+00   1.0000000E+00   1.0000000E+00   1.0000000E+00
   1.0000000E+00   1.0000000E+00   1.0000000E+00   1.0000000E+00   1.0000000E+00
   1.0000000E+00   1.0000000E+00   1.0000000E+00   1.0000000E+00   1.0000000E+00

   1.0224233E+02   3.0211813E+14   3.6389853E+14   5.3518948E+00   1.0361770E-05   2.8173224E-01   1.0000000E+00    46 
   9.8084504E-01   1.0213350E+00   1.0020038E+00   1.0003564E+00   1.0000957E+00
   1.0000336E+00   1.0000142E+00   1.0000068E+00   1.0000034E+00   1.0000016E+00
   1.0000008E+00   1.0000004E+00   1.0000002E+00   1.0000001E+00   1.0000000E+00
   1.0000000E+00   1.0000000E+00   1.0000000E+00   1.0000000E+00   1.0000000E+00
   1.0000000E+00   1.0000000E+00   1.0000000E+00   1.0000000E+00   1.0000000E+00
   1.0000000E+00   1.0000000E+00   1.0000000E+00   1.0000000E+00   1.0000000E+00

   1.0215847E+02   3.8883647E+14   4.6839809E+14   5.6536814E+00   1.1070296E-05   2.1925969E-01   1.0000000E+00    47 
   9.9022178E-01   1.0117075E+00   1.0010570E+00   1.0001871E+00   1.0000501E+00
   1.0000176E+00   1.0000074E+00   1.0000035E+00   1.0000017E+00   1.0000008E+00
   1.0000004E+00   1.0000002E+00   1.0000001E+00   1.0000000E+00   1.0000000E+00
   1.0000000E+00   1.0000000E+00   1.0000000E+00   1.0000000E+00   1.0000000E+00
   1.0000000E+00   1.0000000E+00   1.0000000E+00   1.0000000E+00   1.0000000E+00
   1.0000000E+00   1.0000000E+00   1.0000000E+00   1.0000000E+00   1.0000000E+00

   1.0207031E+02   5.0356326E+14   6.0665428E+14   5.9947117E+00   1.1802353E-05   1.6959821E-01   1.0000000E+00    48 
   9.9779301E-01   1.0059099E+00   1.0005197E+00   1.0000917E+00   1.0000246E+00
   1.0000086E+00   1.0000036E+00   1.0000017E+00   1.0000008E+00   1.0000004E+00
   1.0000002E+00   1.0000001E+00   1.0000000E+00   1.0000000E+00   1.0000000E+00
   1.0000000E+00   1.0000000E+00   1.0000000E+00   1.0000000E+00   1.0000000E+00
   1.0000000E+00   1.0000000E+00   1.0000000E+00   1.0000000E+00   1.0000000E+00
   1.0000000E+00   1.0000000E+00   1.0000000E+00   1.0000000E+00   1.0000000E+00

   1.0197771E+02   6.5759800E+14   7.9229842E+14   6.3764186E+00   1.2583930E-05   1.3010766E-01   1.0000000E+00    49 
   1.0026895E+00   1.0027508E+00   1.0002379E+00   1.0000419E+00   1.0000112E+00
   1.0000039E+00   1.0000016E+00   1.0000008E+00   1.0000004E+00   1.0000002E+00
   1.0000001E+00   1.0000000E+00   1.0000000E+00   1.0000000E+00   1.0000000E+00
   1.0000000E+00   1.0000000E+00   1.0000000E+00   1.0000000E+00   1.0000000E+00
   1.0000000E+00   1.0000000E+00   1.0000000E+00   1.0000000E+00   1.0000000E+00
   1.0000000E+00   1.0000000E+00   1.0000000E+00   1.0000000E+00   1.0000000E+00

   1.0188086E+02   8.6627733E+14   1.0438498E+15   6.7995322E+00   1.3435404E-05   9.8953532E-02   1.0000000E+00    50 
   1.0046937E+00   1.0011908E+00   1.0001017E+00   1.0000179E+00   1.0000048E+00
   1.0000017E+00   1.0000007E+00   1.0000003E+00   1.0000001E+00   1.0000001E+00
   1.0000000E+00   1.0000000E+00   1.0000000E+00   1.0000000E+00   1.0000000E+00
   1.0000000E+00   1.0000000E+00   1.0000000E+00   1.0000000E+00   1.0000000E+00
   1.0000000E+00   1.0000000E+00   1.0000000E+00   1.0000000E+00   1.0000000E+00
   1.0000000E+00   1.0000000E+00   1.0000000E+00   1.0000000E+00   1.0000000E+00

   1.0178030E+02   1.1465151E+15   1.3817440E+15   7.2649271E+00   1.4340899E-05   7.4914494E-02   1.0000000E+00    51 
   1.0045189E+00   1.0004921E+00   1.0000416E+00   1.0000073E+00   1.0000020E+00
   1.0000007E+00   1.0000003E+00   1.0000001E+00   1.0000001E+00   1.0000000E+00
   1.0000000E+00   1.0000000E+00   1.0000000E+00   1.0000000E+00   1.0000000E+00
   1.0000000E+00   1.0000000E+00   1.0000000E+00   1.0000000E+00   1.0000000E+00
   1.0000000E+00   1.0000000E+00   1.0000000E+00   1.0000000E+00   1.0000000E+00
   1.0000000E+00   1.0000000E+00   1.0000000E+00   1.0000000E+00   1.0000000E+00

   1.0167649E+02   1.5145116E+15   1.8255239E+15   7.7749293E+00   1.5249476E-05   5.6827558E-02   1.0000000E+00    52 
   1.0033900E+00   1.0002036E+00   1.0000170E+00   1.0000030E+00   1.0000008E+00
   1.0000003E+00   1.0000001E+00   1.0000001E+00   1.0000000E+00   1.0000000E+00
   1.0000000E+00   1.0000000E+00   1.0000000E+00   1.0000000E+00   1.0000000E+00
   1.0000000E+00   1.0000000E+00   1.0000000E+00   1.0000000E+00   1.0000000E+00
   1.0000000E+00   1.0000000E+00   1.0000000E+00   1.0000000E+00   1.0000000E+00
   1.0000000E+00   1.0000000E+00   1.0000000E+00   1.0000000E+00   1.0000000E+00

   1.0156938E+02   1.9857787E+15   2.3938737E+15   8.3330665E+00   1.6103540E-05   4.3432605E-02   1.0000000E+00    53 
   1.0022116E+00   1.0000885E+00   1.0000073E+00   1.0000013E+00   1.0000003E+00
   1.0000001E+00   1.0000000E+00   1.0000000E+00   1.0000000E+00   1.0000000E+00
   1.0000000E+00   1.0000000E+00   1.0000000E+00   1.0000000E+00   1.0000000E+00
   1.0000000E+00   1.0000000E+00   1.0000000E+00   1.0000000E+00   1.0000000E+00
   1.0000000E+00   1.0000000E+00   1.0000000E+00   1.0000000E+00   1.0000000E+00
   1.0000000E+00   1.0000000E+00   1.0000000E+00   1.0000000E+00   1.0000000E+00

   1.0145830E+02   2.5808677E+15   3.1116339E+15   8.9428295E+00   1.6879149E-05   3.3491228E-02   1.0000000E+00    54 
   1.0013246E+00   1.0000405E+00   1.0000033E+00   1.0000006E+00   1.0000002E+00
   1.0000001E+00   1.0000000E+00   1.0000000E+00   1.0000000E+00   1.0000000E+00
   1.0000000E+00   1.0000000E+00   1.0000000E+00   1.0000000E+00   1.0000000E+00
   1.0000000E+00   1.0000000E+00   1.0000000E+00   1.0000000E+00   1.0000000E+00
   1.0000000E+00   1.0000000E+00   1.0000000E+00   1.0000000E+00   1.0000000E+00
   1.0000000E+00   1.0000000E+00   1.0000000E+00   1.0000000E+00   1.0000000E+00

   1.0134230E+02   3.3296664E+15   4.0150075E+15   9.6077847E+00   1.7581853E-05   2.6018932E-02   1.0000000E+00    55 
   1.0007613E+00   1.0000192E+00   1.0000016E+00   1.0000003E+00   1.0000001E+00
   1.0000000E+00   1.0000000E+00   1.0000000E+00   1.0000000E+00   1.0000000E+00
   1.0000000E+00   1.0000000E+00   1.0000000E+00   1.0000000E+00   1.0000000E+00
   1.0000000E+00   1.0000000E+00   1.0000000E+00   1.0000000E+00   1.0000000E+00
   1.0000000E+00   1.0000000E+00   1.0000000E+00   1.0000000E+00   1.0000000E+00
   1.0000000E+00   1.0000000E+00   1.0000000E+00   1.0000000E+00   1.0000000E+00

   1.0122043E+02   4.2701269E+15   5.1498192E+15   1.0331288E+01   1.8221352E-05   2.0337346E-02   1.0000000E+00    56 
   1.0004389E+00   1.0000095E+00   1.0000008E+00   1.0000001E+00   1.0000000E+00
   1.0000000E+00   1.0000000E+00   1.0000000E+00   1.0000000E+00   1.0000000E+00
   1.0000000E+00   1.0000000E+00   1.0000000E+00   1.0000000E+00   1.0000000E+00
   1.0000000E+00   1.0000000E+00   1.0000000E+00   1.0000000E+00   1.0000000E+00
   1.0000000E+00   1.0000000E+00   1.0000000E+00   1.0000000E+00   1.0000000E+00
   1.0000000E+00   1.0000000E+00   1.0000000E+00   1.0000000E+00   1.0000000E+00

   1.0109170E+02   5.4542826E+15   6.5786482E+15   1.1117055E+01   1.8816153E-05   1.5962558E-02   1.0000000E+00    57 
   1.0002568E+00   1.0000049E+00   1.0000004E+00   1.0000001E+00   1.0000000E+00
   1.0000000E+00   1.0000000E+00   1.0000000E+00   1.0000000E+00   1.0000000E+00
   1.0000000E+00   1.0000000E+00   1.0000000E+00   1.0000000E+00   1.0000000E+00
   1.0000000E+00   1.0000000E+00   1.0000000E+00   1.0000000E+00   1.0000000E+00
   1.0000000E+00   1.0000000E+00   1.0000000E+00   1.0000000E+00   1.0000000E+00
   1.0000000E+00   1.0000000E+00   1.0000000E+00   1.0000000E+00   1.0000000E+00

   1.0095493E+02   6.9661386E+15   8.4026701E+15   1.1969203E+01   1.9411114E-05   1.2532095E-02   1.0000000E+00    58 
   1.0001439E+00   1.0000025E+00   1.0000002E+00   1.0000000E+00   1.0000000E+00
   1.0000000E+00   1.0000000E+00   1.0000000E+00   1.0000000E+00   1.0000000E+00
   1.0000000E+00   1.0000000E+00   1.0000000E+00   1.0000000E+00   1.0000000E+00
   1.0000000E+00   1.0000000E+00   1.0000000E+00   1.0000000E+00   1.0000000E+00
   1.0000000E+00   1.0000000E+00   1.0000000E+00   1.0000000E+00   1.0000000E+00
   1.0000000E+00   1.0000000E+00   1.0000000E+00   1.0000000E+00   1.0000000E+00

   1.0080607E+02   8.9821470E+15   1.0834728E+16   1.2911718E+01   2.0077661E-05   9.7480358E-03   1.0000000E+00    59 
   1.0000761E+00   1.0000012E+00   1.0000001E+00   1.0000000E+00   1.0000000E+00
   1.0000000E+00   1.0000000E+00   1.0000000E+00   1.0000000E+00   1.0000000E+00
   1.0000000E+00   1.0000000E+00   1.0000000E+00   1.0000000E+00   1.0000000E+00
   1.0000000E+00   1.0000000E+00   1.0000000E+00   1.0000000E+00   1.0000000E+00
   1.0000000E+00   1.0000000E+00   1.0000000E+00   1.0000000E+00   1.0000000E+00
   1.0000000E+00   1.0000000E+00   1.0000000E+00   1.0000000E+00   1.0000000E+00

   1.0068651E+02   1.0941652E+16   1.3198529E+16   1.3679974E+01   2.0643981E-05   8.0213027E-03   1.0000000E+00    60 
   1.0000452E+00   1.0000007E+00   1.0000001E+00   1.0000000E+00   1.0000000E+00
   1.0000000E+00   1.0000000E+00   1.0000000E+00   1.0000000E+00   1.0000000E+00
   1.0000000E+00   1.0000000E+00   1.0000000E+00   1.0000000E+00   1.0000000E+00
   1.0000000E+00   1.0000000E+00   1.0000000E+00   1.0000000E+00   1.0000000E+00
   1.0000000E+00   1.0000000E+00   1.0000000E+00   1.0000000E+00   1.0000000E+00
   1.0000000E+00   1.0000000E+00   1.0000000E+00   1.0000000E+00   1.0000000E+00

   1.0062098E+02   1.2168724E+16   1.4678757E+16   1.4105755E+01   2.0971076E-05   7.2218434E-03   1.0000000E+00    61 
   1.0000337E+00   1.0000005E+00   1.0000000E+00   1.0000000E+00   1.0000000E+00
   1.0000000E+00   1.0000000E+00   1.0000000E+00   1.0000000E+00   1.0000000E+00
   1.0000000E+00   1.0000000E+00   1.0000000E+00   1.0000000E+00   1.0000000E+00
   1.0000000E+00   1.0000000E+00   1.0000000E+00   1.0000000E+00   1.0000000E+00
   1.0000000E+00   1.0000000E+00   1.0000000E+00   1.0000000E+00   1.0000000E+00
   1.0000000E+00   1.0000000E+00   1.0000000E+00   1.0000000E+00   1.0000000E+00

   1.0058758E+02   1.2841220E+16   1.5489991E+16   1.4324159E+01   2.1143351E-05   6.8481798E-03   1.0000000E+00    62 
   1.0000351E+00   1.0000005E+00   1.0000000E+00   1.0000000E+00   1.0000000E+00
   1.0000000E+00   1.0000000E+00   1.0000000E+00   1.0000000E+00   1.0000000E+00
   1.0000000E+00   1.0000000E+00   1.0000000E+00   1.0000000E+00   1.0000000E+00
   1.0000000E+00   1.0000000E+00   1.0000000E+00   1.0000000E+00   1.0000000E+00
   1.0000000E+00   1.0000000E+00   1.0000000E+00   1.0000000E+00   1.0000000E+00
   1.0000000E+00   1.0000000E+00   1.0000000E+00   1.0000000E+00   1.0000000E+00

   1.0057637E+02   1.3075154E+16   1.5772185E+16   1.4397884E+01   2.1202268E-05   6.7271547E-03   1.0000000E+00    63 
   1.0001009E+00   1.0000039E+00   1.0000003E+00   1.0000001E+00   1.0000000E+00
   1.0000000E+00   1.0000000E+00   1.0000000E+00   1.0000000E+00   1.0000000E+00
   1.0000000E+00   1.0000000E+00   1.0000000E+00   1.0000000E+00   1.0000000E+00
   1.0000000E+00   1.0000000E+00   1.0000000E+00   1.0000000E+00   1.0000000E+00
   1.0000000E+00   1.0000000E+00   1.0000000E+00   1.0000000E+00   1.0000000E+00
   1.0000000E+00   1.0000000E+00   1.0000000E+00   1.0000000E+00   1.0000000E+00
