
 24-FEB-2004                           !Format date

   1.0057637E+02     1.0810E+06       82       63

   1.1341482E+04   1.8923261E+02   2.8249382E+06   1.8495937E+00   1.9849087E-05   2.9481942E+03   1.0000000E+00     1 
   1.6883141E-03   1.6883141E-03   1.3174815E-05   1.3174815E-05   1.3174815E-05
   4.5453752E-06   4.5453752E-06   1.6966077E-06   3.2099125E-05   3.2099125E-05
   1.7753831E-07   6.0941329E-06   6.0941329E-06   2.3389697E-03   1.4170430E-05
   1.4170430E-05   9.1440175E-03   9.1440175E-03   2.8085074E-02   2.8085074E-02
   3.2628115E-05   3.2628115E-05   3.2628115E-05   3.7652105E-03   3.7652105E-03
   1.0107982E-01   2.1820835E-01   2.1820835E-01   1.5160097E-03   1.5160097E-03
   1.5160097E-03   1.5160097E-03   4.6094155E-02   4.6094155E-02   3.3880379E-04
   1.9428027E-04   1.9428027E-04   1.9428027E-04   2.6174262E-01   2.6174262E-01
   1.1080234E-03   1.1080234E-03   2.4289338E-01   2.4289338E-01   2.1140020E-01
   4.6799928E-03   4.6799928E-03   4.6799928E-03   4.6799928E-03   3.4989000E-04
   3.4989000E-04   3.4989000E-04   3.4989000E-04   4.2010784E-01   1.4487041E-04
   1.4487041E-04   4.0310556E-04   4.0310556E-04   4.0310556E-04   8.2606968E-02
   8.2606968E-02   1.0271747E-04   1.0271747E-04   2.5354629E-01   2.5354629E-01
   9.7285853E-04   9.0468103E-03   9.0468103E-03   9.7285853E-04   2.3963512E-03
   2.3963512E-03   1.4225750E+00   8.7776374E-03   8.7034824E-04   8.7034824E-04
   1.5224721E+00   1.5224721E+00   1.3220863E-02   1.3220863E-02   1.1864298E-02
   1.1864298E-02   7.0071983E+03

   1.1234034E+04   1.9288323E+02   2.8794849E+06   1.8496862E+00   1.9848695E-05   2.9479382E+03   1.0000000E+00     2 
   1.6588852E-03   1.6588852E-03   1.3191744E-05   1.3191744E-05   1.3191744E-05
   4.5503141E-06   4.5503141E-06   1.6988231E-06   3.2128785E-05   3.2128785E-05
   1.8072581E-07   6.0983038E-06   6.0983038E-06   2.3405466E-03   1.4182235E-05
   1.4182235E-05   9.1493510E-03   9.1493510E-03   2.8098001E-02   2.8098001E-02
   3.3113305E-05   3.3113305E-05   3.3113305E-05   3.7669728E-03   3.7669728E-03
   1.0110389E-01   2.1824813E-01   2.1824813E-01   1.5172425E-03   1.5172425E-03
   1.5172425E-03   1.5172425E-03   4.6116396E-02   4.6116396E-02   3.4069085E-04
   1.9487786E-04   1.9487786E-04   1.9487786E-04   2.6183016E-01   2.6183016E-01
   1.1086539E-03   1.1086539E-03   2.4298069E-01   2.4298069E-01   2.1153994E-01
   4.6821070E-03   4.6821070E-03   4.6821070E-03   4.6821070E-03   3.5624353E-04
   3.5624353E-04   3.5624353E-04   3.5624353E-04   4.2023711E-01   1.4509929E-04
   1.4509929E-04   4.0977387E-04   4.0977387E-04   4.0977387E-04   8.2631557E-02
   8.2631557E-02   1.0308697E-04   1.0308697E-04   2.5376519E-01   2.5376519E-01
   9.7313324E-04   9.0493714E-03   9.0493714E-03   9.7313324E-04   2.3968116E-03
   2.3968116E-03   1.4228474E+00   8.7798545E-03   8.7088313E-04   8.7088313E-04
   1.5228280E+00   1.5228280E+00   1.3223501E-02   1.3223501E-02   1.1865992E-02
   1.1865992E-02   6.8759690E+03

   1.1021993E+04   2.0040429E+02   2.9918700E+06   1.8498852E+00   1.9847903E-05   2.9474172E+03   1.0000000E+00     3 
   1.6018747E-03   1.6018747E-03   1.3228512E-05   1.3228512E-05   1.3228512E-05
   4.5610062E-06   4.5610062E-06   1.7035510E-06   3.2193000E-05   3.2193000E-05
   1.8732789E-07   6.1073733E-06   6.1073733E-06   2.3439509E-03   1.4207073E-05
   1.4207073E-05   9.1608557E-03   9.1608557E-03   2.8126056E-02   2.8126056E-02
   3.4116003E-05   3.4116003E-05   3.4116003E-05   3.7707308E-03   3.7707308E-03
   1.0115749E-01   2.1833808E-01   2.1833808E-01   1.5198584E-03   1.5198584E-03
   1.5198584E-03   1.5198584E-03   4.6160978E-02   4.6160978E-02   3.4459607E-04
   1.9611914E-04   1.9611914E-04   1.9611914E-04   2.6202530E-01   2.6202530E-01
   1.1099154E-03   1.1099154E-03   2.4317136E-01   2.4317136E-01   2.1179827E-01
   4.6866580E-03   4.6866580E-03   4.6866580E-03   4.6866580E-03   3.6935530E-04
   3.6935530E-04   3.6935530E-04   3.6935530E-04   4.2050749E-01   1.4557534E-04
   1.4557534E-04   4.2352697E-04   4.2352697E-04   4.2352697E-04   8.2682901E-02
   8.2682901E-02   1.0385151E-04   1.0385151E-04   2.5411746E-01   2.5411746E-01
   9.7371734E-04   9.0549303E-03   9.0549303E-03   9.7371734E-04   2.3978009E-03
   2.3978009E-03   1.4234334E+00   8.7847215E-03   8.7200011E-04   8.7200011E-04
   1.5236301E+00   1.5236301E+00   1.3229123E-02   1.3229123E-02   1.1869634E-02
   1.1869634E-02   6.6207427E+03

   1.0610344E+04   2.1631803E+02   3.2296947E+06   1.8503157E+00   1.9845834E-05   2.9463495E+03   1.0000000E+00     4 
   1.4945676E-03   1.4945676E-03   1.3308641E-05   1.3308641E-05   1.3308641E-05
   4.5841998E-06   4.5841998E-06   1.7137287E-06   3.2332173E-05   3.2332173E-05
   2.0139711E-07   6.1270924E-06   6.1270924E-06   2.3512971E-03   1.4260479E-05
   1.4260479E-05   9.1859931E-03   9.1859931E-03   2.8186623E-02   2.8186623E-02
   3.6245447E-05   3.6245447E-05   3.6245447E-05   3.7787865E-03   3.7787865E-03
   1.0127509E-01   2.1853730E-01   2.1853730E-01   1.5254840E-03   1.5254840E-03
   1.5254840E-03   1.5254840E-03   4.6258905E-02   4.6258905E-02   3.5288289E-04
   1.9875967E-04   1.9875967E-04   1.9875967E-04   2.6245917E-01   2.6245917E-01
   1.1126663E-03   1.1126663E-03   2.4357891E-01   2.4357891E-01   2.1233381E-01
   4.6965121E-03   4.6965121E-03   4.6965121E-03   4.6965121E-03   3.9715224E-04
   3.9715224E-04   3.9715224E-04   3.9715224E-04   4.2110268E-01   1.4658811E-04
   1.4658811E-04   4.5264504E-04   4.5264504E-04   4.5264504E-04   8.2793545E-02
   8.2793545E-02   1.0547325E-04   1.0547325E-04   2.5493289E-01   2.5493289E-01
   9.7497346E-04   9.0668375E-03   9.0668375E-03   9.7497346E-04   2.3999395E-03
   2.3999395E-03   1.4246736E+00   8.7951180E-03   8.7437962E-04   8.7437962E-04
   1.5253321E+00   1.5253321E+00   1.3241229E-02   1.3241229E-02   1.1877509E-02
   1.1877509E-02   6.1392191E+03

   9.8324823E+03   2.5204723E+02   3.7637926E+06   1.8512146E+00   1.9840295E-05   2.9441008E+03   1.0000000E+00     5 
   1.3016831E-03   1.3016831E-03   1.3475320E-05   1.3475320E-05   1.3475320E-05
   4.6326820E-06   4.6326820E-06   1.7353428E-06   3.2622708E-05   3.2622708E-05
   2.3321275E-07   6.1683047E-06   6.1683047E-06   2.3665743E-03   1.4373541E-05
   1.4373541E-05   9.2384305E-03   9.2384305E-03   2.8311774E-02   2.8311774E-02
   4.1036526E-05   4.1036526E-05   4.1036526E-05   3.7957128E-03   3.7957128E-03
   1.0151390E-01   2.1893842E-01   2.1893842E-01   1.5375570E-03   1.5375570E-03
   1.5375570E-03   1.5375570E-03   4.6462220E-02   4.6462220E-02   3.7137106E-04
   2.0462890E-04   2.0462890E-04   2.0462890E-04   2.6337709E-01   2.6337709E-01
   1.1184356E-03   1.1184356E-03   2.4443547E-01   2.4443547E-01   2.1346350E-01
   4.7171437E-03   4.7171437E-03   4.7171437E-03   4.7171437E-03   4.5960184E-04
   4.5960184E-04   4.5960184E-04   4.5960184E-04   4.2240393E-01   1.4883111E-04
   1.4883111E-04   5.1785954E-04   5.1785954E-04   5.1785954E-04   8.3021433E-02
   8.3021433E-02   1.0909348E-04   1.0909348E-04   2.5650821E-01   2.5650821E-01
   9.7765430E-04   9.0921601E-03   9.0921601E-03   9.7765430E-04   2.4044182E-03
   2.4044182E-03   1.4271926E+00   8.8171879E-03   8.7960545E-04   8.7960545E-04
   1.5289382E+00   1.5289382E+00   1.3266944E-02   1.3266944E-02   1.1894005E-02
   1.1894005E-02   5.2788540E+03

   8.4398396E+03   3.4254919E+02   5.1172808E+06   1.8530458E+00   1.9826705E-05   2.9389838E+03   1.0000000E+00     6 
   9.8664839E-04   9.8664839E-04   1.3805659E-05   1.3805659E-05   1.3805659E-05
   4.7314152E-06   4.7314152E-06   1.7827449E-06   3.3213455E-05   3.3213455E-05
   3.1453226E-07   6.2523386E-06   6.2523386E-06   2.3976538E-03   1.4614743E-05
   1.4614743E-05   9.3463311E-03   9.3463311E-03   2.8561429E-02   2.8561429E-02
   5.3167677E-05   5.3167677E-05   5.3167677E-05   3.8319057E-03   3.8319057E-03
   1.0195565E-01   2.1964933E-01   2.1964933E-01   1.5643290E-03   1.5643290E-03
   1.5643290E-03   1.5643290E-03   4.6910319E-02   4.6910319E-02   4.1722787E-04
   2.1903873E-04   2.1903873E-04   2.1903873E-04   2.6532155E-01   2.6532155E-01
   1.1312038E-03   1.1312038E-03   2.4630229E-01   2.4630229E-01   2.1576418E-01
   4.7593895E-03   4.7593895E-03   4.7593895E-03   4.7593895E-03   6.1740347E-04
   6.1740347E-04   6.1740347E-04   6.1740347E-04   4.2577302E-01   1.5429644E-04
   1.5429644E-04   6.8141533E-04   6.8141533E-04   6.8141533E-04   8.3497854E-02
   8.3497854E-02   1.1811024E-04   1.1811024E-04   2.5998426E-01   2.5998426E-01
   9.8351793E-04   9.1472240E-03   9.1472240E-03   9.8351793E-04   2.4136197E-03
   2.4136197E-03   1.4322019E+00   8.8650794E-03   8.9206256E-04   8.9206256E-04
   1.5367797E+00   1.5367797E+00   1.3322365E-02   1.3322365E-02   1.1927922E-02
   1.1927922E-02   3.8998334E+03

   6.2778820E+03   6.2131187E+02   9.2882207E+06   1.8563132E+00   1.9833545E-05   2.9264839E+03   1.0000000E+00     7 
   5.7432705E-04   5.7432705E-04   1.4312695E-05   1.4312695E-05   1.4312695E-05
   4.9103972E-06   4.9103972E-06   1.8845149E-06   3.4297157E-05   3.4297157E-05
   5.6545115E-07   6.4058542E-06   6.4058542E-06   2.4555880E-03   1.5095035E-05
   1.5095035E-05   9.5342896E-03   9.5342896E-03   2.9002001E-02   2.9002001E-02
   8.9992266E-05   8.9992266E-05   8.9992266E-05   3.9015523E-03   3.9015523E-03
   1.0257832E-01   2.2055402E-01   2.2055402E-01   1.6256595E-03   1.6256595E-03
   1.6256595E-03   1.6256595E-03   4.7689510E-02   4.7689510E-02   5.5061678E-04
   2.6034712E-04   2.6034712E-04   2.6034712E-04   2.6857840E-01   2.6857840E-01
   1.1599596E-03   1.1599596E-03   2.5001339E-01   2.5001339E-01   2.2032948E-01
   4.8354712E-03   4.8354712E-03   4.8354712E-03   4.8354712E-03   1.0946416E-03
   1.0946416E-03   1.0946416E-03   1.0946416E-03   4.2887304E-01   1.6991069E-04
   1.6991069E-04   1.1668232E-03   1.1668232E-03   1.1668232E-03   8.4444483E-02
   8.4444483E-02   1.4492813E-04   1.4492813E-04   2.6721069E-01   2.6721069E-01
   9.9661301E-04   9.2665627E-03   9.2665627E-03   9.9661301E-04   2.4304415E-03
   2.4304415E-03   1.4417876E+00   8.9676000E-03   9.2618073E-04   9.2618073E-04
   1.5533938E+00   1.5533938E+00   1.3440924E-02   1.3440924E-02   1.1990373E-02
   1.1990373E-02   2.1705253E+03

   4.6756742E+03   1.1250384E+03   1.6838946E+07   1.8603975E+00   1.9841914E-05   2.9100589E+03   1.0000000E+00     8 
   3.3920667E-04   3.3920667E-04   1.4838390E-05   1.4838390E-05   1.4838390E-05
   5.1404285E-06   5.1404285E-06   2.0261175E-06   3.5658529E-05   3.5658529E-05
   1.0259844E-06   6.5959056E-06   6.5959056E-06   2.5287511E-03   1.5732794E-05
   1.5732794E-05   9.7711663E-03   9.7711663E-03   2.9532248E-02   2.9532248E-02
   1.5547248E-04   1.5547248E-04   1.5547248E-04   3.9696199E-03   3.9696199E-03
   1.0322573E-01   2.2128806E-01   2.2128806E-01   1.7192501E-03   1.7192501E-03
   1.7192501E-03   1.7192501E-03   4.8678685E-02   4.8678685E-02   7.7721339E-04
   3.3109935E-04   3.3109935E-04   3.3109935E-04   2.7286162E-01   2.7286162E-01
   1.2031981E-03   1.2031981E-03   2.5277920E-01   2.5277920E-01   2.2757512E-01
   4.9318897E-03   4.9318897E-03   4.9318897E-03   4.9318897E-03   1.9326113E-03
   1.9326113E-03   1.9326113E-03   1.9326113E-03   4.3130046E-01   1.9712822E-04
   1.9712822E-04   1.9948036E-03   1.9948036E-03   1.9948036E-03   8.5737027E-02
   8.5737027E-02   1.9243861E-04   1.9243861E-04   2.7665393E-01   2.7665393E-01
   1.0165790E-03   9.4436211E-03   9.4436211E-03   1.0165790E-03   2.4516754E-03
   2.4516754E-03   1.4546820E+00   9.1178291E-03   9.8442293E-04   9.8442293E-04
   1.5774039E+00   1.5774039E+00   1.3615503E-02   1.3615503E-02   1.2070429E-02
   1.2070429E-02   1.2130257E+03

   3.4842997E+03   2.0369425E+03   3.0552823E+07   1.8657246E+00   1.9829456E-05   2.8881725E+03   1.0000000E+00     9 
   2.0401706E-04   2.0401706E-04   1.5343423E-05   1.5343423E-05   1.5343423E-05
   5.4498210E-06   5.4498210E-06   2.2040187E-06   3.7450431E-05   3.7450431E-05
   1.8641299E-06   6.8710919E-06   6.8710919E-06   2.6242098E-03   1.6687535E-05
   1.6687535E-05   1.0094588E-02   1.0094588E-02   3.0203878E-02   3.0203878E-02
   2.6969754E-04   2.6969754E-04   2.6969754E-04   4.0648570E-03   4.0648570E-03
   1.0401384E-01   2.2226034E-01   2.2226034E-01   1.8655732E-03   1.8655732E-03
   1.8655732E-03   1.8655732E-03   5.0055084E-02   5.0055084E-02   1.1512353E-03
   4.5038395E-04   4.5038395E-04   4.5038395E-04   2.7918068E-01   2.7918068E-01
   1.2717140E-03   1.2717140E-03   2.5662764E-01   2.5662764E-01   2.3730930E-01
   5.0599024E-03   5.0599024E-03   5.0599024E-03   5.0599024E-03   3.3698094E-03
   3.3698094E-03   3.3698094E-03   3.3698094E-03   4.3470677E-01   2.4525347E-04
   2.4525347E-04   3.3592356E-03   3.3592356E-03   3.3592356E-03   8.7477863E-02
   8.7477863E-02   2.7686615E-04   2.7686615E-04   2.9047950E-01   2.9047950E-01
   1.0485394E-03   9.7096369E-03   9.7096369E-03   1.0485394E-03   2.4794452E-03
   2.4794452E-03   1.4710645E+00   9.3349928E-03   1.0859334E-03   1.0859334E-03
   1.6094080E+00   1.6094080E+00   1.3887514E-02   1.3887514E-02   1.2174810E-02
   1.2174810E-02   6.7977454E+02

   2.5985463E+03   3.6856973E+03   5.5496119E+07   1.8726938E+00   1.9783461E-05   2.8587913E+03   1.0000000E+00    10 
   1.2560527E-04   1.2560527E-04   1.5696887E-05   1.5696887E-05   1.5696887E-05
   5.8708048E-06   5.8708048E-06   2.4560007E-06   3.9806119E-05   3.9806119E-05
   3.3460253E-06   7.2766790E-06   7.2766790E-06   2.7491272E-03   1.8122811E-05
   1.8122811E-05   1.0512260E-02   1.0512260E-02   3.1037629E-02   3.1037629E-02
   4.6067160E-04   4.6067160E-04   4.6067160E-04   4.1899697E-03   4.1899697E-03
   1.0507304E-01   2.2353338E-01   2.2353338E-01   2.0906841E-03   2.0906841E-03
   2.0906841E-03   2.0906841E-03   5.1854278E-02   5.1854278E-02   1.7326339E-03
   6.4310293E-04   6.4310293E-04   6.4310293E-04   2.8676673E-01   2.8676673E-01
   1.3805449E-03   1.3805449E-03   2.6124804E-01   2.6124804E-01   2.5045826E-01
   5.2313827E-03   5.2313827E-03   5.2313827E-03   5.2313827E-03   5.7253348E-03
   5.7253348E-03   5.7253348E-03   5.7253348E-03   4.3986320E-01   3.3047797E-04
   3.3047797E-04   5.4664606E-03   5.4664606E-03   5.4664606E-03   8.9655490E-02
   8.9655490E-02   4.2603135E-04   4.2603135E-04   3.0847984E-01   3.0847984E-01
   1.1011749E-03   1.0110208E-02   1.0110208E-02   1.1011749E-03   2.5161168E-03
   2.5161168E-03   1.4891955E+00   9.6439206E-03   1.2642256E-03   1.2642256E-03
   1.6485476E+00   1.6485476E+00   1.4322682E-02   1.4322682E-02   1.2309223E-02
   1.2309223E-02   3.8236777E+02

   1.9408575E+03   6.6514057E+03   1.0087043E+08   1.8822690E+00   1.9694583E-05   2.8193933E+03   1.0000000E+00    11 
   8.0349396E-05   8.0349396E-05   1.5823496E-05   1.5823496E-05   1.5823496E-05
   6.4909636E-06   6.4909636E-06   2.9093831E-06   4.3320770E-05   4.3320770E-05
   5.8649972E-06   7.9237867E-06   7.9237867E-06   2.9244987E-03   2.0431238E-05
   2.0431238E-05   1.1088933E-02   1.1088933E-02   3.2134513E-02   3.2134513E-02
   7.6120780E-04   7.6120780E-04   7.6120780E-04   4.3698404E-03   4.3698404E-03
   1.0667296E-01   2.2542648E-01   2.2542648E-01   2.4283402E-03   2.4283402E-03
   2.4283402E-03   2.4283402E-03   5.4309494E-02   5.4309494E-02   2.5596382E-03
   9.3547712E-04   9.3547712E-04   9.3547712E-04   2.9657283E-01   2.9657283E-01
   1.5600781E-03   1.5600781E-03   2.6766961E-01   2.6766961E-01   2.6758582E-01
   5.4747362E-03   5.4747362E-03   5.4747362E-03   5.4747362E-03   9.3353025E-03
   9.3353025E-03   9.3353025E-03   9.3353025E-03   4.4817703E-01   4.8214450E-04
   4.8214450E-04   8.4202677E-03   8.4202677E-03   8.4202677E-03   9.2380660E-02
   9.2380660E-02   6.8754959E-04   6.8754959E-04   3.3272541E-01   3.3272541E-01
   1.1924416E-03   1.0743345E-02   1.0743345E-02   1.1924416E-03   2.5674992E-03
   2.5674992E-03   1.5055314E+00   1.0108324E-02   1.5806422E-03   1.5806422E-03
   1.6978432E+00   1.6978432E+00   1.5045426E-02   1.5045426E-02   1.2493387E-02
   1.2493387E-02   2.1645532E+02

   1.4530208E+03   1.1928893E+04   1.8340066E+08   1.8957601E+00   1.9529857E-05   2.7667114E+03   1.0000000E+00    12 
   5.4401521E-05   5.4401521E-05   1.5705291E-05   1.5705291E-05   1.5705291E-05
   7.4559600E-06   7.4559600E-06   3.7166322E-06   4.8666076E-05   4.8666076E-05
   9.9490470E-06   9.0238368E-06   9.0238368E-06   3.1815657E-03   2.4255479E-05
   2.4255479E-05   1.1896272E-02   1.1896272E-02   3.3606718E-02   3.3606718E-02
   1.1975324E-03   1.1975324E-03   1.1975324E-03   4.6432217E-03   4.6432217E-03
   1.0922211E-01   2.2856951E-01   2.2856951E-01   2.9102704E-03   2.9102704E-03
   2.9102704E-03   2.9102704E-03   5.7727752E-02   5.7727752E-02   3.6095580E-03
   1.3438056E-03   1.3438056E-03   1.3438056E-03   3.0832536E-01   3.0832536E-01
   1.8618171E-03   1.8618171E-03   2.7804901E-01   2.7804901E-01   2.8409143E-01
   5.8335308E-03   5.8335308E-03   5.8335308E-03   5.8335308E-03   1.4392954E-02
   1.4392954E-02   1.4392954E-02   1.4392954E-02   4.6170568E-01   7.5192739E-04
   7.5192739E-04   1.2069783E-02   1.2069783E-02   1.2069783E-02   9.6126248E-02
   9.6126248E-02   1.1390464E-03   1.1390464E-03   3.6529235E-01   3.6529235E-01
   1.3556844E-03   1.1774375E-02   1.1774375E-02   1.3556844E-03   2.6425798E-03
   2.6425798E-03   1.5260209E+00   1.0836893E-02   2.1409177E-03   2.1409177E-03
   1.7604356E+00   1.7604356E+00   1.6268595E-02   1.6268595E-02   1.2758285E-02
   1.2758285E-02   1.2372113E+02

   1.0915123E+03   2.1110481E+04   3.3344042E+08   1.9147175E+00   1.9246988E-05   2.6967212E+03   1.0000000E+00    13 
   3.9777447E-05   3.9777447E-05   1.5463251E-05   1.5463251E-05   1.5463251E-05
   9.0129850E-06   9.0129850E-06   5.2331586E-06   5.7022840E-05   5.7022840E-05
   1.6297713E-05   1.0938082E-05   1.0938082E-05   3.5519491E-03   3.1088616E-05
   3.1088616E-05   1.3040839E-02   1.3040839E-02   3.5544407E-02   3.5544407E-02
   1.7841191E-03   1.7841191E-03   1.7841191E-03   5.0499870E-03   5.0499870E-03
   1.1337577E-01   2.3321105E-01   2.3321105E-01   3.5643190E-03   3.5643190E-03
   3.5643190E-03   3.5643190E-03   6.2486341E-02   6.2486341E-02   4.8072207E-03
   1.8708055E-03   1.8708055E-03   1.8708055E-03   3.2242212E-01   3.2242212E-01
   2.3708068E-03   2.3708068E-03   2.9173649E-01   2.9173649E-01   3.1047511E-01
   6.3704880E-03   6.3704880E-03   6.3704880E-03   6.3704880E-03   2.0842047E-02
   2.0842047E-02   2.0842047E-02   2.0842047E-02   4.8013547E-01   1.2314030E-03
   1.2314030E-03   1.6041537E-02   1.6041537E-02   1.6041537E-02   1.0136140E-01
   1.0136140E-01   1.8938643E-03   1.8938643E-03   4.0890762E-01   4.0890762E-01
   1.6571419E-03   1.3467348E-02   1.3467348E-02   1.6571419E-03   2.7546516E-03
   2.7546516E-03   1.5544925E+00   1.2008195E-02   3.1231312E-03   3.1231312E-03
   1.8358591E+00   1.8358591E+00   1.8358310E-02   1.8358310E-02   1.3146615E-02
   1.3146615E-02   7.1664606E+01

   8.2390322E+02   3.6306050E+04   6.0578738E+08   1.9422445E+00   1.8776366E-05   2.6052265E+03   1.0000000E+00    14 
   3.2683521E-05   3.2683521E-05   1.5734335E-05   1.5734335E-05   1.5734335E-05
   1.1770296E-05   1.1770296E-05   8.4583659E-06   7.1027223E-05   7.1027223E-05
   2.6342617E-05   1.4569127E-05   1.4569127E-05   4.1228869E-03   4.3891920E-05
   4.3891920E-05   1.4798865E-02   1.4798865E-02   3.8214420E-02   3.8214420E-02
   2.5467191E-03   2.5467191E-03   2.5467191E-03   5.6929256E-03   5.6929256E-03
   1.2072797E-01   2.4147118E-01   2.4147118E-01   4.4720374E-03   4.4720374E-03
   4.4720374E-03   4.4720374E-03   6.9190460E-02   6.9190460E-02   6.2276770E-03
   2.5497303E-03   2.5497303E-03   2.5497303E-03   3.4193858E-01   3.4193858E-01
   3.2327557E-03   3.2327557E-03   3.1251747E-01   3.1251747E-01   3.3965837E-01
   7.2213806E-03   7.2213806E-03   7.2213806E-03   7.2213806E-03   2.8735035E-02
   2.8735035E-02   2.8735035E-02   2.8735035E-02   5.0579215E-01   2.0845173E-03
   2.0845173E-03   2.0433787E-02   2.0433787E-02   2.0433787E-02   1.0839224E-01
   1.0839224E-01   3.1080657E-03   3.1080657E-03   4.6637356E-01   4.6637356E-01
   2.2420229E-03   1.6286781E-02   1.6286781E-02   2.2420229E-03   2.9323400E-03
   2.9323400E-03   1.5796393E+00   1.3988738E-02   4.8199255E-03   4.8199255E-03
   1.9246142E+00   1.9246142E+00   2.1988037E-02   2.1988037E-02   1.3745365E-02
   1.3745365E-02   4.2329487E+01

   6.2602163E+02   5.8492817E+04   1.0976257E+09   1.9845700E+00   1.7998913E-05   2.4905748E+03   1.0000000E+00    15 
   3.2559178E-05   3.2559178E-05   1.8126176E-05   1.8126176E-05   1.8126176E-05
   1.7479653E-05   1.7479653E-05   1.6289059E-05   9.7715888E-05   9.7715888E-05
   4.4477006E-05   2.2369891E-05   2.2369891E-05   5.1046892E-03   7.0361105E-05
   7.0361105E-05   1.7743491E-02   1.7743491E-02   4.2567832E-02   4.2567832E-02
   3.6184809E-03   3.6184809E-03   3.6184809E-03   6.7647251E-03   6.7647251E-03
   1.3393282E-01   2.6174143E-01   2.6174143E-01   5.8867764E-03   5.8867764E-03
   5.8867764E-03   5.8867764E-03   7.9156892E-02   7.9156892E-02   8.4955214E-03
   3.5304497E-03   3.5304497E-03   3.5304497E-03   3.6757964E-01   3.6757964E-01
   4.7305278E-03   4.7305278E-03   3.4245308E-01   3.4245308E-01   3.8398464E-01
   8.7038209E-03   8.7038209E-03   8.7038209E-03   8.7038209E-03   3.8825613E-02
   3.8825613E-02   3.8825613E-02   3.8825613E-02   5.4133380E-01   3.6104612E-03
   3.6104612E-03   2.7032506E-02   2.7032506E-02   2.7032506E-02   1.1869879E-01
   1.1869879E-01   4.9740424E-03   4.9740424E-03   5.4149624E-01   5.4149624E-01
   3.4375254E-03   2.0998546E-02   2.0998546E-02   3.4375254E-03   3.2420354E-03
   3.2420354E-03   1.6077242E+00   1.7554219E-02   7.7163618E-03   7.7163618E-03
   2.0306214E+00   2.0306214E+00   2.8331075E-02   2.8331075E-02   1.4739010E-02
   1.4739010E-02   2.5770559E+01

   4.7890745E+02   8.2089236E+04   1.9914092E+09   2.0523961E+00   1.6814392E-05   2.3458450E+03   1.0000000E+00    16 
   4.3870893E-05   4.3870893E-05   2.6952357E-05   2.6952357E-05   2.6952357E-05
   3.1869410E-05   3.1869410E-05   3.8079908E-05   1.5715950E-04   1.5715950E-04
   8.5398687E-05   4.1484473E-05   4.1484473E-05   7.0104434E-03   1.3162403E-04
   1.3162403E-04   2.3303229E-02   2.3303229E-02   5.0330485E-02   5.0330485E-02
   5.4136959E-03   5.4136959E-03   5.4136959E-03   8.7127803E-03   8.7127803E-03
   1.5702386E-01   3.0476723E-01   3.0476723E-01   8.5188442E-03   8.5188442E-03
   8.5188442E-03   8.5188442E-03   9.5114080E-02   9.5114080E-02   1.3744246E-02
   5.2819738E-03   5.2819738E-03   5.2819738E-03   4.0869698E-01   4.0869698E-01
   7.3800864E-03   7.3800864E-03   3.9011174E-01   3.9011174E-01   4.5031644E-01
   1.1563939E-02   1.1563939E-02   1.1563939E-02   1.1563939E-02   5.3756102E-02
   5.3756102E-02   5.3756102E-02   5.3756102E-02   5.8962757E-01   6.3685847E-03
   6.3685847E-03   4.1844037E-02   4.1844037E-02   4.1844037E-02   1.3462269E-01
   1.3462269E-01   7.7327240E-03   7.7327240E-03   6.4296504E-01   6.4296504E-01
   5.9694201E-03   2.8916519E-02   2.8916519E-02   5.9694201E-03   3.8326541E-03
   3.8326541E-03   1.6325591E+00   2.4256785E-02   1.2666391E-02   1.2666391E-02
   2.1677981E+00   2.1677981E+00   3.9444188E-02   3.9444188E-02   1.6506311E-02
   1.6506311E-02   1.6345942E+01

   3.6959393E+02   9.0700389E+04   3.6315609E+09   2.1590312E+00   1.5267601E-05   2.1600962E+03   1.0000000E+00    17 
   8.7974086E-05   8.7974086E-05   5.8041682E-05   5.8041682E-05   5.8041682E-05
   7.5996159E-05   7.5996159E-05   1.1556380E-04   3.1048234E-04   3.1048234E-04
   2.0115608E-04   9.6660516E-05   9.6660516E-05   1.1204758E-02   2.9278578E-04
   2.9278578E-04   3.4781686E-02   3.4781686E-02   6.6536945E-02   6.6536945E-02
   8.9049062E-03   8.9049062E-03   8.9049062E-03   1.2464470E-02   1.2464470E-02
   1.9327243E-01   4.0000224E-01   4.0000224E-01   1.3794946E-02   1.3794946E-02
   1.3794946E-02   1.3794946E-02   1.2229703E-01   1.2229703E-01   2.6607272E-02
   8.6287940E-03   8.6287940E-03   8.6287940E-03   4.7843549E-01   4.7843549E-01
   1.2482459E-02   1.2482459E-02   4.6799295E-01   4.6799295E-01   5.5228174E-01
   1.7445578E-02   1.7445578E-02   1.7445578E-02   1.7445578E-02   7.5485124E-02
   7.5485124E-02   7.5485124E-02   7.5485124E-02   6.5828815E-01   1.1225539E-02
   1.1225539E-02   7.6092641E-02   7.6092641E-02   7.6092641E-02   1.6026949E-01
   1.6026949E-01   1.1878462E-02   1.1878462E-02   7.8692308E-01   7.8692308E-01
   1.1755936E-02   4.2562197E-02   4.2562197E-02   1.1755936E-02   5.0448303E-03
   5.0448303E-03   1.6410400E+00   3.6984018E-02   2.1649721E-02   2.1649721E-02
   2.3670606E+00   2.3670606E+00   5.8665237E-02   5.8665237E-02   1.9768071E-02
   1.9768071E-02   1.0929950E+01

   2.8900439E+02   7.9052323E+04   6.6747743E+09   2.3126674E+00   1.3613899E-05   1.9223545E+03   1.0000000E+00    18 
   2.5437097E-04   2.5437097E-04   1.7878930E-04   1.7878930E-04   1.7878930E-04
   2.2871851E-04   2.2871851E-04   4.3386405E-04   7.6968123E-04   7.6968123E-04
   5.7894526E-04   2.7830367E-04   2.7830367E-04   2.0501561E-02   7.1688821E-04
   7.1688821E-04   5.8910994E-02   5.8910994E-02   1.0476360E-01   1.0476360E-01
   1.6106786E-02   1.6106786E-02   1.6106786E-02   1.9490087E-02   1.9490087E-02
   2.3053439E-01   5.8604430E-01   5.8604430E-01   2.3805825E-02   2.3805825E-02
   2.3805825E-02   2.3805825E-02   1.6965651E-01   1.6965651E-01   5.3851315E-02
   1.4342818E-02   1.4342818E-02   1.4342818E-02   5.8972842E-01   5.8972842E-01
   2.3565419E-02   2.3565419E-02   5.8501378E-01   5.8501378E-01   6.9689977E-01
   2.9428325E-02   2.9428325E-02   2.9428325E-02   2.9428325E-02   9.7365612E-02
   9.7365612E-02   9.7365612E-02   9.7365612E-02   7.5969702E-01   1.9146404E-02
   1.9146404E-02   1.4159525E-01   1.4159525E-01   1.4159525E-01   2.0576379E-01
   2.0576379E-01   1.7707656E-02   1.7707656E-02   9.8462978E-01   9.8462978E-01
   2.5694152E-02   6.8234198E-02   6.8234198E-02   2.5694152E-02   7.7968065E-03
   7.7968065E-03   1.7004023E+00   6.0549246E-02   3.7420733E-02   3.7420733E-02
   2.7073975E+00   2.7073975E+00   9.1463537E-02   9.1463537E-02   2.5988661E-02
   2.5988661E-02   7.7405792E+00

   2.3028591E+02   5.8920016E+04   1.2204120E+10   2.5283629E+00   1.2001310E-05   1.6561071E+03   1.0000000E+00    19 
   1.0473324E-03   1.0473324E-03   7.9503602E-04   7.9503602E-04   7.9503602E-04
   8.5066599E-04   8.5066599E-04   1.8291406E-03   2.5902214E-03   2.5902214E-03
   1.7941808E-03   9.4340775E-04   9.4340775E-04   4.1625205E-02   1.8158390E-03
   1.8158390E-03   1.1583229E-01   1.1583229E-01   2.0335131E-01   2.0335131E-01
   3.2272845E-02   3.2272845E-02   3.2272845E-02   3.1637933E-02   3.1637933E-02
   2.9555589E-01   8.0682240E-01   8.0682240E-01   4.5635708E-02   4.5635708E-02
   4.5635708E-02   4.5635708E-02   2.5878983E-01   2.5878983E-01   9.8385329E-02
   2.6005370E-02   2.6005370E-02   2.6005370E-02   7.7507315E-01   7.7507315E-01
   5.1138713E-02   5.1138713E-02   7.4983913E-01   7.4983913E-01   8.9561485E-01
   5.4969862E-02   5.4969862E-02   5.4969862E-02   5.4969862E-02   1.3950600E-01
   1.3950600E-01   1.3950600E-01   1.3950600E-01   9.3726431E-01   3.2487050E-02
   3.2487050E-02   2.3099200E-01   2.3099200E-01   2.3099200E-01   2.9088773E-01
   2.9088773E-01   2.2423964E-02   2.2423964E-02   1.2483001E+00   1.2483001E+00
   5.4176129E-02   1.1965840E-01   1.1965840E-01   5.4176129E-02   1.4754476E-02
   1.4754476E-02   1.8692967E+00   1.0714521E-01   5.9540122E-02   5.9540122E-02
   3.4038401E+00   3.4038401E+00   1.5261334E-01   1.5261334E-01   3.9125128E-02
   3.9125128E-02   5.8570274E+00

   1.8732298E+02   4.0535675E+04   2.2558788E+10   2.8072781E+00   1.0848395E-05   1.3541399E+03   1.0000000E+00    20 
   5.0568657E-03   5.0568657E-03   4.1774481E-03   4.1774481E-03   4.1774481E-03
   3.4853054E-03   3.4853054E-03   7.8573278E-03   9.1409941E-03   9.1409941E-03
   5.6534900E-03   3.0506706E-03   3.0506706E-03   8.8050001E-02   5.2289571E-03
   5.2289571E-03   2.3638056E-01   2.3638056E-01   3.5964586E-01   3.5964586E-01
   7.1227110E-02   7.1227110E-02   7.1227110E-02   5.1600953E-02   5.1600953E-02
   4.9460828E-01   1.0241201E+00   1.0241201E+00   9.3205881E-02   9.3205881E-02
   9.3205881E-02   9.3205881E-02   4.0297754E-01   4.0297754E-01   1.6356514E-01
   5.1370134E-02   5.1370134E-02   5.1370134E-02   1.0849138E+00   1.0849138E+00
   1.0143297E-01   1.0143297E-01   9.7988110E-01   9.7988110E-01   1.1591652E+00
   1.0701582E-01   1.0701582E-01   1.0701582E-01   1.0701582E-01   2.2883735E-01
   2.2883735E-01   2.2883735E-01   2.2883735E-01   1.2206963E+00   5.0570263E-02
   5.0570263E-02   3.3398193E-01   3.3398193E-01   3.3398193E-01   4.0675080E-01
   4.0675080E-01   3.7832414E-02   3.7832414E-02   1.5808874E+00   1.5808874E+00
   1.0204076E-01   2.0263275E-01   2.0263275E-01   1.0204076E-01   2.9987149E-02
   2.9987149E-02   1.8855462E+00   1.8432481E-01   9.8802696E-02   9.8802696E-02
   4.0904682E+00   4.0904682E+00   2.5437659E-01   2.5437659E-01   6.4817145E-02
   6.4817145E-02   4.6523931E+00

   1.5629712E+02   2.8876410E+04   4.2646154E+10   3.1032329E+00   1.0653136E-05   1.0289587E+03   1.0000000E+00    21 
   1.9101613E-02   1.9101613E-02   1.6924650E-02   1.6924650E-02   1.6924650E-02
   1.0937635E-02   1.0937635E-02   2.7384578E-02   2.6935880E-02   2.6935880E-02
   1.5621800E-02   7.8335909E-03   7.8335909E-03   1.6810964E-01   1.1799059E-02
   1.1799059E-02   4.1769944E-01   4.1769944E-01   5.1605733E-01   5.1605733E-01
   1.4072884E-01   1.4072884E-01   1.4072884E-01   8.6283055E-02   8.6283055E-02
   8.6857935E-01   8.1004546E-01   8.1004546E-01   1.5960437E-01   1.5960437E-01
   1.5960437E-01   1.5960437E-01   5.5311312E-01   5.5311312E-01   3.0053777E-01
   8.3499804E-02   8.3499804E-02   8.3499804E-02   1.4718617E+00   1.4718617E+00
   1.6807452E-01   1.6807452E-01   1.2757479E+00   1.2757479E+00   1.3022009E+00
   1.8670286E-01   1.8670286E-01   1.8670286E-01   1.8670286E-01   1.8153267E-01
   1.8153267E-01   1.8153267E-01   1.8153267E-01   1.3971491E+00   6.6807720E-02
   6.6807720E-02   5.5706225E-01   5.5706225E-01   5.5706225E-01   5.2909969E-01
   5.2909969E-01   7.4673980E-02   7.4673980E-02   1.9125674E+00   1.9125674E+00
   1.6689722E-01   3.1431469E-01   3.1431469E-01   1.6689722E-01   5.7283449E-02
   5.7283449E-02   1.8382122E+00   2.8221455E-01   1.5794619E-01   1.5794619E-01
   3.5574752E+00   3.5574752E+00   3.7919836E-01   3.7919836E-01   1.0783060E-01
   1.0783060E-01   3.7515286E+00

   1.3525275E+02   3.0142221E+04   8.0502317E+10   3.4279018E+00   1.1088344E-05   7.2792964E+02   1.0000000E+00    22 
   6.2794006E-02   6.2794006E-02   5.8871061E-02   5.8871061E-02   5.8871061E-02
   3.4433720E-02   3.4433720E-02   8.0164799E-02   6.2810956E-02   6.2810956E-02
   3.8069181E-02   2.4826581E-02   2.4826581E-02   2.6875689E-01   2.9982730E-02
   2.9982730E-02   6.1300126E-01   6.1300126E-01   5.6085935E-01   5.6085935E-01
   2.5472913E-01   2.5472913E-01   2.5472913E-01   1.6434094E-01   1.6434094E-01
   8.5262559E-01   1.4336858E+00   1.4336858E+00   2.9427971E-01   2.9427971E-01
   2.9427971E-01   2.9427971E-01   7.1715856E-01   7.1715856E-01   4.4961485E-01
   1.6734530E-01   1.6734530E-01   1.6734530E-01   1.8324357E+00   1.8324357E+00
   2.1230344E-01   2.1230344E-01   1.6844601E+00   1.6844601E+00   1.8772233E+00
   3.1449492E-01   3.1449492E-01   3.1449492E-01   3.1449492E-01   4.2036290E-01
   4.2036290E-01   4.2036290E-01   4.2036290E-01   1.4468690E+00   1.1802865E-01
   1.1802865E-01   7.4492026E-01   7.4492026E-01   7.4492026E-01   6.4765260E-01
   6.4765260E-01   1.6081071E-01   1.6081071E-01   2.1532642E+00   2.1532642E+00
   2.4416017E-01   4.1028712E-01   4.1028712E-01   2.4416017E-01   8.4983099E-02
   8.4983099E-02   1.6652767E+00   3.6469387E-01   2.2459748E-01   2.2459748E-01
   3.5616407E+00   3.5616407E+00   5.2053231E-01   5.2053231E-01   1.5798676E-01
   1.5798676E-01   3.1654735E+00

   1.2356812E+02   3.4163325E+04   1.3634361E+11   3.6397230E+00   1.3144506E-05   5.1492786E+02   1.0000000E+00    23 
   1.2026741E-01   1.2026741E-01   1.0872676E-01   1.0872676E-01   1.0872676E-01
   5.9518912E-02   5.9518912E-02   1.2750427E-01   9.3306552E-02   9.3306552E-02
   6.6890067E-02   3.9610772E-02   3.9610772E-02   3.4041297E-01   4.3479874E-02
   4.3479874E-02   8.1877574E-01   8.1877574E-01   4.2589690E-01   4.2589690E-01
   3.2870400E-01   3.2870400E-01   3.2870400E-01   2.0350665E-01   2.0350665E-01
   9.4766383E-01   1.4260196E+00   1.4260196E+00   3.9746382E-01   3.9746382E-01
   3.9746382E-01   3.9746382E-01   8.5398983E-01   8.5398983E-01   5.8120194E-01
   2.3551164E-01   2.3551164E-01   2.3551164E-01   2.5971629E+00   2.5971629E+00
   2.0238729E-01   2.0238729E-01   1.4307464E+00   1.4307464E+00   2.1997714E+00
   4.1140156E-01   4.1140156E-01   4.1140156E-01   4.1140156E-01   5.7605320E-01
   5.7605320E-01   5.7605320E-01   5.7605320E-01   1.4611081E+00   1.9066189E-01
   1.9066189E-01   9.2698700E-01   9.2698700E-01   9.2698700E-01   7.5440045E-01
   7.5440045E-01   2.0407462E-01   2.0407462E-01   2.5441571E+00   2.5441571E+00
   3.0535482E-01   5.4227673E-01   5.4227673E-01   3.0535482E-01   9.5478287E-02
   9.5478287E-02   1.4885185E+00   4.4421611E-01   2.3960411E-01   2.3960411E-01
   3.7382966E+00   3.7382966E+00   6.5882500E-01   6.5882500E-01   2.1133368E-01
   2.1133368E-01   2.7714785E+00

   1.1645889E+02   5.0361588E+04   2.1691488E+11   3.7978819E+00   1.5492554E-05   3.6438532E+02   1.0000000E+00    24 
   1.7436176E-01   1.7436176E-01   1.6047115E-01   1.6047115E-01   1.6047115E-01
   9.1534276E-02   9.1534276E-02   1.7881443E-01   1.1515226E-01   1.1515226E-01
   9.4458143E-02   5.4893322E-02   5.4893322E-02   3.7500824E-01   5.8576693E-02
   5.8576693E-02   9.1730751E-01   9.1730751E-01   2.8747345E-01   2.8747345E-01
   3.7665818E-01   3.7665818E-01   3.7665818E-01   2.5204064E-01   2.5204064E-01
   9.6365344E-01   1.7967911E+00   1.7967911E+00   4.7686977E-01   4.7686977E-01
   4.7686977E-01   4.7686977E-01   8.9980707E-01   8.9980707E-01   7.2405508E-01
   2.9556156E-01   2.9556156E-01   2.9556156E-01   2.9636585E+00   2.9636585E+00
   1.7881725E-01   1.7881725E-01   1.4092411E+00   1.4092411E+00   1.7751368E+00
   4.9358577E-01   4.9358577E-01   4.9358577E-01   4.9358577E-01   6.8135744E-01
   6.8135744E-01   6.8135744E-01   6.8135744E-01   1.3188885E+00   1.9834842E-01
   1.9834842E-01   1.1533831E+00   1.1533831E+00   1.1533831E+00   8.2870550E-01
   8.2870550E-01   2.4896578E-01   2.4896578E-01   2.5164335E+00   2.5164335E+00
   3.7257076E-01   6.0689703E-01   6.0689703E-01   3.7257076E-01   9.6448401E-02
   9.6448401E-02   1.3434668E+00   4.7064369E-01   2.4318404E-01   2.4318404E-01
   3.5895920E+00   3.5895920E+00   7.5658086E-01   7.5658086E-01   2.4877671E-01
   2.4877671E-01   2.5077178E+00

   1.1191196E+02   7.9632423E+04   3.3092522E+11   3.9319166E+00   1.9218909E-05   2.5864938E+02   1.0000000E+00    25 
   2.4093587E-01   2.4093587E-01   2.2229102E-01   2.2229102E-01   2.2229102E-01
   1.2381642E-01   1.2381642E-01   2.3468043E-01   1.4233047E-01   1.4233047E-01
   1.2324292E-01   7.5880860E-02   7.5880860E-02   4.5659337E-01   7.4228330E-02
   7.4228330E-02   9.7013461E-01   9.7013461E-01   2.5538679E-01   2.5538679E-01
   4.2698005E-01   4.2698005E-01   4.2698005E-01   2.9428052E-01   2.9428052E-01
   9.3723840E-01   2.0738890E+00   2.0738890E+00   5.4065294E-01   5.4065294E-01
   5.4065294E-01   5.4065294E-01   9.4487673E-01   9.4487673E-01   8.0635666E-01
   3.4312326E-01   3.4312326E-01   3.4312326E-01   2.9649480E+00   2.9649480E+00
   1.8256206E-01   1.8256206E-01   1.4189739E+00   1.4189739E+00   1.6096292E+00
   5.6697573E-01   5.6697573E-01   5.6697573E-01   5.6697573E-01   7.1805446E-01
   7.1805446E-01   7.1805446E-01   7.1805446E-01   1.2700300E+00   1.8255530E-01
   1.8255530E-01   1.2613321E+00   1.2613321E+00   1.2613321E+00   9.0828868E-01
   9.0828868E-01   2.5936910E-01   2.5936910E-01   2.4706064E+00   2.4706064E+00
   4.1059219E-01   6.4887356E-01   6.4887356E-01   4.1059219E-01   1.0642554E-01
   1.0642554E-01   1.4177517E+00   5.2250995E-01   2.8040571E-01   2.8040571E-01
   3.4466778E+00   3.4466778E+00   8.0589056E-01   8.0589056E-01   2.8423626E-01
   2.8423626E-01   2.3304009E+00

   1.0890312E+02   1.3642487E+05   4.9287427E+11   4.0198827E+00   2.5334515E-05   1.8338929E+02   1.0000000E+00    26 
   2.9874959E-01   2.9874959E-01   2.6651224E-01   2.6651224E-01   2.6651224E-01
   1.4059655E-01   1.4059655E-01   2.7497440E-01   1.6057916E-01   1.6057916E-01
   1.4646786E-01   9.2553943E-02   9.2553943E-02   5.4471550E-01   8.8743107E-02
   8.8743107E-02   9.7363626E-01   9.7363626E-01   2.2583798E-01   2.2583798E-01
   4.5377293E-01   4.5377293E-01   4.5377293E-01   3.1652318E-01   3.1652318E-01
   9.0737422E-01   2.2591921E+00   2.2591921E+00   5.7243766E-01   5.7243766E-01
   5.7243766E-01   5.7243766E-01   9.7846624E-01   9.7846624E-01   8.2255383E-01
   3.6782213E-01   3.6782213E-01   3.6782213E-01   2.7459122E+00   2.7459122E+00
   1.8094827E-01   1.8094827E-01   1.4337172E+00   1.4337172E+00   1.5079068E+00
   6.0972774E-01   6.0972774E-01   6.0972774E-01   6.0972774E-01   6.9968159E-01
   6.9968159E-01   6.9968159E-01   6.9968159E-01   1.2805250E+00   1.8769631E-01
   1.8769631E-01   1.2633198E+00   1.2633198E+00   1.2633198E+00   9.7317386E-01
   9.7317386E-01   2.5714187E-01   2.5714187E-01   2.4949164E+00   2.4949164E+00
   4.3699048E-01   6.5526800E-01   6.5526800E-01   4.3699048E-01   1.1313742E-01
   1.1313742E-01   1.6517541E+00   6.0322343E-01   3.2571351E-01   3.2571351E-01
   3.4868197E+00   3.4868197E+00   8.2900660E-01   8.2900660E-01   3.0772541E-01
   3.0772541E-01   2.1853198E+00

   1.0686730E+02   2.5965471E+05   7.2115837E+11   4.0754363E+00   3.3984814E-05   1.3015632E+02   1.0000000E+00    27 
   3.3684567E-01   3.3684567E-01   2.9329496E-01   2.9329496E-01   2.9329496E-01
   1.4710213E-01   1.4710213E-01   2.9448575E-01   1.6990691E-01   1.6990691E-01
   1.6303724E-01   9.9015378E-02   9.9015378E-02   5.8123482E-01   9.7698922E-02
   9.7698922E-02   9.6780709E-01   9.6780709E-01   2.0424587E-01   2.0424587E-01
   4.7628216E-01   4.7628216E-01   4.7628216E-01   3.2880698E-01   3.2880698E-01
   8.9468031E-01   2.3426794E+00   2.3426794E+00   5.8304208E-01   5.8304208E-01
   5.8304208E-01   5.8304208E-01   9.9731569E-01   9.9731569E-01   8.2260533E-01
   3.7692994E-01   3.7692994E-01   3.7692994E-01   2.5691082E+00   2.5691082E+00
   1.7991141E-01   1.7991141E-01   1.5140908E+00   1.5140908E+00   1.4418538E+00
   6.3146897E-01   6.3146897E-01   6.3146897E-01   6.3146897E-01   5.9877431E-01
   5.9877431E-01   5.9877431E-01   5.9877431E-01   1.2890526E+00   1.9424527E-01
   1.9424527E-01   1.2436869E+00   1.2436869E+00   1.2436869E+00   1.0252182E+00
   1.0252182E+00   2.7421140E-01   2.7421140E-01   2.5460781E+00   2.5460781E+00
   4.5243310E-01   6.6093824E-01   6.6093824E-01   4.5243310E-01   1.1960832E-01
   1.1960832E-01   1.9877967E+00   6.5053741E-01   3.5896950E-01   3.5896950E-01
   3.5172061E+00   3.5172061E+00   8.6587989E-01   8.6587989E-01   3.3180412E-01
   3.3180412E-01   2.0645197E+00

   1.0545841E+02   5.3072890E+05   1.0448504E+12   4.1113438E+00   4.6625554E-05   9.2249065E+01   1.0000000E+00    28 
   3.6429719E-01   3.6429719E-01   3.1007568E-01   3.1007568E-01   3.1007568E-01
   1.4707317E-01   1.4707317E-01   2.9992368E-01   1.7324095E-01   1.7324095E-01
   1.6995231E-01   9.8934188E-02   9.8934188E-02   5.8294371E-01   1.0014070E-01
   1.0014070E-01   9.4887661E-01   9.4887661E-01   2.0512205E-01   2.0512205E-01
   4.9674695E-01   4.9674695E-01   4.9674695E-01   3.3484758E-01   3.3484758E-01
   8.8462116E-01   2.3892910E+00   2.3892910E+00   5.8558889E-01   5.8558889E-01
   5.8558889E-01   5.8558889E-01   9.9980438E-01   9.9980438E-01   8.1881089E-01
   3.8140072E-01   3.8140072E-01   3.8140072E-01   2.3972239E+00   2.3972239E+00
   1.8733425E-01   1.8733425E-01   1.6212647E+00   1.6212647E+00   1.4088384E+00
   6.4255329E-01   6.4255329E-01   6.4255329E-01   6.4255329E-01   4.8404793E-01
   4.8404793E-01   4.8404793E-01   4.8404793E-01   1.2998302E+00   1.9348452E-01
   1.9348452E-01   1.2221013E+00   1.2221013E+00   1.2221013E+00   1.0596873E+00
   1.0596873E+00   2.7773896E-01   2.7773896E-01   2.5702621E+00   2.5702621E+00
   4.6290788E-01   6.6790501E-01   6.6790501E-01   4.6290788E-01   1.3043282E-01
   1.3043282E-01   2.2592202E+00   6.7081837E-01   3.7876468E-01   3.7876468E-01
   3.4549982E+00   3.4549982E+00   9.0926441E-01   9.0926441E-01   3.6035952E-01
   3.6035952E-01   1.9627561E+00

   1.0447983E+02   1.1183729E+06   1.5062157E+12   4.1367293E+00   6.5784823E-05   6.5195373E+01   1.0000000E+00    29 
   3.9278689E-01   3.9278689E-01   3.2329678E-01   3.2329678E-01   3.2329678E-01
   1.4304803E-01   1.4304803E-01   3.0202858E-01   1.6973474E-01   1.6973474E-01
   1.6951684E-01   9.5305776E-02   9.5305776E-02   5.7711268E-01   9.8720599E-02
   9.8720599E-02   9.2638773E-01   9.2638773E-01   2.1635153E-01   2.1635153E-01
   5.1053975E-01   5.1053975E-01   5.1053975E-01   3.3778980E-01   3.3778980E-01
   8.8411300E-01   2.4138968E+00   2.4138968E+00   5.8669066E-01   5.8669066E-01
   5.8669066E-01   5.8669066E-01   9.9471885E-01   9.9471885E-01   8.1494858E-01
   3.8636561E-01   3.8636561E-01   3.8636561E-01   2.2567308E+00   2.2567308E+00
   1.9944949E-01   1.9944949E-01   1.7348104E+00   1.7348104E+00   1.4338304E+00
   6.4885237E-01   6.4885237E-01   6.4885237E-01   6.4885237E-01   4.0570429E-01
   4.0570429E-01   4.0570429E-01   4.0570429E-01   1.3241762E+00   1.8940019E-01
   1.8940019E-01   1.2059996E+00   1.2059996E+00   1.2059996E+00   1.0867090E+00
   1.0867090E+00   2.6266390E-01   2.6266390E-01   2.5708232E+00   2.5708232E+00
   4.7462194E-01   6.8029367E-01   6.8029367E-01   4.7462194E-01   1.4436719E-01
   1.4436719E-01   2.4229432E+00   6.8404737E-01   3.8892980E-01   3.8892980E-01
   3.2852437E+00   3.2852437E+00   9.5374313E-01   9.5374313E-01   3.9544543E-01
   3.9544543E-01   1.8773379E+00

   1.0379966E+02   2.3303061E+06   2.1565909E+12   4.1586923E+00   9.3911453E-05   4.6131403E+01   1.0000000E+00    30 
   4.2616431E-01   4.2616431E-01   3.3824880E-01   3.3824880E-01   3.3824880E-01
   1.3852984E-01   1.3852984E-01   3.0628266E-01   1.6415022E-01   1.6415022E-01
   1.6681543E-01   9.1302861E-02   9.1302861E-02   5.7545812E-01   9.6778272E-02
   9.6778272E-02   9.0699850E-01   9.0699850E-01   2.3546640E-01   2.3546640E-01
   5.2030552E-01   5.2030552E-01   5.2030552E-01   3.3987645E-01   3.3987645E-01
   8.9701930E-01   2.4316604E+00   2.4316604E+00   5.9010277E-01   5.9010277E-01
   5.9010277E-01   5.9010277E-01   9.8565211E-01   9.8565211E-01   8.1626444E-01
   3.9418579E-01   3.9418579E-01   3.9418579E-01   2.1527948E+00   2.1527948E+00
   2.1574019E-01   2.1574019E-01   1.8159747E+00   1.8159747E+00   1.5037977E+00
   6.5474200E-01   6.5474200E-01   6.5474200E-01   6.5474200E-01   3.6734692E-01
   3.6734692E-01   3.6734692E-01   3.6734692E-01   1.3506032E+00   1.8690140E-01
   1.8690140E-01   1.2020784E+00   1.2020784E+00   1.2020784E+00   1.1083744E+00
   1.1083744E+00   2.4369024E-01   2.4369024E-01   2.5143984E+00   2.5143984E+00
   4.8877964E-01   6.9875809E-01   6.9875809E-01   4.8877964E-01   1.6179125E-01
   1.6179125E-01   2.4954286E+00   7.0179183E-01   3.9581150E-01   3.9581150E-01
   3.0558437E+00   3.0558437E+00   9.9193482E-01   9.9193482E-01   4.3790787E-01
   4.3790787E-01   1.8058811E+00

   1.0333957E+02   4.7230431E+06   3.0138127E+12   4.1647579E+00   1.3290877E-04   3.3303524E+01   1.0000000E+00    31 
   4.4417282E-01   4.4417282E-01   3.4064879E-01   3.4064879E-01   3.4064879E-01
   1.2883389E-01   1.2883389E-01   3.0221531E-01   1.5194771E-01   1.5194771E-01
   1.5803178E-01   8.4681314E-02   8.4681314E-02   5.6539317E-01   9.2145192E-02
   9.2145192E-02   8.7348232E-01   8.7348232E-01   2.5860221E-01   2.5860221E-01
   5.1884821E-01   5.1884821E-01   5.1884821E-01   3.3558329E-01   3.3558329E-01
   9.1724194E-01   2.4157590E+00   2.4157590E+00   5.8531995E-01   5.8531995E-01
   5.8531995E-01   5.8531995E-01   9.6245932E-01   9.6245932E-01   8.0855052E-01
   3.9714170E-01   3.9714170E-01   3.9714170E-01   2.0431861E+00   2.0431861E+00
   2.3361774E-01   2.3361774E-01   1.8402318E+00   1.8402318E+00   1.5871024E+00
   6.5106104E-01   6.5106104E-01   6.5106104E-01   6.5106104E-01   3.4416136E-01
   3.4416136E-01   3.4416136E-01   3.4416136E-01   1.3606745E+00   1.8319603E-01
   1.8319603E-01   1.1901625E+00   1.1901625E+00   1.1901625E+00   1.1134986E+00
   1.1134986E+00   2.2132137E-01   2.2132137E-01   2.3872110E+00   2.3872110E+00
   4.9885851E-01   7.1239332E-01   7.1239332E-01   4.9885851E-01   1.8133108E-01
   1.8133108E-01   2.5019077E+00   7.1421830E-01   3.9811636E-01   3.9811636E-01
   2.7616002E+00   2.7616002E+00   1.0089750E+00   1.0089750E+00   4.8079277E-01
   4.8079277E-01   1.7391528E+00

   1.0311115E+02   1.0794466E+07   4.3404685E+12   4.1308309E+00   1.9734207E-04   2.3225478E+01   1.0000000E+00    32 
   4.0910591E-01   4.0910591E-01   3.0726259E-01   3.0726259E-01   3.0726259E-01
   1.0869479E-01   1.0869479E-01   2.7499958E-01   1.2832891E-01   1.2832891E-01
   1.3704732E-01   7.2819727E-02   7.2819727E-02   5.2738371E-01   8.2020918E-02
   8.2020918E-02   8.0650680E-01   8.0650680E-01   2.7486493E-01   2.7486493E-01
   4.9257624E-01   4.9257624E-01   4.9257624E-01   3.1660493E-01   3.1660493E-01
   9.3006514E-01   2.3092037E+00   2.3092037E+00   5.5759489E-01   5.5759489E-01
   5.5759489E-01   5.5759489E-01   9.0974638E-01   9.0974638E-01   7.7151577E-01
   3.8434523E-01   3.8434523E-01   3.8434523E-01   1.9205818E+00   1.9205818E+00
   2.4700065E-01   2.4700065E-01   1.7604228E+00   1.7604228E+00   1.6545996E+00
   6.2336549E-01   6.2336549E-01   6.2336549E-01   6.2336549E-01   3.2678317E-01
   3.2678317E-01   3.2678317E-01   3.2678317E-01   1.3362230E+00   1.7483154E-01
   1.7483154E-01   1.1431968E+00   1.1431968E+00   1.1431968E+00   1.0853977E+00
   1.0853977E+00   1.9555034E-01   1.9555034E-01   2.1543087E+00   2.1543087E+00
   4.9531506E-01   7.1218674E-01   7.1218674E-01   4.9531506E-01   1.9987419E-01
   1.9987419E-01   2.4091804E+00   7.1100891E-01   3.9081918E-01   3.9081918E-01
   2.3682921E+00   2.3682921E+00   9.9070586E-01   9.9070586E-01   5.1926099E-01
   5.1926099E-01   1.6740841E+00

   1.0303449E+02   2.2764104E+07   6.1655873E+12   4.1001680E+00   2.8429733E-04   1.6373496E+01   1.0000000E+00    33 
   3.7218642E-01   3.7218642E-01   2.8127001E-01   2.8127001E-01   2.8127001E-01
   9.6487297E-02   9.6487297E-02   2.5361730E-01   1.1432005E-01   1.1432005E-01
   1.2442099E-01   6.5905164E-02   6.5905164E-02   4.9873796E-01   7.5760652E-02
   7.5760652E-02   7.5760408E-01   7.5760408E-01   2.8523603E-01   2.8523603E-01
   4.7549717E-01   4.7549717E-01   4.7549717E-01   3.0228152E-01   3.0228152E-01
   9.3205175E-01   2.2130173E+00   2.2130173E+00   5.3821266E-01   5.3821266E-01
   5.3821266E-01   5.3821266E-01   8.7173815E-01   8.7173815E-01   7.4800550E-01
   3.7618198E-01   3.7618198E-01   3.7618198E-01   1.8394537E+00   1.8394537E+00
   2.5835454E-01   2.5835454E-01   1.6616632E+00   1.6616632E+00   1.6689832E+00
   6.0256080E-01   6.0256080E-01   6.0256080E-01   6.0256080E-01   3.2265340E-01
   3.2265340E-01   3.2265340E-01   3.2265340E-01   1.2987081E+00   1.7021420E-01
   1.7021420E-01   1.1142560E+00   1.1142560E+00   1.1142560E+00   1.0634334E+00
   1.0634334E+00   1.8309918E-01   1.8309918E-01   1.9676876E+00   1.9676876E+00
   4.8847256E-01   7.1416732E-01   7.1416732E-01   4.8847256E-01   2.1827577E-01
   2.1827577E-01   2.2769843E+00   7.2311903E-01   3.8587653E-01   3.8587653E-01
   2.1010004E+00   2.1010004E+00   9.7849304E-01   9.7849304E-01   5.5955016E-01
   5.5955016E-01   1.6325527E+00

   1.0299255E+02   4.3897050E+07   8.5204921E+12   4.0740833E+00   3.9421528E-04   1.1856899E+01   1.0000000E+00    34 
   3.3922950E-01   3.3922950E-01   2.6099080E-01   2.6099080E-01   2.6099080E-01
   8.8181772E-02   8.8181772E-02   2.3608734E-01   1.0518701E-01   1.0518701E-01
   1.1602399E-01   6.1358586E-02   6.1358586E-02   4.7497837E-01   7.1530846E-02
   7.1530846E-02   7.1718916E-01   7.1718916E-01   2.9968486E-01   2.9968486E-01
   4.6418090E-01   4.6418090E-01   4.6418090E-01   2.9114971E-01   2.9114971E-01
   9.2600717E-01   2.1266510E+00   2.1266510E+00   5.2393902E-01   5.2393902E-01
   5.2393902E-01   5.2393902E-01   8.4270453E-01   8.4270453E-01   7.3230885E-01
   3.7151144E-01   3.7151144E-01   3.7151144E-01   1.7632851E+00   1.7632851E+00
   2.7304892E-01   2.7304892E-01   1.5639083E+00   1.5639083E+00   1.6514732E+00
   5.8639682E-01   5.8639682E-01   5.8639682E-01   5.8639682E-01   3.2290799E-01
   3.2290799E-01   3.2290799E-01   3.2290799E-01   1.2543493E+00   1.6794351E-01
   1.6794351E-01   1.0953453E+00   1.0953453E+00   1.0953453E+00   1.0453802E+00
   1.0453802E+00   1.7612330E-01   1.7612330E-01   1.8135535E+00   1.8135535E+00
   4.8121695E-01   7.1754866E-01   7.1754866E-01   4.8121695E-01   2.4050284E-01
   2.4050284E-01   2.1339304E+00   7.4158235E-01   3.8286187E-01   3.8286187E-01
   1.8944769E+00   1.8944769E+00   9.6948618E-01   9.6948618E-01   6.0112096E-01
   6.0112096E-01   1.5976463E+00

   1.0296080E+02   8.7315862E+07   1.2172607E+13   4.0502574E+00   5.5842315E-04   8.3038406E+00   1.0000000E+00    35 
   3.0693453E-01   3.0693453E-01   2.4346212E-01   2.4346212E-01   2.4346212E-01
   8.2184084E-02   8.2184084E-02   2.1992537E-01   9.9180111E-02   9.9180111E-02
   1.1011128E-01   5.8286152E-02   5.8286152E-02   4.5221612E-01   6.8666027E-02
   6.8666027E-02   6.7776280E-01   6.7776280E-01   3.2640354E-01   3.2640354E-01
   4.5685514E-01   4.5685514E-01   4.5685514E-01   2.8204801E-01   2.8204801E-01
   9.0963924E-01   2.0368303E+00   2.0368303E+00   5.1277424E-01   5.1277424E-01
   5.1277424E-01   5.1277424E-01   8.1746359E-01   8.1746359E-01   7.2205775E-01
   3.7013662E-01   3.7013662E-01   3.7013662E-01   1.6703487E+00   1.6703487E+00
   2.9718719E-01   2.9718719E-01   1.4574529E+00   1.4574529E+00   1.5956150E+00
   5.7280345E-01   5.7280345E-01   5.7280345E-01   5.7280345E-01   3.2743640E-01
   3.2743640E-01   3.2743640E-01   3.2743640E-01   1.1962720E+00   1.6822003E-01
   1.6822003E-01   1.0833995E+00   1.0833995E+00   1.0833995E+00   1.0265544E+00
   1.0265544E+00   1.7294105E-01   1.7294105E-01   1.6554440E+00   1.6554440E+00
   4.7343162E-01   7.2325656E-01   7.2325656E-01   4.7343162E-01   2.7354022E-01
   2.7354022E-01   1.9620707E+00   7.6902147E-01   3.8195312E-01   3.8195312E-01
   1.7083501E+00   1.7083501E+00   9.6394676E-01   9.6394676E-01   6.5170684E-01
   6.5170684E-01   1.5607599E+00

   1.0292345E+02   1.6573593E+08   1.7206312E+13   4.0269935E+00   7.6227677E-04   5.8782133E+00   1.0000000E+00    36 
   2.6996622E-01   2.6996622E-01   2.2348265E-01   2.2348265E-01   2.2348265E-01
   7.9045291E-02   7.9045291E-02   2.0310394E-01   9.7251550E-02   9.7251550E-02
   1.0522065E-01   5.7228670E-02   5.7228670E-02   4.2686433E-01   6.7950153E-02
   6.7950153E-02   6.3195743E-01   6.3195743E-01   3.8165868E-01   3.8165868E-01
   4.4899731E-01   4.4899731E-01   4.4899731E-01   2.7517189E-01   2.7517189E-01
   8.7601737E-01   1.9212755E+00   1.9212755E+00   5.0155238E-01   5.0155238E-01
   5.0155238E-01   5.0155238E-01   7.8376795E-01   7.8376795E-01   7.0968374E-01
   3.7029477E-01   3.7029477E-01   3.7029477E-01   1.5207303E+00   1.5207303E+00
   3.3775316E-01   3.3775316E-01   1.3132521E+00   1.3132521E+00   1.4720928E+00
   5.5969231E-01   5.5969231E-01   5.5969231E-01   5.5969231E-01   3.3862919E-01
   3.3862919E-01   3.3862919E-01   3.3862919E-01   1.1020249E+00   1.7516611E-01
   1.7516611E-01   1.0663441E+00   1.0663441E+00   1.0663441E+00   9.8014190E-01
   9.8014190E-01   1.7647454E-01   1.7647454E-01   1.4444056E+00   1.4444056E+00
   4.6556325E-01   7.1807917E-01   7.1807917E-01   4.6556325E-01   3.1853691E-01
   3.1853691E-01   1.7513278E+00   7.8497839E-01   3.8574330E-01   3.8574330E-01
   1.5170382E+00   1.5170382E+00   9.4262659E-01   9.4262659E-01   6.9260112E-01
   6.9260112E-01   1.5158192E+00

   1.0287946E+02   3.0049549E+08   2.4301188E+13   4.0169257E+00   9.9286467E-04   4.1651427E+00   1.0000000E+00    37 
   2.3699586E-01   2.3699586E-01   2.0708230E-01   2.0708230E-01   2.0708230E-01
   8.2991317E-02   8.2991317E-02   1.9117296E-01   1.0367926E-01   1.0367926E-01
   1.0478350E-01   6.0860917E-02   6.0860917E-02   4.0712952E-01   7.2271563E-02
   7.2271563E-02   5.8537801E-01   5.8537801E-01   4.5206978E-01   4.5206978E-01
   4.4617539E-01   4.4617539E-01   4.4617539E-01   2.7659666E-01   2.7659666E-01
   8.2611628E-01   1.7893892E+00   1.7893892E+00   4.9692639E-01   4.9692639E-01
   4.9692639E-01   4.9692639E-01   7.4230225E-01   7.4230225E-01   7.0170515E-01
   3.7707261E-01   3.7707261E-01   3.7707261E-01   1.3141509E+00   1.3141509E+00
   3.8724366E-01   3.8724366E-01   1.1412137E+00   1.1412137E+00   1.2917120E+00
   5.5387909E-01   5.5387909E-01   5.5387909E-01   5.5387909E-01   3.6499831E-01
   3.6499831E-01   3.6499831E-01   3.6499831E-01   9.7497657E-01   1.9597293E-01
   1.9597293E-01   1.0502224E+00   1.0502224E+00   1.0502224E+00   9.0370776E-01
   9.0370776E-01   1.9401351E-01   1.9401351E-01   1.2017731E+00   1.2017731E+00
   4.6211695E-01   6.9499656E-01   6.9499656E-01   4.6211695E-01   3.6788727E-01
   3.6788727E-01   1.5124479E+00   7.8695062E-01   4.0035741E-01   4.0035741E-01
   1.3269159E+00   1.3269159E+00   9.0401825E-01   9.0401825E-01   7.1502286E-01
   7.1502286E-01   1.4656363E+00

   1.0282819E+02   5.0693211E+08   3.4304587E+13   4.0320141E+00   1.2164345E-03   2.9531994E+00   1.0000000E+00    38 
   2.1406862E-01   2.1406862E-01   1.9798776E-01   1.9798776E-01   1.9798776E-01
   9.6937456E-02   9.6937456E-02   1.8879564E-01   1.2038924E-01   1.2038924E-01
   1.1274171E-01   7.1649841E-02   7.1649841E-02   4.0275572E-01   8.4109743E-02
   8.4109743E-02   5.4588305E-01   5.4588305E-01   5.1166916E-01   5.1166916E-01
   4.5406138E-01   4.5406138E-01   4.5406138E-01   2.9127878E-01   2.9127878E-01
   7.7065150E-01   1.6627327E+00   1.6627327E+00   5.0497979E-01   5.0497979E-01
   5.0497979E-01   5.0497979E-01   6.9735424E-01   6.9735424E-01   7.0623566E-01
   3.9596854E-01   3.9596854E-01   3.9596854E-01   1.0839648E+00   1.0839648E+00
   4.3075052E-01   4.3075052E-01   9.6594054E-01   9.6594054E-01   1.1027659E+00
   5.6119610E-01   5.6119610E-01   5.6119610E-01   5.6119610E-01   4.1202466E-01
   4.1202466E-01   4.1202466E-01   4.1202466E-01   8.3779295E-01   2.3670484E-01
   2.3670484E-01   1.0447503E+00   1.0447503E+00   1.0447503E+00   8.1017144E-01
   8.1017144E-01   2.3210974E-01   2.3210974E-01   9.7107710E-01   9.7107710E-01
   4.6829066E-01   6.5482423E-01   6.5482423E-01   4.6829066E-01   4.0949742E-01
   4.0949742E-01   1.2754730E+00   7.7577704E-01   4.3016693E-01   4.3016693E-01
   1.1481109E+00   1.1481109E+00   8.5073088E-01   8.5073088E-01   7.1446072E-01
   7.1446072E-01   1.4115617E+00

   1.0276873E+02   7.7765210E+08   4.8428475E+13   4.0821261E+00   1.3973582E-03   2.0941743E+00   1.0000000E+00    39 
   2.0520180E-01   2.0520180E-01   1.9918666E-01   1.9918666E-01   1.9918666E-01
   1.2276426E-01   1.2276426E-01   1.9913593E-01   1.4967153E-01   1.4967153E-01
   1.3388799E-01   9.2910208E-02   9.2910208E-02   4.2234404E-01   1.0637793E-01
   1.0637793E-01   5.2436321E-01   5.2436321E-01   5.4653957E-01   5.4653957E-01
   4.7870496E-01   4.7870496E-01   4.7870496E-01   3.2140137E-01   3.2140137E-01
   7.2590556E-01   1.5669744E+00   1.5669744E+00   5.3078903E-01   5.3078903E-01
   5.3078903E-01   5.3078903E-01   6.6104701E-01   6.6104701E-01   7.3378026E-01
   4.3254529E-01   4.3254529E-01   4.3254529E-01   8.8753346E-01   8.8753346E-01
   4.6210424E-01   4.6210424E-01   8.2055629E-01   8.2055629E-01   9.4862971E-01
   5.8580912E-01   5.8580912E-01   5.8580912E-01   5.8580912E-01   4.7666260E-01
   4.7666260E-01   4.7666260E-01   4.7666260E-01   7.2453161E-01   3.0062893E-01
   3.0062893E-01   1.0654193E+00   1.0654193E+00   1.0654193E+00   7.2700913E-01
   7.2700913E-01   2.9595198E-01   2.9595198E-01   7.9630813E-01   7.9630813E-01
   4.8792232E-01   6.1393484E-01   6.1393484E-01   4.8792232E-01   4.4136868E-01
   4.4136868E-01   1.0789603E+00   7.6154241E-01   4.7659331E-01   4.7659331E-01
   1.0018410E+00   1.0018410E+00   7.9826566E-01   7.9826566E-01   7.0218700E-01
   7.0218700E-01   1.3527054E+00

   1.0270049E+02   1.0737079E+09   6.8401838E+13   4.1734515E+00   1.5159350E-03   1.4846026E+00   1.0000000E+00    40 
   2.1314771E-01   2.1314771E-01   2.1368067E-01   2.1368067E-01   2.1368067E-01
   1.6160212E-01   1.6160212E-01   2.2510020E-01   1.9431383E-01   1.9431383E-01
   1.7213253E-01   1.2984631E-01   1.2984631E-01   4.6889778E-01   1.4325328E-01
   1.4325328E-01   5.3131136E-01   5.3131136E-01   5.7160236E-01   5.7160236E-01
   5.2256709E-01   5.2256709E-01   5.2256709E-01   3.6657617E-01   3.6657617E-01
   7.0641750E-01   1.5161926E+00   1.5161926E+00   5.7565369E-01   5.7565369E-01
   5.7565369E-01   5.7565369E-01   6.4878177E-01   6.4878177E-01   7.9036651E-01
   4.8925471E-01   4.8925471E-01   4.8925471E-01   7.6869003E-01   7.6869003E-01
   4.9368909E-01   4.9368909E-01   7.2789243E-01   7.2789243E-01   8.5234037E-01
   6.2850485E-01   6.2850485E-01   6.2850485E-01   6.2850485E-01   5.4752801E-01
   5.4752801E-01   5.4752801E-01   5.4752801E-01   6.6074516E-01   3.8539921E-01
   3.8539921E-01   1.1226621E+00   1.1226621E+00   1.1226621E+00   6.7892090E-01
   6.7892090E-01   3.8876211E-01   3.8876211E-01   6.9757811E-01   6.9757811E-01
   5.2388488E-01   5.9612383E-01   5.9612383E-01   5.2388488E-01   4.7776321E-01
   4.7776321E-01   9.4755370E-01   7.5842639E-01   5.3716462E-01   5.3716462E-01
   9.0633673E-01   9.0633673E-01   7.6732907E-01   7.6732907E-01   6.9960994E-01
   6.9960994E-01   1.2876823E+00

   1.0262342E+02   1.3226781E+09   9.6467906E+13   4.3089426E+00   1.5626940E-03   1.0542925E+00   1.0000000E+00    41 
   2.4031075E-01   2.4031075E-01   2.4447043E-01   2.4447043E-01   2.4447043E-01
   2.1446249E-01   2.1446249E-01   2.6920304E-01   2.5578743E-01   2.5578743E-01
   2.2950862E-01   1.8864776E-01   1.8864776E-01   5.3873765E-01   1.9944479E-01
   1.9944479E-01   5.6876572E-01   5.6876572E-01   6.0371598E-01   6.0371598E-01
   5.8280152E-01   5.8280152E-01   5.8280152E-01   4.2562969E-01   4.2562969E-01
   7.1837043E-01   1.5039674E+00   1.5039674E+00   6.3635002E-01   6.3635002E-01
   6.3635002E-01   6.3635002E-01   6.6802846E-01   6.6802846E-01   8.6988840E-01
   5.6422024E-01   5.6422024E-01   5.6422024E-01   7.3316627E-01   7.3316627E-01
   5.3892400E-01   5.3892400E-01   6.9291549E-01   6.9291549E-01   8.1601996E-01
   6.8610255E-01   6.8610255E-01   6.8610255E-01   6.8610255E-01   6.1652881E-01
   6.1652881E-01   6.1652881E-01   6.1652881E-01   6.4988080E-01   4.8320508E-01
   4.8320508E-01   1.2080209E+00   1.2080209E+00   1.2080209E+00   6.7313473E-01
   6.7313473E-01   5.0787797E-01   5.0787797E-01   6.6765523E-01   6.6765523E-01
   5.7589723E-01   6.1326709E-01   6.1326709E-01   5.7589723E-01   5.3251066E-01
   5.3251066E-01   8.8223761E-01   7.7437839E-01   6.0657682E-01   6.0657682E-01
   8.6430890E-01   8.6430890E-01   7.6808549E-01   7.6808549E-01   7.2010654E-01
   7.2010654E-01   1.2179898E+00

   1.0254756E+02   1.4247541E+09   1.3061232E+14   4.4695166E+00   1.5347523E-03   7.7989620E-01   1.0000000E+00    42 
   2.8322575E-01   2.8322575E-01   2.8860444E-01   2.8860444E-01   2.8860444E-01
   2.7517208E-01   2.7517208E-01   3.2485172E-01   3.2427599E-01   3.2427599E-01
   2.9666069E-01   2.6259523E-01   2.6259523E-01   6.1377384E-01   2.6781341E-01
   2.6781341E-01   6.2326608E-01   6.2326608E-01   6.4448693E-01   6.4448693E-01
   6.4568359E-01   6.4568359E-01   6.4568359E-01   4.8849232E-01   4.8849232E-01
   7.5351782E-01   1.5080566E+00   1.5080566E+00   6.9939911E-01   6.9939911E-01
   6.9939911E-01   6.9939911E-01   7.0914707E-01   7.0914707E-01   9.4624885E-01
   6.4289132E-01   6.4289132E-01   6.4289132E-01   7.5394231E-01   7.5394231E-01
   5.9489620E-01   5.9489620E-01   7.0172029E-01   7.0172029E-01   8.2402843E-01
   7.4552587E-01   7.4552587E-01   7.4552587E-01   7.4552587E-01   6.8004159E-01
   6.8004159E-01   6.8004159E-01   6.8004159E-01   6.7472544E-01   5.7377384E-01
   5.7377384E-01   1.2852729E+00   1.2852729E+00   1.2852729E+00   6.9755471E-01
   6.9755471E-01   6.2558540E-01   6.2558540E-01   6.8272929E-01   6.8272929E-01
   6.3047559E-01   6.5566784E-01   6.5566784E-01   6.3047559E-01   5.9947603E-01
   5.9947603E-01   8.6698153E-01   8.0359854E-01   6.7055836E-01   6.7055836E-01
   8.6262162E-01   8.6262162E-01   7.9272887E-01   7.9272887E-01   7.5767096E-01
   7.5767096E-01   1.1568342E+00

   1.0247369E+02   1.3728433E+09   1.7125313E+14   4.6495378E+00   1.4496058E-03   5.9573726E-01   1.0000000E+00    43 
   3.3884267E-01   3.3884267E-01   3.4434237E-01   3.4434237E-01   3.4434237E-01
   3.4350538E-01   3.4350538E-01   3.8805710E-01   3.9627707E-01   3.9627707E-01
   3.6831850E-01   3.4622190E-01   3.4622190E-01   6.8424608E-01   3.4360156E-01
   3.4360156E-01   6.8347649E-01   6.8347649E-01   6.9069209E-01   6.9069209E-01
   7.0566157E-01   7.0566157E-01   7.0566157E-01   5.5167898E-01   5.5167898E-01
   7.9880304E-01   1.5020439E+00   1.5020439E+00   7.5895374E-01   7.5895374E-01
   7.5895374E-01   7.5895374E-01   7.5960401E-01   7.5960401E-01   1.0042600E+00
   7.1840518E-01   7.1840518E-01   7.1840518E-01   7.9864516E-01   7.9864516E-01
   6.5621296E-01   6.5621296E-01   7.3156086E-01   7.3156086E-01   8.5099250E-01
   8.0080422E-01   8.0080422E-01   8.0080422E-01   8.0080422E-01   7.4261443E-01
   7.4261443E-01   7.4261443E-01   7.4261443E-01   7.1500598E-01   6.5399440E-01
   6.5399440E-01   1.3294902E+00   1.3294902E+00   1.3294902E+00   7.3564991E-01
   7.3564991E-01   7.2952576E-01   7.2952576E-01   7.1789061E-01   7.1789061E-01
   6.7972788E-01   7.0894976E-01   7.0894976E-01   6.7972788E-01   6.7014968E-01
   6.7014968E-01   8.7480533E-01   8.3703457E-01   7.2618190E-01   7.2618190E-01
   8.7856303E-01   8.7856303E-01   8.2686402E-01   8.2686402E-01   8.0106999E-01
   8.0106999E-01   1.1072374E+00

   1.0239913E+02   1.1977949E+09   2.2107639E+14   4.8537518E+00   1.3223907E-03   4.6220706E-01   1.0000000E+00    44 
   4.0754037E-01   4.0754037E-01   4.1242327E-01   4.1242327E-01   4.1242327E-01
   4.2140392E-01   4.2140392E-01   4.5878167E-01   4.7223202E-01   4.7223202E-01
   4.4459615E-01   4.3653939E-01   4.3653939E-01   7.4855124E-01   4.2571798E-01
   4.2571798E-01   7.4564929E-01   7.4564929E-01   7.4272742E-01   7.4272742E-01
   7.6211174E-01   7.6211174E-01   7.6211174E-01   6.1475372E-01   6.1475372E-01
   8.4742572E-01   1.4724317E+00   1.4724317E+00   8.1415959E-01   8.1415959E-01
   8.1415959E-01   8.1415959E-01   8.1367878E-01   8.1367878E-01   1.0411067E+00
   7.8963680E-01   7.8963680E-01   7.8963680E-01   8.5226543E-01   8.5226543E-01
   7.2134455E-01   7.2134455E-01   7.7098131E-01   7.7098131E-01   8.8397200E-01
   8.5067410E-01   8.5067410E-01   8.5067410E-01   8.5067410E-01   8.1047289E-01
   8.1047289E-01   8.1047289E-01   8.1047289E-01   7.6220279E-01   7.2555591E-01
   7.2555591E-01   1.3356251E+00   1.3356251E+00   1.3356251E+00   7.8025274E-01
   7.8025274E-01   8.1491427E-01   8.1491427E-01   7.6285613E-01   7.6285613E-01
   7.2220952E-01   7.6661219E-01   7.6661219E-01   7.2220952E-01   7.4088036E-01
   7.4088036E-01   8.9276209E-01   8.7098848E-01   7.7481703E-01   7.7481703E-01
   9.0139599E-01   9.0139599E-01   8.6374285E-01   8.6374285E-01   8.4517836E-01
   8.4517836E-01   1.0683993E+00

   1.0232234E+02   9.5168050E+08   2.8366900E+14   5.0864571E+00   1.1686424E-03   3.6080620E-01   1.0000000E+00    45 
   4.8915938E-01   4.8915938E-01   4.9272870E-01   4.9272870E-01   4.9272870E-01
   5.0852634E-01   5.0852634E-01   5.3650242E-01   5.5218894E-01   5.5218894E-01
   5.2488369E-01   5.3005643E-01   5.3005643E-01   8.0400468E-01   5.1299394E-01
   5.1299394E-01   8.0621868E-01   8.0621868E-01   7.9985420E-01   7.9985420E-01
   8.1431534E-01   8.1431534E-01   8.1431534E-01   6.7687883E-01   6.7687883E-01
   8.9441995E-01   1.4141010E+00   1.4141010E+00   8.6374215E-01   8.6374215E-01
   8.6374215E-01   8.6374215E-01   8.6652062E-01   8.6652062E-01   1.0558856E+00
   8.5431808E-01   8.5431808E-01   8.5431808E-01   9.0465978E-01   9.0465978E-01
   7.8792052E-01   7.8792052E-01   8.1434689E-01   8.1434689E-01   9.1618432E-01
   8.9381762E-01   8.9381762E-01   8.9381762E-01   8.9381762E-01   8.8323822E-01
   8.8323822E-01   8.8323822E-01   8.8323822E-01   8.1182628E-01   7.8852427E-01
   7.8852427E-01   1.3029859E+00   1.3029859E+00   1.3029859E+00   8.2715998E-01
   8.2715998E-01   8.7922427E-01   8.7922427E-01   8.1227207E-01   8.1227207E-01
   7.5862075E-01   8.2402316E-01   8.2402316E-01   7.5862075E-01   8.0815943E-01
   8.0815943E-01   9.1450005E-01   9.0313673E-01   8.1699796E-01   8.1699796E-01
   9.2584777E-01   9.2584777E-01   8.9949078E-01   8.9949078E-01   8.8672952E-01
   8.8672952E-01   1.0397573E+00

   1.0224233E+02   6.8957526E+08   3.6389853E+14   5.3518948E+00   1.0029543E-03   2.8173224E-01   1.0000000E+00    46 
   5.8222029E-01   5.8222029E-01   5.8341713E-01   5.8341713E-01   5.8341713E-01
   6.0158427E-01   6.0158427E-01   6.1957204E-01   6.3527937E-01   6.3527937E-01
   6.0838734E-01   6.2133383E-01   6.2133383E-01   8.4970751E-01   6.0349862E-01
   6.0349862E-01   8.6304315E-01   8.6304315E-01   8.6327220E-01   8.6327220E-01
   8.6030914E-01   8.6030914E-01   8.6030914E-01   7.3725039E-01   7.3725039E-01
   9.3599361E-01   1.3318469E+00   1.3318469E+00   9.0583361E-01   9.0583361E-01
   9.0583361E-01   9.0583361E-01   9.1401401E-01   9.1401401E-01   1.0521126E+00
   9.0926413E-01   9.0926413E-01   9.0926413E-01   9.4830019E-01   9.4830019E-01
   8.5436924E-01   8.5436924E-01   8.5815724E-01   8.5815724E-01   9.4490978E-01
   9.2901934E-01   9.2901934E-01   9.2901934E-01   9.2901934E-01   9.5483190E-01
   9.5483190E-01   9.5483190E-01   9.5483190E-01   8.6134714E-01   8.4127600E-01
   8.4127600E-01   1.2413909E+00   1.2413909E+00   1.2413909E+00   8.7388817E-01
   8.7388817E-01   9.1962231E-01   9.1962231E-01   8.6290485E-01   8.6290485E-01
   7.9130457E-01   8.7836183E-01   8.7836183E-01   7.9130457E-01   8.7002739E-01
   8.7002739E-01   9.3726157E-01   9.3274445E-01   8.5344933E-01   8.5344933E-01
   9.4988418E-01   9.4988418E-01   9.3255699E-01   9.3255699E-01   9.2442624E-01
   9.2442624E-01   1.0204611E+00

   1.0215847E+02   4.5303876E+08   4.6839809E+14   5.6536814E+00   8.3666780E-04   2.1925969E-01   1.0000000E+00    47 
   6.8080907E-01   6.8080907E-01   6.7895402E-01   6.7895402E-01   6.7895402E-01
   6.9474670E-01   6.9474670E-01   7.0351110E-01   7.1795616E-01   7.1795616E-01
   6.9258129E-01   7.0549514E-01   7.0549514E-01   8.8500069E-01   6.9353743E-01
   6.9353743E-01   9.1429876E-01   9.1429876E-01   9.3327712E-01   9.3327712E-01
   8.9692445E-01   8.9692445E-01   8.9692445E-01   7.9492854E-01   7.9492854E-01
   9.6849978E-01   1.2378082E+00   1.2378082E+00   9.3775978E-01   9.3775978E-01
   9.3775978E-01   9.3775978E-01   9.5234052E-01   9.5234052E-01   1.0352263E+00
   9.4972057E-01   9.4972057E-01   9.4972057E-01   9.7870154E-01   9.7870154E-01
   9.1814572E-01   9.1814572E-01   8.9892282E-01   8.9892282E-01   9.6540441E-01
   9.5498141E-01   9.5498141E-01   9.5498141E-01   9.5498141E-01   1.0113786E+00
   1.0113786E+00   1.0113786E+00   1.0113786E+00   9.0766094E-01   8.8239792E-01
   8.8239792E-01   1.1654321E+00   1.1654321E+00   1.1654321E+00   9.1745786E-01
   9.1745786E-01   9.3869645E-01   9.3869645E-01   9.1092553E-01   9.1092553E-01
   8.2221871E-01   9.2693878E-01   9.2693878E-01   8.2221871E-01   9.2454420E-01
   9.2454420E-01   9.5872413E-01   9.5859629E-01   8.8457356E-01   8.8457356E-01
   9.7152076E-01   9.7152076E-01   9.6127534E-01   9.6127534E-01   9.5675870E-01
   9.5675870E-01   1.0089895E+00

   1.0207031E+02   2.6457449E+08   6.0665428E+14   5.9947117E+00   6.8060871E-04   1.6959821E-01   1.0000000E+00    48 
   7.7521476E-01   7.7521476E-01   7.7091543E-01   7.7091543E-01   7.7091543E-01
   7.8148671E-01   7.8148671E-01   7.8388337E-01   7.9501161E-01   7.9501161E-01
   7.7360441E-01   7.7995039E-01   7.7995039E-01   9.1130718E-01   7.7809728E-01
   7.7809728E-01   9.5665887E-01   9.5665887E-01   9.9851671E-01   9.9851671E-01
   9.2203605E-01   9.2203605E-01   9.2203605E-01   8.4909120E-01   8.4909120E-01
   9.8987758E-01   1.1465269E+00   1.1465269E+00   9.5798490E-01   9.5798490E-01
   9.5798490E-01   9.5798490E-01   9.7962066E-01   9.7962066E-01   1.0121462E+00
   9.7232808E-01   9.7232808E-01   9.7232808E-01   9.9698147E-01   9.9698147E-01
   9.7140382E-01   9.7140382E-01   9.3350901E-01   9.3350901E-01   9.7660332E-01
   9.7138291E-01   9.7138291E-01   9.7138291E-01   9.7138291E-01   1.0392349E+00
   1.0392349E+00   1.0392349E+00   1.0392349E+00   9.4709819E-01   9.1166083E-01
   9.1166083E-01   1.0910438E+00   1.0910438E+00   1.0910438E+00   9.5422610E-01
   9.5422610E-01   9.4421624E-01   9.4421624E-01   9.5162513E-01   9.5162513E-01
   8.5433945E-01   9.6579543E-01   9.6579543E-01   8.5433945E-01   9.6748058E-01
   9.6748058E-01   9.7667800E-01   9.7898531E-01   9.1149157E-01   9.1149157E-01
   9.8845161E-01   9.8845161E-01   9.8337626E-01   9.8337626E-01   9.8142511E-01
   9.8142511E-01   1.0031800E+00

   1.0197771E+02   1.3322266E+08   7.9229842E+14   6.3764186E+00   5.4505626E-04   1.3010766E-01   1.0000000E+00    49 
   8.5686992E-01   8.5686992E-01   8.5099154E-01   8.5099154E-01   8.5099154E-01
   8.5656422E-01   8.5656422E-01   8.5634632E-01   8.6151535E-01   8.6151535E-01
   8.4691369E-01   8.4525058E-01   8.4525058E-01   9.3333121E-01   8.5233870E-01
   8.5233870E-01   9.8359448E-01   9.8359448E-01   1.0323160E+00   1.0323160E+00
   9.3815427E-01   9.3815427E-01   9.3815427E-01   8.9841875E-01   8.9841875E-01
   1.0002384E+00   1.0749070E+00   1.0749070E+00   9.6870879E-01   9.6870879E-01
   9.6870879E-01   9.6870879E-01   9.9549876E-01   9.9549876E-01   9.9203636E-01
   9.7966637E-01   9.7966637E-01   9.7966637E-01   1.0063583E+00   1.0063583E+00
   1.0012071E+00   1.0012071E+00   9.5983923E-01   9.5983923E-01   9.8412734E-01
   9.8015416E-01   9.8015416E-01   9.8015416E-01   9.8015416E-01   1.0362814E+00
   1.0362814E+00   1.0362814E+00   1.0362814E+00   9.7578295E-01   9.3246467E-01
   9.3246467E-01   1.0338165E+00   1.0338165E+00   1.0338165E+00   9.8016807E-01
   9.8016807E-01   9.4674671E-01   9.4674671E-01   9.7994990E-01   9.7994990E-01
   8.8963764E-01   9.8981523E-01   9.8981523E-01   8.8963764E-01   9.9259873E-01
   9.9259873E-01   9.8922019E-01   9.9218702E-01   9.3609391E-01   9.3609391E-01
   9.9858896E-01   9.9858896E-01   9.9653951E-01   9.9653951E-01   9.9595363E-01
   9.9595363E-01   1.0007326E+00

   1.0188086E+02   5.7142485E+07   1.0438498E+15   6.7995322E+00   4.3428393E-04   9.8953532E-02   1.0000000E+00    50 
   9.1996983E-01   9.1996983E-01   9.1324933E-01   9.1324933E-01   9.1324933E-01
   9.1500480E-01   9.1500480E-01   9.1626049E-01   9.1624197E-01   9.1624197E-01
   9.0737396E-01   9.0126121E-01   9.0126121E-01   9.5419564E-01   9.1184207E-01
   9.1184207E-01   9.9416480E-01   9.9416480E-01   1.0283836E+00   1.0283836E+00
   9.5103314E-01   9.5103314E-01   9.5103314E-01   9.3903783E-01   9.3903783E-01
   1.0028847E+00   1.0297615E+00   1.0297615E+00   9.7495478E-01   9.7495478E-01
   9.7495478E-01   9.7495478E-01   1.0025701E+00   1.0025701E+00   9.8123117E-01
   9.7965463E-01   9.7965463E-01   9.7965463E-01   1.0103405E+00   1.0103405E+00
   1.0076264E+00   1.0076264E+00   9.7726097E-01   9.7726097E-01   9.9207633E-01
   9.8490607E-01   9.8490607E-01   9.8490607E-01   9.8490607E-01   1.0156421E+00
   1.0156421E+00   1.0156421E+00   1.0156421E+00   9.9261820E-01   9.4935828E-01
   9.4935828E-01   1.0003971E+00   1.0003971E+00   1.0003971E+00   9.9450160E-01
   9.9450160E-01   9.5268864E-01   9.5268864E-01   9.9504153E-01   9.9504153E-01
   9.2653828E-01   9.9983697E-01   9.9983697E-01   9.2653828E-01   1.0014499E+00
   1.0014499E+00   9.9615524E-01   9.9855366E-01   9.5874476E-01   9.5874476E-01
   1.0024334E+00   1.0024334E+00   1.0016862E+00   1.0016862E+00   1.0015556E+00
   1.0015556E+00   9.9991620E-01

   1.0178030E+02   2.1582822E+07   1.3817440E+15   7.2649271E+00   3.4618179E-04   7.4914494E-02   1.0000000E+00    51 
   9.6084213E-01   9.6084213E-01   9.5507516E-01   9.5507516E-01   9.5507516E-01
   9.5551636E-01   9.5551636E-01   9.5724307E-01   9.5543287E-01   9.5543287E-01
   9.5036903E-01   9.4547076E-01   9.4547076E-01   9.7197720E-01   9.5364390E-01
   9.5364390E-01   9.9516823E-01   9.9516823E-01   1.0090938E+00   1.0090938E+00
   9.6461478E-01   9.6461478E-01   9.6461478E-01   9.6749828E-01   9.6749828E-01
   1.0016191E+00   1.0067017E+00   1.0067017E+00   9.8101257E-01   9.8101257E-01
   9.8101257E-01   9.8101257E-01   1.0036498E+00   1.0036498E+00   9.8026657E-01
   9.8043370E-01   9.8043370E-01   9.8043370E-01   1.0094625E+00   1.0094625E+00
   1.0035249E+00   1.0035249E+00   9.8734339E-01   9.8734339E-01   9.9762414E-01
   9.8881539E-01   9.8881539E-01   9.8881539E-01   9.8881539E-01   9.9656773E-01
   9.9656773E-01   9.9656773E-01   9.9656773E-01   9.9956948E-01   9.6552887E-01
   9.6552887E-01   9.8745562E-01   9.8745562E-01   9.8745562E-01   9.9977709E-01
   9.9977709E-01   9.6460775E-01   9.6460775E-01   1.0001652E+00   1.0001652E+00
   9.5732825E-01   1.0014830E+00   1.0014830E+00   9.5732825E-01   1.0017527E+00
   1.0017527E+00   9.9864616E-01   1.0000721E+00   9.7665738E-01   9.7665738E-01
   1.0020875E+00   1.0020875E+00   1.0018102E+00   1.0018102E+00   1.0017687E+00
   1.0017687E+00   9.9975365E-01

   1.0167649E+02   7.5872247E+06   1.8255239E+15   7.7749293E+00   2.7710010E-04   5.6827558E-02   1.0000000E+00    52 
   9.8265244E-01   9.8265244E-01   9.7886996E-01   9.7886996E-01   9.7886996E-01
   9.7947339E-01   9.7947339E-01   9.8011889E-01   9.7859032E-01   9.7859032E-01
   9.7605701E-01   9.7456292E-01   9.7456292E-01   9.8454140E-01   9.7828040E-01
   9.7828040E-01   9.9463594E-01   9.9463594E-01   9.9601385E-01   9.9601385E-01
   9.7780083E-01   9.7780083E-01   9.7780083E-01   9.8406516E-01   9.8406516E-01
   1.0000049E+00   9.9764963E-01   9.9764963E-01   9.8753540E-01   9.8753540E-01
   9.8753540E-01   9.8753540E-01   1.0023735E+00   1.0023735E+00   9.8481522E-01
   9.8474785E-01   9.8474785E-01   9.8474785E-01   1.0062363E+00   1.0062363E+00
   9.9982705E-01   9.9982705E-01   9.9295905E-01   9.9295905E-01   9.9835966E-01
   9.9274919E-01   9.9274919E-01   9.9274919E-01   9.9274919E-01   9.8928771E-01
   9.8928771E-01   9.8928771E-01   9.8928771E-01   1.0014790E+00   9.7950951E-01
   9.7950951E-01   9.8641611E-01   9.8641611E-01   9.8641611E-01   1.0009449E+00
   1.0009449E+00   9.7791410E-01   9.7791410E-01   1.0010812E+00   1.0010812E+00
   9.7755450E-01   1.0008971E+00   1.0008971E+00   9.7755450E-01   1.0005773E+00
   1.0005773E+00   9.9925688E-01   9.9991870E-01   9.8818191E-01   9.8818191E-01
   1.0008242E+00   1.0008242E+00   1.0007445E+00   1.0007445E+00   1.0007322E+00
   1.0007322E+00   9.9980113E-01

   1.0156938E+02   2.6059376E+06   2.3938737E+15   8.3330665E+00   2.2369790E-04   4.3432605E-02   1.0000000E+00    53 
   9.9255510E-01   9.9255510E-01   9.9054161E-01   9.9054161E-01   9.9054161E-01
   9.9134387E-01   9.9134387E-01   9.9101904E-01   9.9011049E-01   9.9011049E-01
   9.8918723E-01   9.8972271E-01   9.8972271E-01   9.9207688E-01   9.9054586E-01
   9.9054586E-01   9.9584709E-01   9.9584709E-01   9.9395230E-01   9.9395230E-01
   9.8761558E-01   9.8761558E-01   9.8761558E-01   9.9241504E-01   9.9241504E-01
   9.9931026E-01   9.9558794E-01   9.9558794E-01   9.9281133E-01   9.9281133E-01
   9.9281133E-01   9.9281133E-01   1.0010064E+00   1.0010064E+00   9.9017277E-01
   9.9002113E-01   9.9002113E-01   9.9002113E-01   1.0030624E+00   1.0030624E+00
   9.9909109E-01   9.9909109E-01   9.9630035E-01   9.9630035E-01   9.9754721E-01
   9.9587166E-01   9.9587166E-01   9.9587166E-01   9.9587166E-01   9.9008335E-01
   9.9008335E-01   9.9008335E-01   9.9008335E-01   1.0017653E+00   9.8910316E-01
   9.8910316E-01   9.8973119E-01   9.8973119E-01   9.8973119E-01   1.0011371E+00
   1.0011371E+00   9.8800729E-01   9.8800729E-01   1.0011923E+00   1.0011923E+00
   9.8862319E-01   1.0006630E+00   1.0006630E+00   9.8862319E-01   1.0003060E+00
   1.0003060E+00   9.9962263E-01   9.9987838E-01   9.9445257E-01   9.9445257E-01
   1.0002177E+00   1.0002177E+00   1.0002428E+00   1.0002428E+00   1.0002614E+00
   1.0002614E+00   9.9988072E-01

   1.0145830E+02   9.1064918E+05   3.1116339E+15   8.9428295E+00   1.8332235E-04   3.3491228E-02   1.0000000E+00    54 
   9.9689837E-01   9.9689837E-01   9.9580867E-01   9.9580867E-01   9.9580867E-01
   9.9663074E-01   9.9663074E-01   9.9605040E-01   9.9556397E-01   9.9556397E-01
   9.9529172E-01   9.9630137E-01   9.9630137E-01   9.9615338E-01   9.9615565E-01
   9.9615565E-01   9.9743210E-01   9.9743210E-01   9.9575870E-01   9.9575870E-01
   9.9356283E-01   9.9356283E-01   9.9356283E-01   9.9642781E-01   9.9642781E-01
   9.9917755E-01   9.9639661E-01   9.9639661E-01   9.9619446E-01   9.9619446E-01
   9.9619446E-01   9.9619446E-01   1.0000523E+00   1.0000523E+00   9.9428659E-01
   9.9420516E-01   9.9420516E-01   9.9420516E-01   1.0008387E+00   1.0008387E+00
   9.9921635E-01   9.9921635E-01   9.9812284E-01   9.9812284E-01   9.9785859E-01
   9.9784648E-01   9.9784648E-01   9.9784648E-01   9.9784648E-01   9.9331468E-01
   9.9331468E-01   9.9331468E-01   9.9331468E-01   1.0011525E+00   9.9461731E-01
   9.9461731E-01   9.9348165E-01   9.9348165E-01   9.9348165E-01   1.0008464E+00
   1.0008464E+00   9.9407669E-01   9.9407669E-01   1.0009457E+00   1.0009457E+00
   9.9440859E-01   1.0004751E+00   1.0004751E+00   9.9440859E-01   1.0002163E+00
   1.0002163E+00   9.9983048E-01   9.9992006E-01   9.9753963E-01   9.9753963E-01
   1.0000237E+00   1.0000237E+00   1.0000720E+00   1.0000720E+00   1.0000966E+00
   1.0000966E+00   9.9993769E-01

   1.0134230E+02   3.3313525E+05   4.0150075E+15   9.6077847E+00   1.5338041E-04   2.6018932E-02   1.0000000E+00    55 
   9.9889112E-01   9.9889112E-01   9.9814342E-01   9.9814342E-01   9.9814342E-01
   9.9890105E-01   9.9890105E-01   9.9844099E-01   9.9819180E-01   9.9819180E-01
   9.9803547E-01   9.9890739E-01   9.9890739E-01   9.9823695E-01   9.9865227E-01
   9.9865227E-01   9.9860253E-01   9.9860253E-01   9.9766373E-01   9.9766373E-01
   9.9677370E-01   9.9677370E-01   9.9677370E-01   9.9834646E-01   9.9834646E-01
   9.9927933E-01   9.9781570E-01   9.9781570E-01   9.9808794E-01   9.9808794E-01
   9.9808794E-01   9.9808794E-01   9.9959772E-01   9.9959772E-01   9.9691160E-01
   9.9687850E-01   9.9687850E-01   9.9687850E-01   9.9973658E-01   9.9973658E-01
   9.9936849E-01   9.9936849E-01   9.9896838E-01   9.9896838E-01   9.9866623E-01
   9.9893734E-01   9.9893734E-01   9.9893734E-01   9.9893734E-01   9.9611969E-01
   9.9611969E-01   9.9611969E-01   9.9611969E-01   1.0003733E+00   9.9751357E-01
   9.9751357E-01   9.9629113E-01   9.9629113E-01   9.9629113E-01   1.0003270E+00
   1.0003270E+00   9.9727688E-01   9.9727688E-01   1.0004243E+00   1.0004243E+00
   9.9741235E-01   1.0001420E+00   1.0001420E+00   9.9741235E-01   9.9999378E-01
   9.9999378E-01   9.9984080E-01   9.9987144E-01   9.9892582E-01   9.9892582E-01
   9.9989532E-01   9.9989532E-01   9.9992630E-01   9.9992630E-01   9.9994028E-01
   9.9994028E-01   9.9996952E-01

   1.0122043E+02   1.2961520E+05   5.1498192E+15   1.0331288E+01   1.3142747E-04   2.0337346E-02   1.0000000E+00    56 
   9.9979317E-01   9.9979317E-01   9.9917678E-01   9.9917678E-01   9.9917678E-01
   9.9983445E-01   9.9983445E-01   9.9955051E-01   9.9942861E-01   9.9942861E-01
   9.9924769E-01   9.9988697E-01   9.9988697E-01   9.9924875E-01   9.9970753E-01
   9.9970753E-01   9.9930750E-01   9.9930750E-01   9.9886936E-01   9.9886936E-01
   9.9840818E-01   9.9840818E-01   9.9840818E-01   9.9927123E-01   9.9927123E-01
   9.9947099E-01   9.9890754E-01   9.9890754E-01   9.9906907E-01   9.9906907E-01
   9.9906907E-01   9.9906907E-01   9.9953025E-01   9.9953025E-01   9.9840054E-01
   9.9838269E-01   9.9838269E-01   9.9838269E-01   9.9945118E-01   9.9945118E-01
   9.9950961E-01   9.9950961E-01   9.9942287E-01   9.9942287E-01   9.9930607E-01
   9.9949703E-01   9.9949703E-01   9.9949703E-01   9.9949703E-01   9.9789375E-01
   9.9789375E-01   9.9789375E-01   9.9789375E-01   9.9991065E-01   9.9895252E-01
   9.9895252E-01   9.9801323E-01   9.9801323E-01   9.9801323E-01   9.9992834E-01
   9.9992834E-01   9.9883885E-01   9.9883885E-01   9.9996791E-01   9.9996791E-01
   9.9890977E-01   9.9985971E-01   9.9985971E-01   9.9890977E-01   9.9979726E-01
   9.9979726E-01   9.9978929E-01   9.9979975E-01   9.9949356E-01   9.9949356E-01
   9.9980271E-01   9.9980271E-01   9.9981337E-01   9.9981337E-01   9.9981652E-01
   9.9981652E-01   9.9998557E-01

   1.0109170E+02   5.4197514E+04   6.5786482E+15   1.1117055E+01   1.1555446E-04   1.5962558E-02   1.0000000E+00    57 
   1.0000892E+00   1.0000892E+00   9.9962716E-01   9.9962716E-01   9.9962716E-01
   1.0001303E+00   1.0001303E+00   9.9996469E-01   9.9990428E-01   9.9990428E-01
   9.9975645E-01   1.0001750E+00   1.0001750E+00   9.9969198E-01   1.0000637E+00
   1.0000637E+00   9.9967831E-01   9.9967831E-01   9.9947394E-01   9.9947394E-01
   9.9920955E-01   9.9920955E-01   9.9920955E-01   9.9969616E-01   9.9969616E-01
   9.9968920E-01   9.9949412E-01   9.9949412E-01   9.9954809E-01   9.9954809E-01
   9.9954809E-01   9.9954809E-01   9.9968311E-01   9.9968311E-01   9.9917388E-01
   9.9916194E-01   9.9916194E-01   9.9916194E-01   9.9960205E-01   9.9960205E-01
   9.9969039E-01   9.9969039E-01   9.9970981E-01   9.9970981E-01   9.9966674E-01
   9.9976524E-01   9.9976524E-01   9.9976524E-01   9.9976524E-01   9.9886616E-01
   9.9886616E-01   9.9886616E-01   9.9886616E-01   9.9981480E-01   9.9958869E-01
   9.9958869E-01   9.9894438E-01   9.9894438E-01   9.9894438E-01   9.9982354E-01
   9.9982354E-01   9.9953005E-01   9.9953005E-01   9.9982475E-01   9.9982475E-01
   9.9956809E-01   9.9980357E-01   9.9980357E-01   9.9956809E-01   9.9978537E-01
   9.9978537E-01   9.9981365E-01   9.9981737E-01   9.9973968E-01   9.9973968E-01
   9.9981672E-01   9.9981672E-01   9.9981888E-01   9.9981888E-01   9.9981825E-01
   9.9981825E-01   9.9999338E-01

   1.0095493E+02   2.4661320E+04   8.4026701E+15   1.1969203E+01   1.0454305E-04   1.2532095E-02   1.0000000E+00    58 
   1.0001109E+00   1.0001109E+00   9.9982413E-01   9.9982413E-01   9.9982413E-01
   1.0001501E+00   1.0001501E+00   1.0000571E+00   1.0000271E+00   1.0000271E+00
   9.9994783E-01   1.0001840E+00   1.0001840E+00   9.9986891E-01   1.0001197E+00
   1.0001197E+00   9.9984933E-01   9.9984933E-01   9.9974694E-01   9.9974694E-01
   9.9960841E-01   9.9960841E-01   9.9960841E-01   9.9987085E-01   9.9987085E-01
   9.9983516E-01   9.9976338E-01   9.9976338E-01   9.9977988E-01   9.9977988E-01
   9.9977988E-01   9.9977988E-01   9.9982335E-01   9.9982335E-01   9.9957503E-01
   9.9956694E-01   9.9956694E-01   9.9956694E-01   9.9977352E-01   9.9977352E-01
   9.9983038E-01   9.9983038E-01   9.9986082E-01   9.9986082E-01   9.9984296E-01
   9.9988896E-01   9.9988896E-01   9.9988896E-01   9.9988896E-01   9.9939574E-01
   9.9939574E-01   9.9939574E-01   9.9939574E-01   9.9987455E-01   9.9983813E-01
   9.9983813E-01   9.9944454E-01   9.9944454E-01   9.9944454E-01   9.9987763E-01
   9.9987763E-01   9.9980862E-01   9.9980862E-01   9.9987336E-01   9.9987336E-01
   9.9982772E-01   9.9987117E-01   9.9987117E-01   9.9982772E-01   9.9986545E-01
   9.9986545E-01   9.9988677E-01   9.9988810E-01   9.9987063E-01   9.9987063E-01
   9.9988722E-01   9.9988722E-01   9.9988773E-01   9.9988773E-01   9.9988698E-01
   9.9988698E-01   9.9999704E-01

   1.0080607E+02   1.2198835E+04   1.0834728E+16   1.2911718E+01   9.7481156E-05   9.7480358E-03   1.0000000E+00    59 
   1.0000677E+00   1.0000677E+00   9.9991046E-01   9.9991046E-01   9.9991046E-01
   1.0000975E+00   1.0000975E+00   1.0000490E+00   1.0000342E+00   1.0000342E+00
   1.0000038E+00   1.0001215E+00   1.0001215E+00   9.9993802E-01   1.0000876E+00
   1.0000876E+00   9.9992528E-01   9.9992528E-01   9.9987206E-01   9.9987206E-01
   9.9980520E-01   9.9980520E-01   9.9980520E-01   9.9993968E-01   9.9993968E-01
   9.9991536E-01   9.9988604E-01   9.9988604E-01   9.9989062E-01   9.9989062E-01
   9.9989062E-01   9.9989062E-01   9.9990801E-01   9.9990801E-01   9.9978210E-01
   9.9977656E-01   9.9977656E-01   9.9977656E-01   9.9988182E-01   9.9988182E-01
   9.9991220E-01   9.9991220E-01   9.9993184E-01   9.9993184E-01   9.9992473E-01
   9.9994467E-01   9.9994467E-01   9.9994467E-01   9.9994467E-01   9.9968226E-01
   9.9968226E-01   9.9968226E-01   9.9968226E-01   9.9993246E-01   9.9992992E-01
   9.9992992E-01   9.9971169E-01   9.9971169E-01   9.9971169E-01   9.9993389E-01
   9.9993389E-01   9.9991494E-01   9.9991494E-01   9.9993124E-01   9.9993124E-01
   9.9992558E-01   9.9993132E-01   9.9993132E-01   9.9992558E-01   9.9992885E-01
   9.9992885E-01   9.9994086E-01   9.9994137E-01   9.9993721E-01   9.9993721E-01
   9.9994087E-01   9.9994087E-01   9.9994106E-01   9.9994106E-01   9.9994063E-01
   9.9994063E-01   9.9999866E-01

   1.0068651E+02   7.6583481E+03   1.3198529E+16   1.3679974E+01   9.4450695E-05   8.0213027E-03   1.0000000E+00    60 
   1.0000434E+00   1.0000434E+00   9.9995033E-01   9.9995033E-01   9.9995033E-01
   1.0000649E+00   1.0000649E+00   1.0000366E+00   1.0000285E+00   1.0000285E+00
   1.0000171E+00   1.0000814E+00   1.0000814E+00   9.9996605E-01   1.0000616E+00
   1.0000616E+00   9.9995784E-01   9.9995784E-01   9.9992647E-01   9.9992647E-01
   9.9989062E-01   9.9989062E-01   9.9989062E-01   9.9996741E-01   9.9996741E-01
   9.9995170E-01   9.9993734E-01   9.9993734E-01   9.9993856E-01   9.9993856E-01
   9.9993856E-01   9.9993856E-01   9.9994723E-01   9.9994723E-01   9.9987456E-01
   9.9987071E-01   9.9987071E-01   9.9987071E-01   9.9993219E-01   9.9993219E-01
   9.9994981E-01   9.9994981E-01   9.9996239E-01   9.9996239E-01   9.9995906E-01
   9.9996882E-01   9.9996882E-01   9.9996882E-01   9.9996882E-01   9.9981368E-01
   9.9981368E-01   9.9981368E-01   9.9981368E-01   9.9996130E-01   9.9996417E-01
   9.9996417E-01   9.9983260E-01   9.9983260E-01   9.9983260E-01   9.9996214E-01
   9.9996214E-01   9.9995532E-01   9.9995532E-01   9.9996063E-01   9.9996063E-01
   9.9996208E-01   9.9996083E-01   9.9996083E-01   9.9996208E-01   9.9995946E-01
   9.9995946E-01   9.9996658E-01   9.9996683E-01   9.9996565E-01   9.9996565E-01
   9.9996654E-01   9.9996654E-01   9.9996664E-01   9.9996664E-01   9.9996639E-01
   9.9996639E-01   9.9999931E-01

   1.0062098E+02   6.1353183E+03   1.4678757E+16   1.4105755E+01   9.3579893E-05   7.2218434E-03   1.0000000E+00    61 
   1.0000359E+00   1.0000359E+00   9.9996777E-01   9.9996777E-01   9.9996777E-01
   1.0000532E+00   1.0000532E+00   1.0000323E+00   1.0000269E+00   1.0000269E+00
   1.0000209E+00   1.0000660E+00   1.0000660E+00   9.9997736E-01   1.0000513E+00
   1.0000513E+00   9.9997092E-01   9.9997092E-01   9.9994811E-01   9.9994811E-01
   9.9992363E-01   9.9992363E-01   9.9992363E-01   9.9997843E-01   9.9997843E-01
   9.9996581E-01   9.9995692E-01   9.9995692E-01   9.9995737E-01   9.9995737E-01
   9.9995737E-01   9.9995737E-01   9.9996241E-01   9.9996241E-01   9.9991057E-01
   9.9990762E-01   9.9990762E-01   9.9990762E-01   9.9995147E-01   9.9995147E-01
   9.9996439E-01   9.9996439E-01   9.9997439E-01   9.9997439E-01   9.9997223E-01
   9.9997865E-01   9.9997865E-01   9.9997865E-01   9.9997865E-01   9.9986533E-01
   9.9986533E-01   9.9986533E-01   9.9986533E-01   9.9997249E-01   9.9997746E-01
   9.9997746E-01   9.9987963E-01   9.9987963E-01   9.9987963E-01   9.9997310E-01
   9.9997310E-01   9.9997088E-01   9.9997088E-01   9.9997201E-01   9.9997201E-01
   9.9997593E-01   9.9997223E-01   9.9997223E-01   9.9997593E-01   9.9997127E-01
   9.9997127E-01   9.9997643E-01   9.9997658E-01   9.9997631E-01   9.9997631E-01
   9.9997637E-01   9.9997637E-01   9.9997644E-01   9.9997644E-01   9.9997626E-01
   9.9997626E-01   9.9999954E-01

   1.0058758E+02   5.5257398E+03   1.5489991E+16   1.4324159E+01   9.3327122E-05   6.8481798E-03   1.0000000E+00    62 
   1.0000386E+00   1.0000386E+00   9.9996879E-01   9.9996879E-01   9.9996879E-01
   1.0000568E+00   1.0000568E+00   1.0000354E+00   1.0000298E+00   1.0000298E+00
   1.0000252E+00   1.0000703E+00   1.0000703E+00   9.9997737E-01   1.0000552E+00
   1.0000552E+00   9.9997062E-01   9.9997062E-01   9.9994697E-01   9.9994697E-01
   9.9992270E-01   9.9992270E-01   9.9992270E-01   9.9997852E-01   9.9997852E-01
   9.9996550E-01   9.9995683E-01   9.9995683E-01   9.9995699E-01   9.9995699E-01
   9.9995699E-01   9.9995699E-01   9.9996203E-01   9.9996203E-01   9.9990882E-01
   9.9990564E-01   9.9990564E-01   9.9990564E-01   9.9995093E-01   9.9995093E-01
   9.9996400E-01   9.9996400E-01   9.9997429E-01   9.9997429E-01   9.9997234E-01
   9.9997865E-01   9.9997865E-01   9.9997865E-01   9.9997865E-01   9.9986184E-01
   9.9986184E-01   9.9986184E-01   9.9986184E-01   9.9997233E-01   9.9997765E-01
   9.9997765E-01   9.9987691E-01   9.9987691E-01   9.9987691E-01   9.9997295E-01
   9.9997295E-01   9.9997073E-01   9.9997073E-01   9.9997186E-01   9.9997186E-01
   9.9997622E-01   9.9997207E-01   9.9997207E-01   9.9997622E-01   9.9997109E-01
   9.9997109E-01   9.9997636E-01   9.9997651E-01   9.9997630E-01   9.9997630E-01
   9.9997630E-01   9.9997630E-01   9.9997636E-01   9.9997636E-01   9.9997618E-01
   9.9997618E-01   9.9999955E-01

   1.0057637E+02   5.3405720E+03   1.5772185E+16   1.4397884E+01   9.3277145E-05   6.7271547E-03   1.0000000E+00    63 
   1.0001868E+00   1.0001868E+00   1.0000781E+00   1.0000781E+00   1.0000781E+00
   1.0001752E+00   1.0001752E+00   1.0001329E+00   1.0001119E+00   1.0001119E+00
   1.0001046E+00   1.0001682E+00   1.0001682E+00   1.0000362E+00   1.0001348E+00
   1.0001348E+00   1.0000244E+00   1.0000244E+00   9.9998171E-01   9.9998171E-01
   9.9993974E-01   9.9993974E-01   9.9993974E-01   1.0000061E+00   1.0000061E+00
   9.9999816E-01   9.9998128E-01   9.9998128E-01   9.9999697E-01   9.9999697E-01
   9.9999697E-01   9.9999697E-01   9.9999339E-01   9.9999339E-01   9.9992247E-01
   9.9991516E-01   9.9991516E-01   9.9991516E-01   9.9997866E-01   9.9997866E-01
   9.9999141E-01   9.9999141E-01   1.0000012E+00   1.0000012E+00   9.9999542E-01
   1.0000309E+00   1.0000309E+00   1.0000309E+00   1.0000309E+00   9.9984812E-01
   9.9984812E-01   9.9984812E-01   9.9984812E-01   9.9999821E-01   9.9998949E-01
   9.9998949E-01   9.9987318E-01   9.9987318E-01   9.9987318E-01   9.9999792E-01
   9.9999792E-01   9.9997784E-01   9.9997784E-01   9.9999571E-01   9.9999571E-01
   9.9998062E-01   9.9999533E-01   9.9999533E-01   9.9998062E-01   9.9999429E-01
   9.9999429E-01   9.9999760E-01   9.9999775E-01   9.9999179E-01   9.9999179E-01
   9.9999706E-01   9.9999706E-01   9.9999708E-01   9.9999708E-01   9.9999686E-01
   9.9999686E-01   1.0000013E+00
