
 24-FEB-2004                           !Format date

   1.0057637E+02     1.0810E+06       76       63

   1.1341482E+04   2.5229503E+00   2.8249382E+06   1.8495937E+00   7.5006492E+01   2.9481942E+03   1.0000000E+00     1 
   4.9983976E-04   2.7911004E-07   2.7911004E-07   2.7911004E-07   1.4608403E-08
   5.7622009E-10   5.7622009E-10   5.7622009E-10   1.0425333E-08   1.3521697E-08
   5.7138720E-05   6.8492668E-04   5.8521953E-02   6.1166378E-05   6.1166378E-05
   6.1166378E-05   5.5760160E-04   5.5760160E-04   5.5760160E-04   6.4143311E-05
   2.3731484E-06   2.3731484E-06   2.3731484E-06   2.1321094E-01   6.6537582E-04
   3.3316956E-04   3.3316956E-04   3.3316956E-04   1.1174071E-04   4.2609941E-04
   4.2609941E-04   4.2609941E-04   5.8852758E-02   1.1614848E-03   1.1614848E-03
   1.1614848E-03   6.4389791E-04   5.6767111E-06   3.5293353E-04   1.3624487E-05
   1.3624487E-05   1.3624487E-05   2.5103136E-06   2.5103136E-06   2.5103136E-06
   5.7845353E-06   1.5234359E+00   3.3798082E-03   3.3798082E-03   3.3798082E-03
   6.3259106E-06   6.3259106E-06   6.3259106E-06   8.4831502E-03   3.3520669E-02
   3.3554863E-05   3.3554863E-05   3.3554863E-05   3.4192986E-01   1.1213563E-05
   1.2589377E-03   3.3451975E-02   4.3076625E-03   1.1778752E+01   1.7264087E-03
   1.7264087E-03   1.7264087E-03   9.5914725E-04   1.4937410E-03   1.5185551E-03
   1.5185551E-03   1.5185551E-03   1.1016236E-03   1.1016236E-03   1.1016236E-03
   1.0750917E-03

   1.1234034E+04   2.5741678E+00   2.8794849E+06   1.8496862E+00   7.4932362E+01   2.9479382E+03   1.0000000E+00     2 
   4.9111560E-04   2.7944219E-07   2.7944219E-07   2.7944219E-07   1.4772109E-08
   5.8750463E-10   5.8750463E-10   5.8750463E-10   1.0453076E-08   1.3554237E-08
   5.8235249E-05   6.8578669E-04   5.8654102E-02   6.2323169E-05   6.2323169E-05
   6.2323169E-05   5.6813914E-04   5.6813914E-04   5.6813914E-04   6.4068955E-05
   2.4091644E-06   2.4091644E-06   2.4091644E-06   2.1327515E-01   6.6508209E-04
   3.3955353E-04   3.3955353E-04   3.3955353E-04   1.1248059E-04   4.3400289E-04
   4.3400289E-04   4.3400289E-04   5.8869731E-02   1.1636874E-03   1.1636874E-03
   1.1636874E-03   6.5605656E-04   5.7135351E-06   3.5452772E-04   1.3752568E-05
   1.3752568E-05   1.3752568E-05   2.5167569E-06   2.5167569E-06   2.5167569E-06
   5.8222101E-06   1.5184193E+00   3.4428065E-03   3.4428065E-03   3.4428065E-03
   6.3477408E-06   6.3477408E-06   6.3477408E-06   8.5075979E-03   3.3607270E-02
   3.3592482E-05   3.3592482E-05   3.3592482E-05   3.4224720E-01   1.1285739E-05
   1.2676424E-03   3.3535789E-02   4.3092059E-03   1.1806548E+01   1.7524478E-03
   1.7524478E-03   1.7524478E-03   9.6683132E-04   1.4942126E-03   1.5190364E-03
   1.5190364E-03   1.5190364E-03   1.1021680E-03   1.1021680E-03   1.1021680E-03
   1.0754484E-03

   1.1021993E+04   2.6800718E+00   2.9918700E+06   1.8498852E+00   7.4777829E+01   2.9474172E+03   1.0000000E+00     3 
   4.7424204E-04   2.8018067E-07   2.8018067E-07   2.8018067E-07   1.5171020E-08
   6.1087424E-10   6.1087424E-10   6.1087424E-10   1.0571434E-08   1.3680498E-08
   6.0498623E-05   6.9001568E-04   5.9352605E-02   6.4708865E-05   6.4708865E-05
   6.4708865E-05   5.8987120E-04   5.8987120E-04   5.8987120E-04   6.4303768E-05
   2.4833076E-06   2.4833076E-06   2.4833076E-06   2.1341520E-01   6.6773820E-04
   3.5258425E-04   3.5258425E-04   3.5258425E-04   1.1400897E-04   4.5028801E-04
   4.5028801E-04   4.5028801E-04   5.9236311E-02   1.1682809E-03   1.1682809E-03
   1.1682809E-03   6.8110734E-04   5.8001188E-06   3.5930639E-04   1.4017070E-05
   1.4017070E-05   1.4017070E-05   2.5304380E-06   2.5304380E-06   2.5304380E-06
   5.9124193E-06   1.5202648E+00   3.5725609E-03   3.5725609E-03   3.5725609E-03
   6.3931733E-06   6.3931733E-06   6.3931733E-06   8.5927501E-03   3.3922057E-02
   3.3672166E-05   3.3672166E-05   3.3672166E-05   3.4298935E-01   1.1455470E-05
   1.2859817E-03   3.3840927E-02   4.3125176E-03   1.1911640E+01   1.8058655E-03
   1.8058655E-03   1.8058655E-03   9.8520211E-04   1.4952273E-03   1.5200720E-03
   1.5200720E-03   1.5200720E-03   1.1033324E-03   1.1033324E-03   1.1033324E-03
   1.0762193E-03

   1.0610344E+04   2.9056773E+00   3.2296947E+06   1.8503157E+00   7.4448948E+01   2.9463495E+03   1.0000000E+00     4 
   4.4251456E-04   2.8180633E-07   2.8180633E-07   2.8180633E-07   1.5973169E-08
   6.6057968E-10   6.6057968E-10   6.6057968E-10   1.0842941E-08   1.3970190E-08
   6.5292084E-05   7.0000057E-04   6.0962584E-02   6.9758232E-05   6.9758232E-05
   6.9758232E-05   6.3581252E-04   6.3581252E-04   6.3581252E-04   6.5283845E-05
   2.6406001E-06   2.6406001E-06   2.6406001E-06   2.1372679E-01   6.7735807E-04
   3.8014380E-04   3.8014380E-04   3.8014380E-04   1.1724310E-04   4.8469437E-04
   4.8469437E-04   4.8469437E-04   6.0300454E-02   1.1780521E-03   1.1780521E-03
   1.1780521E-03   7.3404127E-04   5.9905260E-06   3.7010282E-04   1.4579462E-05
   1.4579462E-05   1.4579462E-05   2.5608120E-06   2.5608120E-06   2.5608120E-06
   6.1113763E-06   1.5398649E+00   3.8463329E-03   3.8463329E-03   3.8463329E-03
   6.4912737E-06   6.4912737E-06   6.4912737E-06   8.7843537E-03   3.4632401E-02
   3.3846533E-05   3.3846533E-05   3.3846533E-05   3.4461909E-01   1.1829096E-05
   1.3249268E-03   3.4530060E-02   4.3196990E-03   1.2149188E+01   1.9200653E-03
   1.9200653E-03   1.9200653E-03   1.0258029E-03   1.4974233E-03   1.5223132E-03
   1.5223132E-03   1.5223132E-03   1.1058811E-03   1.1058811E-03   1.1058811E-03
   1.0778904E-03

   9.8324823E+03   3.4192249E+00   3.7637926E+06   1.8512146E+00   7.3717343E+01   2.9441008E+03   1.0000000E+00     5 
   3.8524373E-04   2.8503357E-07   2.8503357E-07   2.8503357E-07   1.7845873E-08
   7.7196571E-10   7.7196571E-10   7.7196571E-10   1.1476785E-08   1.4642057E-08
   7.5997791E-05   7.2311303E-04   6.4754987E-02   8.1027998E-05   8.1027998E-05
   8.1027998E-05   7.3808534E-04   7.3808534E-04   7.3808534E-04   6.7588297E-05
   2.9940916E-06   2.9940916E-06   2.9940916E-06   2.1432873E-01   6.9995368E-04
   4.4187381E-04   4.4187381E-04   4.4187381E-04   1.2442555E-04   5.6140643E-04
   5.6140643E-04   5.6140643E-04   6.2725775E-02   1.1994559E-03   1.1994559E-03
   1.1994559E-03   8.5211897E-04   6.4415064E-06   3.9545890E-04   1.5841849E-05
   1.5841849E-05   1.5841849E-05   2.6343695E-06   2.6343695E-06   2.6343695E-06
   6.5832109E-06   1.5859869E+00   4.4551471E-03   4.4551471E-03   4.4551471E-03
   6.7158726E-06   6.7158726E-06   6.7158726E-06   9.2191204E-03   3.6233676E-02
   3.4246419E-05   3.4246419E-05   3.4246419E-05   3.4805674E-01   1.2716870E-05
   1.4118842E-03   3.6086652E-02   4.3349889E-03   1.2683599E+01   2.1787103E-03
   2.1787103E-03   2.1787103E-03   1.1238514E-03   1.5020164E-03   1.5270027E-03
   1.5270027E-03   1.5270027E-03   1.1115892E-03   1.1115892E-03   1.1115892E-03
   1.0814120E-03

   8.4398396E+03   4.7498979E+00   5.1172808E+06   1.8530458E+00   7.2120647E+01   2.9389838E+03   1.0000000E+00     6 
   2.9126945E-04   2.9110340E-07   2.9110340E-07   2.9110340E-07   2.2888344E-08
   1.0513723E-09   1.0513723E-09   1.0513723E-09   1.2959145E-08   1.6218285E-08
   1.0282400E-04   7.7524817E-04   7.3609156E-02   1.0924942E-04   1.0924942E-04
   1.0924942E-04   9.9253638E-04   9.9253638E-04   9.9253638E-04   7.2768535E-05
   3.8977113E-06   3.8977113E-06   3.8977113E-06   2.1516784E-01   7.5339054E-04
   5.9925782E-04   5.9925782E-04   5.9925782E-04   1.4221090E-04   7.5371253E-04
   7.5371253E-04   7.5371253E-04   6.7490423E-02   1.2503579E-03   1.2503579E-03
   1.2503579E-03   1.1485132E-03   7.6717480E-06   4.5841745E-04   1.9048619E-05
   1.9048619E-05   1.9048619E-05   2.8525414E-06   2.8525414E-06   2.8525414E-06
   7.8658586E-06   1.6756807E+00   5.9707053E-03   5.9707053E-03   5.9707053E-03
   7.3101384E-06   7.3101384E-06   7.3101384E-06   1.0117250E-02   3.9410159E-02
   3.5304776E-05   3.5304776E-05   3.5304776E-05   3.5616168E-01   1.5165473E-05
   1.6275073E-03   3.9200178E-02   4.3680841E-03   1.3722021E+01   2.8510326E-03
   2.8510326E-03   2.8510326E-03   1.4031858E-03   1.5114024E-03   1.5365982E-03
   1.5365982E-03   1.5365982E-03   1.1258137E-03   1.1258137E-03   1.1258137E-03
   1.0887581E-03

   6.2778820E+03   8.9876583E+00   9.2882207E+06   1.8563132E+00   6.9135469E+01   2.9264839E+03   1.0000000E+00     7 
   1.6798173E-04   3.0047412E-07   3.0047412E-07   3.0047412E-07   3.3637763E-08
   1.8778415E-09   1.8778415E-09   1.8778415E-09   1.5668430E-08   1.9259616E-08
   1.8340169E-04   8.6281720E-04   8.9104361E-02   1.9354904E-04   1.9354904E-04
   1.9354904E-04   1.7424300E-03   1.7424300E-03   1.7424300E-03   8.3981109E-05
   6.7477573E-06   6.7477573E-06   6.7477573E-06   2.1416554E-01   8.8362988E-04
   1.0791787E-03   1.0791787E-03   1.0791787E-03   1.9474625E-04   1.3370714E-03
   1.3370714E-03   1.3370714E-03   7.6486528E-02   1.3887859E-03   1.3887859E-03
   1.3887859E-03   2.0554794E-03   1.1618706E-05   6.4716039E-04   2.8744509E-05
   2.8744509E-05   2.8744509E-05   3.8055405E-06   3.8055405E-06   3.8055405E-06
   1.1996541E-05   1.7869802E+00   1.0470076E-02   1.0470076E-02   1.0470076E-02
   9.2573181E-06   9.2573181E-06   9.2573181E-06   1.2229145E-02   4.6368166E-02
   3.9131133E-05   3.9131133E-05   3.9131133E-05   3.7499336E-01   2.3055134E-05
   2.2398146E-03   4.6147568E-02   4.4422210E-03   1.5926347E+01   4.8440350E-03
   4.8440350E-03   4.8440350E-03   2.3462175E-03   1.5282450E-03   1.5539044E-03
   1.5539044E-03   1.5539044E-03   1.1728137E-03   1.1728137E-03   1.1728137E-03
   1.1029468E-03

   4.6756742E+03   1.7464179E+01   1.6838946E+07   1.8603975E+00   6.4429867E+01   2.9100589E+03   1.0000000E+00     8 
   9.6348743E-05   3.0667536E-07   3.0667536E-07   3.0667536E-07   4.7907351E-08
   3.2709252E-09   3.2709252E-09   3.2709252E-09   1.7896806E-08   2.2153989E-08
   3.1907016E-04   9.1677239E-04   9.9816626E-02   3.3477271E-04   3.3477271E-04
   3.3477271E-04   2.9724997E-03   2.9724997E-03   2.9724997E-03   1.0254012E-04
   1.1997706E-05   1.1997706E-05   1.1997706E-05   2.0656962E-01   1.0926452E-03
   1.9213570E-03   1.9213570E-03   1.9213570E-03   2.8264986E-04   2.3226839E-03
   2.3226839E-03   2.3226839E-03   8.4899189E-02   1.6121609E-03   1.6121609E-03
   1.6121609E-03   3.5683696E-03   1.8650730E-05   1.0043262E-03   4.5742079E-05
   4.5742079E-05   4.5742079E-05   6.5168549E-06   6.5168549E-06   6.5168549E-06
   1.9459683E-05   1.8667745E+00   1.7856449E-02   1.7856449E-02   1.7856449E-02
   1.3370016E-05   1.3370016E-05   1.3370016E-05   1.4852368E-02   5.3612515E-02
   4.8974367E-05   4.8974367E-05   4.8974367E-05   3.6191275E-01   3.7163640E-05
   3.2264207E-03   5.3500283E-02   4.5737109E-03   1.7970699E+01   8.1769103E-03
   8.1769103E-03   8.1769103E-03   4.1765318E-03   1.5494797E-03   1.5758862E-03
   1.5758862E-03   1.5758862E-03   1.2905291E-03   1.2905291E-03   1.2905291E-03
   1.1226002E-03

   3.4842997E+03   3.5502172E+01   3.0552823E+07   1.8657246E+00   5.7391322E+01   2.8881725E+03   1.0000000E+00     9 
   5.4525921E-05   3.0732362E-07   3.0732362E-07   3.0732362E-07   6.8577972E-08
   5.4869309E-09   5.4869309E-09   5.4869309E-09   2.0096143E-08   2.6266556E-08
   5.3538385E-04   9.5082830E-04   1.0800501E-01   5.5700449E-04   5.5700449E-04
   5.5700449E-04   4.8408083E-03   4.8408083E-03   4.8408083E-03   1.3977060E-04
   2.1428204E-05   2.1428204E-05   2.1428204E-05   1.9377266E-01   1.5389465E-03
   3.3107013E-03   3.3107013E-03   3.3107013E-03   4.2245252E-04   3.8533798E-03
   3.8533798E-03   3.8533798E-03   9.1833912E-02   1.9617069E-03   1.9617069E-03
   1.9617069E-03   5.9713808E-03   3.1158258E-05   1.7583238E-03   7.5405317E-05
   7.5405317E-05   7.5405317E-05   1.3890907E-05   1.3890907E-05   1.3890907E-05
   3.3152425E-05   1.8786205E+00   2.9237153E-02   2.9237153E-02   2.9237153E-02
   2.2462203E-05   2.2462203E-05   2.2462203E-05   1.8616895E-02   6.1501738E-02
   7.5582891E-05   7.5582891E-05   7.5582891E-05   3.3683458E-01   6.2569996E-05
   4.8071788E-03   6.1477517E-02   4.8448026E-03   1.9668703E+01   1.3555942E-02
   1.3555942E-02   1.3555942E-02   7.7533922E-03   1.5774933E-03   1.6052552E-03
   1.6052552E-03   1.6052552E-03   1.5935724E-03   1.5935724E-03   1.5935724E-03
   1.1527679E-03

   2.5985463E+03   7.7215497E+01   5.5496119E+07   1.8726938E+00   4.7756731E+01   2.8587913E+03   1.0000000E+00    10 
   3.0046719E-05   2.9778727E-07   2.9778727E-07   2.9778727E-07   9.6231272E-08
   8.6756122E-09   8.6756122E-09   8.6756122E-09   2.1710027E-08   3.2830124E-08
   8.4813407E-04   9.3796335E-04   1.0945638E-01   8.7323140E-04   8.7323140E-04
   8.7323140E-04   7.3554763E-03   7.3554763E-03   7.3554763E-03   2.1797419E-04
   3.8058129E-05   3.8058129E-05   3.8058129E-05   1.7251161E-01   2.5098294E-03
   5.4012425E-03   5.4012425E-03   5.4012425E-03   6.2694908E-04   6.1251818E-03
   6.1251818E-03   6.1251818E-03   9.5799605E-02   2.4689599E-03   2.4689599E-03
   2.4689599E-03   9.5206870E-03   5.1218512E-05   3.3230293E-03   1.2535237E-04
   1.2535237E-04   1.2535237E-04   3.2266992E-05   3.2266992E-05   3.2266992E-05
   5.6088742E-05   1.8051750E+00   4.4867805E-02   4.4867805E-02   4.4867805E-02
   4.2264375E-05   4.2264375E-05   4.2264375E-05   2.4494812E-02   7.0308380E-02
   1.4449007E-04   1.4449007E-04   1.4449007E-04   2.9416928E-01   1.0419415E-04
   7.2479085E-03   6.9663740E-02   5.4352876E-03   2.0568101E+01   2.1219192E-02
   2.1219192E-02   2.1219192E-02   1.4198504E-02   1.6147224E-03   1.6451811E-03
   1.6451811E-03   1.6451811E-03   2.3301362E-03   2.3301362E-03   2.3301362E-03
   1.2046344E-03

   1.9408575E+03   1.8392325E+02   1.0087043E+08   1.8822690E+00   3.6196656E+01   2.8193933E+03   1.0000000E+00    11 
   1.6111860E-05   2.7758351E-07   2.7758351E-07   2.7758351E-07   1.3202929E-07
   1.2765124E-08   1.2765124E-08   1.2765124E-08   2.2529838E-08   4.5595576E-08
   1.2439691E-03   8.6649255E-04   1.0158391E-01   1.2608330E-03   1.2608330E-03
   1.2608330E-03   1.0170737E-02   1.0170737E-02   1.0170737E-02   3.7805505E-04
   6.5625171E-05   6.5625171E-05   6.5625171E-05   1.4309840E-01   4.5413675E-03
   8.1915412E-03   8.1915412E-03   8.1915412E-03   8.9437780E-04   9.0510933E-03
   9.0510933E-03   9.0510933E-03   9.5480412E-02   3.1280727E-03   3.1280727E-03
   3.1280727E-03   1.4151325E-02   7.9931022E-05   6.3856155E-03   2.0527153E-04
   2.0527153E-04   2.0527153E-04   7.3979029E-05   7.3979029E-05   7.3979029E-05
   9.0754623E-05   1.6612852E+00   6.2688342E-02   6.2688342E-02   6.2688342E-02
   8.3146752E-05   8.3146752E-05   8.3146752E-05   3.4061312E-02   8.1128448E-02
   3.1004694E-04   3.1004694E-04   3.1004694E-04   2.3538840E-01   1.6685576E-04
   1.0883359E-02   7.7351145E-02   6.6896348E-03   2.0158304E+01   3.0606004E-02
   3.0606004E-02   3.0606004E-02   2.4724113E-02   1.6670109E-03   1.7032351E-03
   1.7032351E-03   1.7032351E-03   3.9179250E-03   3.9179250E-03   3.9179250E-03
   1.3110503E-03

   1.4530208E+03   4.8693161E+02   1.8340066E+08   1.8957601E+00   2.4537314E+01   2.7667114E+03   1.0000000E+00    12 
   8.5239888E-06   2.5106874E-07   2.5106874E-07   2.5106874E-07   1.8142177E-07
   1.7528357E-08   1.7528357E-08   1.7528357E-08   2.3180197E-08   7.4102736E-08
   1.6713642E-03   7.4929181E-04   8.5330978E-02   1.6648162E-03   1.6648162E-03
   1.6648162E-03   1.2618478E-02   1.2618478E-02   1.2618478E-02   6.9057288E-04
   1.0889651E-04   1.0889651E-04   1.0889651E-04   1.0932835E-01   8.6567163E-03
   1.1422728E-02   1.1422728E-02   1.1422728E-02   1.2052755E-03   1.2521915E-02
   1.2521915E-02   1.2521915E-02   8.9587915E-02   3.9014286E-03   3.9014286E-03
   3.9014286E-03   1.9579274E-02   1.1868415E-04   1.2061789E-02   3.2859654E-04
   3.2859654E-04   3.2859654E-04   1.4866884E-04   1.4866884E-04   1.4866884E-04
   1.4078700E-04   1.4465439E+00   7.8747659E-02   7.8747659E-02   7.8747659E-02
   1.6058306E-04   1.6058306E-04   1.6058306E-04   4.9785045E-02   9.7182760E-02
   6.6646478E-04   6.6646478E-04   6.6646478E-04   1.7211363E-01   2.5780505E-04
   1.6202299E-02   8.4112827E-02   9.1094220E-03   1.8131896E+01   3.9986664E-02
   3.9986664E-02   3.9986664E-02   4.0567863E-02   1.7430464E-03   1.7920258E-03
   1.7920258E-03   1.7920258E-03   6.8334109E-03   6.8334109E-03   6.8334109E-03
   1.5661062E-03

   1.0915123E+03   1.4282160E+03   3.3344042E+08   1.9147175E+00   1.4822693E+01   2.6967212E+03   1.0000000E+00    13 
   4.5920264E-06   2.2614224E-07   2.2614224E-07   2.2614224E-07   2.5630119E-07
   2.3260247E-08   2.3260247E-08   2.3260247E-08   2.6013537E-08   1.4141799E-07
   2.0652215E-03   6.3062207E-04   6.6003858E-02   2.0328132E-03   2.0328132E-03
   2.0328132E-03   1.4140644E-02   1.4140644E-02   1.4140644E-02   1.2677214E-03
   1.7478952E-04   1.7478952E-04   1.7478952E-04   7.7240654E-02   1.6662662E-02
   1.4786142E-02   1.4786142E-02   1.4786142E-02   1.5416484E-03   1.6525118E-02
   1.6525118E-02   1.6525118E-02   7.9695382E-02   4.7463654E-03   4.7463654E-03
   4.7463654E-03   2.5529296E-02   1.8016967E-04   2.1998391E-02   5.1272357E-04
   5.1272357E-04   5.1272357E-04   2.7351088E-04   2.7351088E-04   2.7351088E-04
   2.2322001E-04   1.1975529E+00   8.8815882E-02   8.8815882E-02   8.8815882E-02
   2.9805201E-04   2.9805201E-04   2.9805201E-04   7.4977803E-02   1.2594339E-01
   1.3631686E-03   1.3631686E-03   1.3631686E-03   1.1586593E-01   4.1458638E-04
   2.3832792E-02   9.2380442E-02   1.3226468E-02   1.4961353E+01   4.7177546E-02
   4.7177546E-02   4.7177546E-02   6.3754403E-02   1.8551019E-03   1.9325696E-03
   1.9325696E-03   1.9325696E-03   1.1366203E-02   1.1366203E-02   1.1366203E-02
   2.2344119E-03

   8.2390322E+02   4.5441641E+03   6.0578738E+08   1.9422445E+00   8.0290234E+00   2.6052265E+03   1.0000000E+00    14 
   2.7154642E-06   2.1732637E-07   2.1732637E-07   2.1732637E-07   3.9090766E-07
   3.2940259E-08   3.2940259E-08   3.2940259E-08   3.7033666E-08   3.0869097E-07
   2.4013053E-03   5.6706892E-04   4.9321938E-02   2.4020067E-03   2.4020067E-03
   2.4020067E-03   1.5018486E-02   1.5018486E-02   1.5018486E-02   2.2880657E-03
   2.8265668E-04   2.8265668E-04   2.8265668E-04   5.1616918E-02   3.1696612E-02
   1.8406738E-02   1.8406738E-02   1.8406738E-02   1.9322365E-03   2.1973582E-02
   2.1973582E-02   2.1973582E-02   6.9081587E-02   5.7325873E-03   5.7325873E-03
   5.7325873E-03   3.2390092E-02   3.1471045E-04   3.8582131E-02   8.1008345E-04
   8.1008345E-04   8.1008345E-04   4.8397298E-04   4.8397298E-04   4.8397298E-04
   4.0277224E-04   9.5589266E-01   9.1564633E-02   9.1564633E-02   9.1564633E-02
   5.5041325E-04   5.5041325E-04   5.5041325E-04   1.1215139E-01   1.7876586E-01
   2.6888424E-03   2.6888424E-03   2.6888424E-03   7.4139633E-02   7.6774851E-04
   3.4055185E-02   1.0800723E-01   1.9405661E-02   1.1469664E+01   5.1373118E-02
   5.1373118E-02   5.1373118E-02   9.8109140E-02   2.0312259E-03   2.1735795E-03
   2.1735795E-03   2.1735795E-03   1.7719995E-02   1.7719995E-02   1.7719995E-02
   3.9970874E-03

   6.2602163E+02   1.5256883E+04   1.0976257E+09   1.9845700E+00   3.8670182E+00   2.4905748E+03   1.0000000E+00    15 
   1.9935333E-06   2.5034535E-07   2.5034535E-07   2.5034535E-07   7.1449158E-07
   5.7763126E-08   5.7763126E-08   5.7763126E-08   7.6761593E-08   7.8204137E-07
   2.7849504E-03   6.3967823E-04   3.9954939E-02   2.9549479E-03   2.9549479E-03
   2.9549479E-03   1.6732068E-02   1.6732068E-02   1.6732068E-02   4.1643554E-03
   4.8353856E-04   4.8353856E-04   4.8353856E-04   3.4478011E-02   6.0103951E-02
   2.3061590E-02   2.3061590E-02   2.3061590E-02   2.5131005E-03   2.9230423E-02
   2.9230423E-02   2.9230423E-02   6.1914873E-02   7.2329072E-03   7.2329072E-03
   7.2329072E-03   4.0944718E-02   6.7628347E-04   6.6710985E-02   1.3741207E-03
   1.3741207E-03   1.3741207E-03   8.9835221E-04   8.9835221E-04   8.9835221E-04
   8.9041651E-04   7.6399372E-01   8.9128201E-02   8.9128201E-02   8.9128201E-02
   1.0818058E-03   1.0818058E-03   1.0818058E-03   1.6432508E-01   2.7459661E-01
   5.3965594E-03   5.3965594E-03   5.3965594E-03   4.8196749E-02   1.7135599E-03
   4.6308930E-02   1.4275487E-01   2.7988105E-02   8.3117892E+00   5.3846396E-02
   5.3846396E-02   5.3846396E-02   1.5170512E-01   2.3442712E-03   2.6429978E-03
   2.6429978E-03   2.6429978E-03   2.7104427E-02   2.7104427E-02   2.7104427E-02
   8.4971460E-03

   4.7890745E+02   5.1041141E+04   1.9914092E+09   2.0523961E+00   1.6331911E+00   2.3458450E+03   1.0000000E+00    16 
   2.1664153E-06   4.1181471E-07   4.1181471E-07   4.1181471E-07   1.6646074E-06
   1.5311061E-07   1.5311061E-07   1.5311061E-07   2.2880021E-07   2.2516955E-06
   3.5220040E-03   9.7184743E-04   4.0610005E-02   4.1599561E-03   4.1599561E-03
   4.1599561E-03   2.2055912E-02   2.2055912E-02   2.2055912E-02   7.5724928E-03
   9.5298950E-04   9.5298950E-04   9.5298950E-04   2.4753132E-02   1.0814494E-01
   3.1013040E-02   3.1013040E-02   3.1013040E-02   3.7362686E-03   3.8670311E-02
   3.8670311E-02   3.8670311E-02   6.3137081E-02   1.0384900E-02   1.0384900E-02
   1.0384900E-02   5.2242045E-02   1.6305015E-03   1.0867203E-01   2.7080090E-03
   2.7080090E-03   2.7080090E-03   1.9374972E-03   1.9374972E-03   1.9374972E-03
   2.1737694E-03   6.5642452E-01   8.7876812E-02   8.7876812E-02   8.7876812E-02
   2.4738802E-03   2.4738802E-03   2.4738802E-03   2.2694511E-01   4.1329397E-01
   1.1702481E-02   1.1702481E-02   1.1702481E-02   3.4947732E-02   4.1056584E-03
   6.0391167E-02   2.0627747E-01   4.0146224E-02   5.9038052E+00   5.7949152E-02
   5.7949152E-02   5.7949152E-02   2.2481653E-01   2.9804081E-03   3.7118793E-03
   3.7118793E-03   3.7118793E-03   4.3603590E-02   4.3603590E-02   4.3603590E-02
   1.8555873E-02

   3.6959393E+02   1.5051798E+05   3.6315609E+09   2.1590312E+00   6.1969463E-01   2.1600962E+03   1.0000000E+00    17 
   4.1792420E-06   1.1451801E-06   1.1451801E-06   1.1451801E-06   5.4493414E-06
   6.6542731E-07   6.6542731E-07   6.6542731E-07   9.7210999E-07   7.3048006E-06
   5.3470978E-03   1.8122505E-03   5.5565406E-02   7.2273653E-03   7.2273653E-03
   7.2273653E-03   3.6125972E-02   3.6125972E-02   3.6125972E-02   1.5501343E-02
   2.2256084E-03   2.2256084E-03   2.2256084E-03   2.0377568E-02   1.8352538E-01
   4.8201504E-02   4.8201504E-02   4.8201504E-02   6.9954239E-03   5.3919394E-02
   5.3919394E-02   5.3919394E-02   7.9291279E-02   1.7809593E-02   1.7809593E-02
   1.7809593E-02   6.8761917E-02   4.0712608E-03   1.6932912E-01   6.3169522E-03
   6.3169522E-03   6.3169522E-03   4.8418307E-03   4.8418307E-03   4.8418307E-03
   5.4442604E-03   6.6582423E-01   9.6069954E-02   9.6069954E-02   9.6069954E-02
   6.5194713E-03   6.5194713E-03   6.5194713E-03   3.2431707E-01   5.6429381E-01
   2.7060936E-02   2.7060936E-02   2.7060936E-02   3.6310014E-02   9.8431771E-03
   7.8291057E-02   3.0312997E-01   5.9256864E-02   4.3590911E+00   6.9243889E-02
   6.9243889E-02   6.9243889E-02   3.1705229E-01   4.3926155E-03   6.4679901E-03
   6.4679901E-03   6.4679901E-03   7.4817603E-02   7.4817603E-02   7.4817603E-02
   4.1272335E-02

   2.8900439E+02   3.5992444E+05   6.6747743E+09   2.3126674E+00   2.3108842E-01   1.9223545E+03   1.0000000E+00    18 
   1.4610235E-05   5.4132486E-06   5.4132486E-06   5.4132486E-06   2.5933338E-05
   4.2238510E-06   4.2238510E-06   4.2238510E-06   5.7335205E-06   2.6752631E-05
   1.0059221E-02   3.4416563E-03   8.3878824E-02   1.5266200E-02   1.5266200E-02
   1.5266200E-02   6.7155340E-02   6.7155340E-02   6.7155340E-02   4.1865070E-02
   5.8695200E-03   5.8695200E-03   5.8695200E-03   2.0028319E-02   3.0220349E-01
   8.6646875E-02   8.6646875E-02   8.6646875E-02   1.6190605E-02   8.6725002E-02
   8.6725002E-02   8.6725002E-02   1.1232464E-01   3.4418190E-02   3.4418190E-02
   3.4418190E-02   9.6207204E-02   1.1457824E-02   2.6498994E-01   1.6060561E-02
   1.6060561E-02   1.6060561E-02   1.2784612E-02   1.2784612E-02   1.2784612E-02
   1.4063291E-02   7.7893553E-01   1.2308915E-01   1.2308915E-01   1.2308915E-01
   1.7938740E-02   1.7938740E-02   1.7938740E-02   5.2798137E-01   7.0234745E-01
   6.3474376E-02   6.3474376E-02   6.3474376E-02   4.9482334E-02   2.4532297E-02
   1.0136705E-01   4.2698073E-01   9.1615141E-02   3.4605729E+00   9.5877363E-02
   9.5877363E-02   9.5877363E-02   4.4626652E-01   7.7501155E-03   1.3631247E-02
   1.3631247E-02   1.3631247E-02   1.2681070E-01   1.2681070E-01   1.2681070E-01
   1.0398785E-01

   2.3028591E+02   7.2810075E+05   1.2204120E+10   2.5283629E+00   8.8609453E-02   1.6561071E+03   1.0000000E+00    19 
   9.2767673E-05   4.3497460E-05   4.3497460E-05   4.3497460E-05   1.7710202E-04
   3.7189679E-05   3.7189679E-05   3.7189679E-05   4.6740239E-05   1.6384708E-04
   2.5900852E-02   7.5665536E-03   1.3558669E-01   3.9077737E-02   3.9077737E-02
   3.9077737E-02   1.5437375E-01   1.5437375E-01   1.5437375E-01   1.0756259E-01
   1.7302317E-02   1.7302317E-02   1.7302317E-02   2.9259964E-02   5.3734499E-01
   1.7122554E-01   1.7122554E-01   1.7122554E-01   4.2182810E-02   1.5635488E-01
   1.5635488E-01   1.5635488E-01   1.6280206E-01   7.5481424E-02   7.5481424E-02
   7.5481424E-02   1.5434803E-01   3.7406369E-02   4.0482092E-01   4.3697802E-02
   4.3697802E-02   4.3697802E-02   3.5455675E-02   3.5455675E-02   3.5455675E-02
   3.7796778E-02   9.6340244E-01   1.7071656E-01   1.7071656E-01   1.7071656E-01
   4.9372426E-02   4.9372426E-02   4.9372426E-02   7.9928716E-01   1.0383665E+00
   1.5311867E-01   1.5311867E-01   1.5311867E-01   8.0666169E-02   6.0997795E-02
   1.3117608E-01   5.5258756E-01   1.5964714E-01   2.8761621E+00   1.5569155E-01
   1.5569155E-01   1.5569155E-01   6.3671491E-01   1.6176807E-02   3.3160140E-02
   3.3160140E-02   3.3160140E-02   2.2851639E-01   2.2851639E-01   2.2851639E-01
   2.2056883E-01

   1.8732298E+02   1.3626374E+06   2.2558788E+10   2.8072781E+00   3.4948040E-02   1.3541399E+03   1.0000000E+00    20 
   7.3875960E-04   4.3351561E-04   4.3351561E-04   4.3351561E-04   1.3386724E-03
   3.5863967E-04   3.5863967E-04   3.5863967E-04   4.0160079E-04   1.1254548E-03
   1.0163146E-01   2.1214389E-02   2.2817874E-01   1.1002630E-01   1.1002630E-01
   1.1002630E-01   3.9797236E-01   3.9797236E-01   3.9797236E-01   2.1196117E-01
   4.4334956E-02   4.4334956E-02   4.4334956E-02   5.7471591E-02   9.3690550E-01
   3.4144356E-01   3.4144356E-01   3.4144356E-01   1.0950854E-01   2.8895787E-01
   2.8895787E-01   2.8895787E-01   2.2317203E-01   1.7905367E-01   1.7905367E-01
   1.7905367E-01   2.6570708E-01   8.8379148E-02   5.9074253E-01   1.2012666E-01
   1.2012666E-01   1.2012666E-01   9.2036504E-02   9.2036504E-02   9.2036504E-02
   9.6184551E-02   1.0724579E+00   2.3849714E-01   2.3849714E-01   2.3849714E-01
   1.2724673E-01   1.2724673E-01   1.2724673E-01   1.2591221E+00   1.4995828E+00
   3.8783459E-01   3.8783459E-01   3.8783459E-01   1.3538375E-01   1.2865588E-01
   1.7289787E-01   6.4837341E-01   3.2864370E-01   2.3006523E+00   2.4578128E-01
   2.4578128E-01   2.4578128E-01   8.7392095E-01   3.6019847E-02   8.7722063E-02
   8.7722063E-02   8.7722063E-02   4.2077424E-01   4.2077424E-01   4.2077424E-01
   3.4818970E-01

   1.5629712E+02   2.4673958E+06   4.2646154E+10   3.1032329E+00   1.5459267E-02   1.0289587E+03   1.0000000E+00    21 
   3.7894415E-03   2.9231354E-03   2.9231354E-03   2.9231354E-03   7.0705830E-03
   2.1970478E-03   2.1970478E-03   2.1970478E-03   2.4491352E-03   5.3824848E-03
   2.0763676E-01   4.3548833E-02   2.9182790E-01   2.5398713E-01   2.5398713E-01
   2.5398713E-01   8.8574838E-01   8.8574838E-01   8.8574838E-01   3.7893059E-01
   9.6007287E-02   9.6007287E-02   9.6007287E-02   1.0792167E-01   1.3393885E+00
   6.8360545E-01   6.8360545E-01   6.8360545E-01   2.3914117E-01   4.8385527E-01
   4.8385527E-01   4.8385527E-01   2.8059312E-01   3.9860917E-01   3.9860917E-01
   3.9860917E-01   4.4415998E-01   2.0774264E-01   7.3768922E-01   2.5050164E-01
   2.5050164E-01   2.5050164E-01   1.8962134E-01   1.8962134E-01   1.8962134E-01
   2.0741537E-01   9.5337857E-01   3.4570822E-01   3.4570822E-01   3.4570822E-01
   2.5481542E-01   2.5481542E-01   2.5481542E-01   9.9582904E-01   1.5966047E+00
   9.7791016E-01   9.7791016E-01   9.7791016E-01   2.0487918E-01   2.4204969E-01
   2.3258592E-01   6.9805841E-01   4.9112942E-01   1.6259940E+00   3.1069715E-01
   3.1069715E-01   3.1069715E-01   1.1179105E+00   7.7997893E-02   2.2948934E-01
   2.2948934E-01   2.2948934E-01   7.2581471E-01   7.2581471E-01   7.2581471E-01
   4.2017668E-01

   1.3525275E+02   4.3040198E+06   8.0502317E+10   3.4279018E+00   1.0020800E-02   7.2792964E+02   1.0000000E+00    22 
   2.1686778E-02   1.6743265E-02   1.6743265E-02   1.6743265E-02   2.7475770E-02
   1.0525113E-02   1.0525113E-02   1.0525113E-02   1.0734905E-02   1.8362462E-02
   5.8506681E-01   5.5017586E-02   5.2717447E-01   5.6148829E-01   5.6148829E-01
   5.6148829E-01   1.7891955E+00   1.7891955E+00   1.7891955E+00   5.7785958E-01
   2.2971645E-01   2.2971645E-01   2.2971645E-01   1.6249741E-01   1.3174297E+00
   1.1403878E+00   1.1403878E+00   1.1403878E+00   4.5700568E-01   7.6635719E-01
   7.6635719E-01   7.6635719E-01   3.9176616E-01   7.4181900E-01   7.4181900E-01
   7.4181900E-01   6.4838965E-01   1.8679965E-01   8.3239147E-01   4.7101996E-01
   4.7101996E-01   4.7101996E-01   3.2679178E-01   3.2679178E-01   3.2679178E-01
   3.9642160E-01   9.8857210E-01   4.7654220E-01   4.7654220E-01   4.7654220E-01
   4.3182083E-01   4.3182083E-01   4.3182083E-01   1.4084274E+00   2.0276564E+00
   1.4896656E+00   1.4896656E+00   1.4896656E+00   3.2129923E-01   3.7368318E-01
   3.5131189E-01   7.8211468E-01   7.3711134E-01   1.4759970E+00   4.1320062E-01
   4.1320062E-01   4.1320062E-01   1.0584932E+00   1.4390287E-01   4.3072605E-01
   4.3072605E-01   4.3072605E-01   1.0617920E+00   1.0617920E+00   1.0617920E+00
   4.8915976E-01

   1.2356812E+02   6.7273882E+06   1.3634361E+11   3.6397230E+00   7.8695230E-03   5.1492786E+02   1.0000000E+00    23 
   4.6746441E-02   3.8982884E-02   3.8982884E-02   3.8982884E-02   5.4721329E-02
   2.2408724E-02   2.2408724E-02   2.2408724E-02   2.4301694E-02   3.6242648E-02
   7.9508899E-01   1.1042314E-01   6.4007491E-01   8.4974915E-01   8.4974915E-01
   8.4974915E-01   2.2364842E+00   2.2364842E+00   2.2364842E+00   6.6020325E-01
   3.1883809E-01   3.1883809E-01   3.1883809E-01   2.3653632E-01   1.5832634E+00
   1.8737019E+00   1.8737019E+00   1.8737019E+00   6.3755840E-01   1.0762114E+00
   1.0762114E+00   1.0762114E+00   4.6221724E-01   1.0226192E+00   1.0226192E+00
   1.0226192E+00   8.3131790E-01   2.8786967E-01   7.8677017E-01   6.1197913E-01
   6.1197913E-01   6.1197913E-01   4.9174657E-01   4.9174657E-01   4.9174657E-01
   5.3244572E-01   8.7335911E-01   5.1473589E-01   5.1473589E-01   5.1473589E-01
   5.3306387E-01   5.3306387E-01   5.3306387E-01   1.6896671E+00   9.7526620E-01
   1.6932756E+00   1.6932756E+00   1.6932756E+00   3.6210968E-01   4.9074643E-01
   4.7785254E-01   7.5641367E-01   8.4410424E-01   1.2669462E+00   4.3137377E-01
   4.3137377E-01   4.3137377E-01   1.2006739E+00   2.1437391E-01   5.7956596E-01
   5.7956596E-01   5.7956596E-01   1.0270578E+00   1.0270578E+00   1.0270578E+00
   5.4725159E-01

   1.1645889E+02   1.0035200E+07   2.1691488E+11   3.7978819E+00   8.0850505E-03   3.6438532E+02   1.0000000E+00    24 
   8.6579056E-02   7.1868176E-02   7.1868176E-02   7.1868176E-02   8.5803916E-02
   4.0364023E-02   4.0364023E-02   4.0364023E-02   4.1629189E-02   5.8216875E-02
   9.0092506E-01   2.5921896E-01   6.8345472E-01   1.0032317E+00   1.0032317E+00
   1.0032317E+00   2.5952217E+00   2.5952217E+00   2.5952217E+00   8.6889059E-01
   3.6389577E-01   3.6389577E-01   3.6389577E-01   3.3115232E-01   1.5410893E+00
   1.6709975E+00   1.6709975E+00   1.6709975E+00   7.9236896E-01   1.6211067E+00
   1.6211067E+00   1.6211067E+00   5.0191652E-01   1.2132984E+00   1.2132984E+00
   1.2132984E+00   1.1219891E+00   4.4081993E-01   6.0114780E-01   7.5408395E-01
   7.5408395E-01   7.5408395E-01   7.1174782E-01   7.1174782E-01   7.1174782E-01
   6.0497991E-01   8.9782875E-01   6.0638954E-01   6.0638954E-01   6.0638954E-01
   6.4296862E-01   6.4296862E-01   6.4296862E-01   1.8509511E+00   1.1410643E+00
   1.9664823E+00   1.9664823E+00   1.9664823E+00   4.1727420E-01   5.7453992E-01
   5.8436235E-01   7.9953125E-01   9.3564967E-01   1.2957050E+00   4.9285873E-01
   4.9285873E-01   4.9285873E-01   1.2319337E+00   2.6743329E-01   7.3322180E-01
   7.3322180E-01   7.3322180E-01   1.3331914E+00   1.3331914E+00   1.3331914E+00
   6.7642030E-01

   1.1191196E+02   1.4928613E+07   3.3092522E+11   3.9319166E+00   8.9921466E-03   2.5864938E+02   1.0000000E+00    25 
   1.4240799E-01   1.2141843E-01   1.2141843E-01   1.2141843E-01   1.3253513E-01
   6.9238404E-02   6.9238404E-02   6.9238404E-02   6.6893899E-02   8.9593901E-02
   9.6641833E-01   3.1019214E-01   6.8791692E-01   1.1148858E+00   1.1148858E+00
   1.1148858E+00   2.9016057E+00   2.9016057E+00   2.9016057E+00   1.2084877E+00
   3.9439751E-01   3.9439751E-01   3.9439751E-01   3.8300355E-01   1.6721402E+00
   1.4980387E+00   1.4980387E+00   1.4980387E+00   9.2666477E-01   1.7112075E+00
   1.7112075E+00   1.7112075E+00   5.2687547E-01   1.3545390E+00   1.3545390E+00
   1.3545390E+00   1.2671981E+00   5.1183444E-01   5.7605026E-01   8.7812059E-01
   8.7812059E-01   8.7812059E-01   8.5457999E-01   8.5457999E-01   8.5457999E-01
   7.3464868E-01   9.4697905E-01   7.0157705E-01   7.0157705E-01   7.0157705E-01
   7.6145763E-01   7.6145763E-01   7.6145763E-01   1.7823718E+00   1.6240815E+00
   2.1992566E+00   2.1992566E+00   2.1992566E+00   5.1820031E-01   6.5513468E-01
   6.5732000E-01   8.4910913E-01   9.5333243E-01   1.3380765E+00   5.5520516E-01
   5.5520516E-01   5.5520516E-01   1.5060253E+00   3.3676235E-01   8.5874077E-01
   8.5874077E-01   8.5874077E-01   1.5376263E+00   1.5376263E+00   1.5376263E+00
   8.2321161E-01

   1.0890312E+02   2.2402005E+07   4.9287427E+11   4.0198827E+00   1.0748847E-02   1.8338929E+02   1.0000000E+00    26 
   1.8611745E-01   1.6721123E-01   1.6721123E-01   1.6721123E-01   1.7986574E-01
   1.0098574E-01   1.0098574E-01   1.0098574E-01   9.0948821E-02   1.1774693E-01
   9.8426574E-01   2.6671698E-01   6.3819651E-01   1.1355186E+00   1.1355186E+00
   1.1355186E+00   2.9722564E+00   2.9722564E+00   2.9722564E+00   1.4398464E+00
   4.0928759E-01   4.0928759E-01   4.0928759E-01   4.0174862E-01   2.2965698E+00
   1.3450891E+00   1.3450891E+00   1.3450891E+00   1.0085172E+00   1.4281560E+00
   1.4281560E+00   1.4281560E+00   5.2789729E-01   1.3985295E+00   1.3985295E+00
   1.3985295E+00   1.1920237E+00   6.1718588E-01   5.8339439E-01   9.6232923E-01
   9.6232923E-01   9.6232923E-01   9.0752356E-01   9.0752356E-01   9.0752356E-01
   8.4642524E-01   9.8161514E-01   7.5630603E-01   7.5630603E-01   7.5630603E-01
   8.7896353E-01   8.7896353E-01   8.7896353E-01   1.5744321E+00   1.5943330E+00
   2.1742587E+00   2.1742587E+00   2.1742587E+00   6.1923950E-01   7.2115816E-01
   6.9625312E-01   9.4919718E-01   9.7980649E-01   1.3631813E+00   6.0429245E-01
   6.0429245E-01   6.0429245E-01   1.6635775E+00   3.9999607E-01   8.9154426E-01
   8.9154426E-01   8.9154426E-01   1.5512281E+00   1.5512281E+00   1.5512281E+00
   9.0882363E-01

   1.0686730E+02   3.3468070E+07   7.2115837E+11   4.0754363E+00   1.4016317E-02   1.3015632E+02   1.0000000E+00    27 
   2.2438697E-01   2.0534876E-01   2.0534876E-01   2.0534876E-01   2.1482151E-01
   1.3212610E-01   1.3212610E-01   1.3212610E-01   1.0687260E-01   1.3261311E-01
   1.0029710E+00   2.3528126E-01   5.6908874E-01   1.1178531E+00   1.1178531E+00
   1.1178531E+00   2.8820968E+00   2.8820968E+00   2.8820968E+00   1.4820718E+00
   4.4052931E-01   4.4052931E-01   4.4052931E-01   3.7570057E-01   2.5386417E+00
   1.1850067E+00   1.1850067E+00   1.1850067E+00   1.0693750E+00   1.1724185E+00
   1.1724185E+00   1.1724185E+00   5.0892706E-01   1.3825641E+00   1.3825641E+00
   1.3825641E+00   1.0934311E+00   6.6770786E-01   5.4542165E-01   1.0479087E+00
   1.0479087E+00   1.0479087E+00   9.5581787E-01   9.5581787E-01   9.5581787E-01
   8.8339989E-01   1.0141178E+00   7.9726393E-01   7.9726393E-01   7.9726393E-01
   9.9712099E-01   9.9712099E-01   9.9712099E-01   1.2763048E+00   1.3888314E+00
   1.9835763E+00   1.9835763E+00   1.9835763E+00   6.1083275E-01   7.2480946E-01
   7.3024226E-01   1.0100978E+00   1.0067432E+00   1.4234398E+00   6.5688893E-01
   6.5688893E-01   6.5688893E-01   1.6166241E+00   4.2704903E-01   8.6080612E-01
   8.6080612E-01   8.6080612E-01   1.4779740E+00   1.4779740E+00   1.4779740E+00
   8.9796016E-01

   1.0545841E+02   4.9908321E+07   1.0448504E+12   4.1113438E+00   1.9420453E-02   9.2249065E+01   1.0000000E+00    28 
   2.6079551E-01   2.3939287E-01   2.3939287E-01   2.3939287E-01   2.3936613E-01
   1.6240430E-01   1.6240430E-01   1.6240430E-01   1.1862887E-01   1.3792872E-01
   1.0538084E+00   2.4737086E-01   4.9875360E-01   1.0936398E+00   1.0936398E+00
   1.0936398E+00   2.6914766E+00   2.6914766E+00   2.6914766E+00   1.4299111E+00
   4.8293723E-01   4.8293723E-01   4.8293723E-01   3.2789189E-01   2.4242237E+00
   1.0355660E+00   1.0355660E+00   1.0355660E+00   1.1216434E+00   9.9226013E-01
   9.9226013E-01   9.9226013E-01   4.7692704E-01   1.3143423E+00   1.3143423E+00
   1.3143423E+00   1.0204346E+00   6.4087598E-01   4.7672368E-01   1.1239469E+00
   1.1239469E+00   1.1239469E+00   1.0251553E+00   1.0251553E+00   1.0251553E+00
   8.9131122E-01   1.0232607E+00   8.2626352E-01   8.2626352E-01   8.2626352E-01
   1.1122107E+00   1.1122107E+00   1.1122107E+00   9.9784064E-01   1.3022884E+00
   1.7083589E+00   1.7083589E+00   1.7083589E+00   5.3615327E-01   7.0284696E-01
   7.6987908E-01   9.9282878E-01   1.0326750E+00   1.4785279E+00   7.0740645E-01
   7.0740645E-01   7.0740645E-01   1.4887317E+00   4.3694438E-01   7.8916429E-01
   7.8916429E-01   7.8916429E-01   1.3514435E+00   1.3514435E+00   1.3514435E+00
   8.4100036E-01

   1.0447983E+02   7.4278167E+07   1.5062157E+12   4.1367293E+00   2.7749506E-02   6.5195373E+01   1.0000000E+00    29 
   2.9565387E-01   2.7291538E-01   2.7291538E-01   2.7291538E-01   2.6188672E-01
   1.9251781E-01   1.9251781E-01   1.9251781E-01   1.3373005E-01   1.4407887E-01
   1.1485424E+00   2.7415316E-01   4.4605326E-01   1.0771279E+00   1.0771279E+00
   1.0771279E+00   2.4358520E+00   2.4358520E+00   2.4358520E+00   1.3783481E+00
   5.2500695E-01   5.2500695E-01   5.2500695E-01   2.8793442E-01   2.1243562E+00
   9.2063455E-01   9.2063455E-01   9.2063455E-01   1.1690793E+00   8.7730657E-01
   8.7730657E-01   8.7730657E-01   4.4539593E-01   1.2111445E+00   1.2111445E+00
   1.2111445E+00   9.6655876E-01   5.9572664E-01   4.1872222E-01   1.1962195E+00
   1.1962195E+00   1.1962195E+00   1.1122888E+00   1.1122888E+00   1.1122888E+00
   9.1395663E-01   1.0038564E+00   8.3923054E-01   8.3923054E-01   8.3923054E-01
   1.2140998E+00   1.2140998E+00   1.2140998E+00   7.9446175E-01   1.2833601E+00
   1.4195108E+00   1.4195108E+00   1.4195108E+00   4.6202167E-01   7.0277666E-01
   8.1356434E-01   9.4365617E-01   1.0640861E+00   1.4885536E+00   7.4626663E-01
   7.4626663E-01   7.4626663E-01   1.3517977E+00   4.5313557E-01   6.9904075E-01
   6.9904075E-01   6.9904075E-01   1.1942103E+00   1.1942103E+00   1.1942103E+00
   7.8968821E-01

   1.0379966E+02   1.0921736E+08   2.1565909E+12   4.1586923E+00   3.9769910E-02   4.6131403E+01   1.0000000E+00    30 
   3.3082437E-01   3.0888877E-01   3.0888877E-01   3.0888877E-01   2.8987207E-01
   2.2534826E-01   2.2534826E-01   2.2534826E-01   1.5783947E-01   1.5747079E-01
   1.2705820E+00   3.0539128E-01   4.2614255E-01   1.0695416E+00   1.0695416E+00
   1.0695416E+00   2.1796189E+00   2.1796189E+00   2.1796189E+00   1.3551212E+00
   5.6774257E-01   5.6774257E-01   5.6774257E-01   2.6736809E-01   1.8504741E+00
   8.4301258E-01   8.4301258E-01   8.4301258E-01   1.2122930E+00   7.9505650E-01
   7.9505650E-01   7.9505650E-01   4.2794559E-01   1.1066993E+00   1.1066993E+00
   1.1066993E+00   9.0735014E-01   5.8406710E-01   3.7440593E-01   1.2702758E+00
   1.2702758E+00   1.2702758E+00   1.2027409E+00   1.2027409E+00   1.2027409E+00
   9.6663465E-01   9.6635369E-01   8.3547128E-01   8.3547128E-01   8.3547128E-01
   1.2999045E+00   1.2999045E+00   1.2999045E+00   6.5600988E-01   1.2607915E+00
   1.1772740E+00   1.1772740E+00   1.1772740E+00   4.1827002E-01   7.3457254E-01
   8.5432963E-01   9.0284072E-01   1.0977614E+00   1.4452673E+00   7.7010608E-01
   7.7010608E-01   7.7010608E-01   1.2349035E+00   4.8403872E-01   6.1639924E-01
   6.1639924E-01   6.1639924E-01   1.0464964E+00   1.0464964E+00   1.0464964E+00
   7.5796415E-01

   1.0333957E+02   1.5546957E+08   3.0138127E+12   4.1647579E+00   5.7097915E-02   3.3303524E+01   1.0000000E+00    31 
   3.4860047E-01   3.2989221E-01   3.2989221E-01   3.2989221E-01   3.0891574E-01
   2.4914599E-01   2.4914599E-01   2.4914599E-01   1.8108362E-01   1.6749068E-01
   1.3485813E+00   3.3204016E-01   4.1545422E-01   1.0417574E+00   1.0417574E+00
   1.0417574E+00   1.9436736E+00   1.9436736E+00   1.9436736E+00   1.3096017E+00
   5.9270977E-01   5.9270977E-01   5.9270977E-01   2.4784489E-01   1.5386741E+00
   7.7525258E-01   7.7525258E-01   7.7525258E-01   1.2292877E+00   7.2700905E-01
   7.2700905E-01   7.2700905E-01   4.1269423E-01   1.0091525E+00   1.0091525E+00
   1.0091525E+00   8.2482842E-01   5.7297783E-01   3.2013724E-01   1.3263316E+00
   1.3263316E+00   1.3263316E+00   1.2452904E+00   1.2452904E+00   1.2452904E+00
   1.0046585E+00   9.1305457E-01   8.1322652E-01   8.1322652E-01   8.1322652E-01
   1.3490963E+00   1.3490963E+00   1.3490963E+00   5.6067264E-01   1.1962359E+00
   9.8388391E-01   9.8388391E-01   9.8388391E-01   3.7713306E-01   7.6515630E-01
   8.8239914E-01   8.7337271E-01   1.1141087E+00   1.3666154E+00   7.7436465E-01
   7.7436465E-01   7.7436465E-01   1.1061228E+00   5.1117544E-01   5.4715361E-01
   5.4715361E-01   5.4715361E-01   9.2426725E-01   9.2426725E-01   9.2426725E-01
   7.2747889E-01

   1.0311115E+02   2.2562950E+08   4.3404685E+12   4.1308309E+00   8.9670494E-02   2.3225478E+01   1.0000000E+00    32 
   3.1535990E-01   3.0241470E-01   3.0241470E-01   3.0241470E-01   2.8600432E-01
   2.3651907E-01   2.3651907E-01   2.3651907E-01   1.7841434E-01   1.5455035E-01
   1.3193578E+00   3.2519929E-01   3.7921548E-01   9.6249477E-01   9.6249477E-01
   9.6249477E-01   1.6675804E+00   1.6675804E+00   1.6675804E+00   1.1906891E+00
   5.7772630E-01   5.7772630E-01   5.7772630E-01   2.1696049E-01   1.1719045E+00
   6.9335945E-01   6.9335945E-01   6.9335945E-01   1.1927037E+00   6.7264839E-01
   6.7264839E-01   6.7264839E-01   3.7898362E-01   8.9499380E-01   8.9499380E-01
   8.9499380E-01   7.3207744E-01   5.2917883E-01   2.5655289E-01   1.3265476E+00
   1.3265476E+00   1.3265476E+00   1.2057401E+00   1.2057401E+00   1.2057401E+00
   9.6903145E-01   8.3201465E-01   7.6998013E-01   7.6998013E-01   7.6998013E-01
   1.3372785E+00   1.3372785E+00   1.3372785E+00   4.8786602E-01   1.0606259E+00
   8.1316979E-01   8.1316979E-01   8.1316979E-01   3.2482777E-01   7.6543781E-01
   8.9157761E-01   8.4435875E-01   1.0973088E+00   1.2617633E+00   7.5175540E-01
   7.5175540E-01   7.5175540E-01   9.5117074E-01   5.0992491E-01   4.7988575E-01
   4.7988575E-01   4.7988575E-01   8.1104680E-01   8.1104680E-01   8.1104680E-01
   6.8078712E-01

   1.0303449E+02   3.1578394E+08   6.1655873E+12   4.1001680E+00   1.3476686E-01   1.6373496E+01   1.0000000E+00    33 
   2.8111293E-01   2.7278681E-01   2.7278681E-01   2.7278681E-01   2.6184080E-01
   2.1968203E-01   2.1968203E-01   2.1968203E-01   1.7323241E-01   1.4455018E-01
   1.2791040E+00   3.1515554E-01   3.6010297E-01   9.0511610E-01   9.0511610E-01
   9.0511610E-01   1.4892214E+00   1.4892214E+00   1.4892214E+00   1.1182737E+00
   5.6358130E-01   5.6358130E-01   5.6358130E-01   2.0638873E-01   9.8901730E-01
   6.4390445E-01   6.4390445E-01   6.4390445E-01   1.1568781E+00   6.3784164E-01
   6.3784164E-01   6.3784164E-01   3.6011913E-01   8.2296520E-01   8.2296520E-01
   8.2296520E-01   6.7257243E-01   5.2348826E-01   2.2415024E-01   1.3107334E+00
   1.3107334E+00   1.3107334E+00   1.1679172E+00   1.1679172E+00   1.1679172E+00
   9.5301063E-01   7.7328243E-01   7.3911287E-01   7.3911287E-01   7.3911287E-01
   1.3115592E+00   1.3115592E+00   1.3115592E+00   4.4657302E-01   9.7620672E-01
   7.2381691E-01   7.2381691E-01   7.2381691E-01   3.0800200E-01   7.6735536E-01
   8.8743274E-01   8.3118800E-01   1.0774592E+00   1.1725953E+00   7.3139016E-01
   7.3139016E-01   7.3139016E-01   8.6922178E-01   5.1193530E-01   4.4296651E-01
   4.4296651E-01   4.4296651E-01   7.4622851E-01   7.4622851E-01   7.4622851E-01
   6.5663042E-01

   1.0299255E+02   4.2279149E+08   8.5204921E+12   4.0740833E+00   1.9377308E-01   1.1856899E+01   1.0000000E+00    34 
   2.5217901E-01   2.4740904E-01   2.4740904E-01   2.4740904E-01   2.4153992E-01
   2.0577241E-01   2.0577241E-01   2.0577241E-01   1.7112710E-01   1.3871476E-01
   1.2414350E+00   3.1013363E-01   3.5234855E-01   8.6037673E-01   8.6037673E-01
   8.6037673E-01   1.3531226E+00   1.3531226E+00   1.3531226E+00   1.0629961E+00
   5.5530742E-01   5.5530742E-01   5.5530742E-01   2.0470356E-01   8.5253583E-01
   6.0779742E-01   6.0779742E-01   6.0779742E-01   1.1258333E+00   6.0674729E-01
   6.0674729E-01   6.0674729E-01   3.5085613E-01   7.6905580E-01   7.6905580E-01
   7.6905580E-01   6.2269764E-01   5.3580718E-01   2.0062715E-01   1.2950093E+00
   1.2950093E+00   1.2950093E+00   1.1313807E+00   1.1313807E+00   1.1313807E+00
   9.5584131E-01   7.2959661E-01   7.1564262E-01   7.1564262E-01   7.1564262E-01
   1.2844317E+00   1.2844317E+00   1.2844317E+00   4.1430166E-01   9.1963621E-01
   6.6365061E-01   6.6365061E-01   6.6365061E-01   3.0600560E-01   7.6840497E-01
   8.7823036E-01   8.2317164E-01   1.0576112E+00   1.0935785E+00   7.1530019E-01
   7.1530019E-01   7.1530019E-01   8.0844994E-01   5.1907824E-01   4.1811644E-01
   4.1811644E-01   4.1811644E-01   7.0000911E-01   7.0000911E-01   7.0000911E-01
   6.4016537E-01

   1.0296080E+02   5.7134063E+08   1.2172607E+13   4.0502574E+00   2.8491887E-01   8.3038406E+00   1.0000000E+00    35 
   2.2619294E-01   2.2432455E-01   2.2432455E-01   2.2432455E-01   2.2291941E-01
   1.9445660E-01   1.9445660E-01   1.9445660E-01   1.7254963E-01   1.3697411E-01
   1.2063956E+00   3.1184457E-01   3.5470367E-01   8.2462994E-01   8.2462994E-01
   8.2462994E-01   1.2360282E+00   1.2360282E+00   1.2360282E+00   1.0104599E+00
   5.5461593E-01   5.5461593E-01   5.5461593E-01   2.1048968E-01   7.1974931E-01
   5.7999114E-01   5.7999114E-01   5.7999114E-01   1.0968341E+00   5.7747889E-01
   5.7747889E-01   5.7747889E-01   3.4976783E-01   7.2422484E-01   7.2422484E-01
   7.2422484E-01   5.7735522E-01   5.6399098E-01   1.8181225E-01   1.2790179E+00
   1.2790179E+00   1.2790179E+00   1.0893952E+00   1.0893952E+00   1.0893952E+00
   9.7080667E-01   6.9301943E-01   6.9863962E-01   6.9863962E-01   6.9863962E-01
   1.2511889E+00   1.2511889E+00   1.2511889E+00   3.8611682E-01   8.7477819E-01
   6.1841195E-01   6.1841195E-01   6.1841195E-01   3.1695738E-01   7.5752689E-01
   8.6481452E-01   8.1582440E-01   1.0362235E+00   1.0128630E+00   7.0442872E-01
   7.0442872E-01   7.0442872E-01   7.4689301E-01   5.2834218E-01   4.0066543E-01
   4.0066543E-01   4.0066543E-01   6.6361416E-01   6.6361416E-01   6.6361416E-01
   6.2607566E-01

   1.0292345E+02   7.4711716E+08   1.7206312E+13   4.0269935E+00   4.1252463E-01   5.8782133E+00   1.0000000E+00    36 
   2.0256269E-01   2.0235140E-01   2.0235140E-01   2.0235140E-01   2.0298994E-01
   1.8582942E-01   1.8582942E-01   1.8582942E-01   1.7630725E-01   1.4231087E-01
   1.1715519E+00   3.2640224E-01   3.6996720E-01   7.9910359E-01   7.9910359E-01
   7.9910359E-01   1.1189352E+00   1.1189352E+00   1.1189352E+00   9.3899655E-01
   5.6976304E-01   5.6976304E-01   5.6976304E-01   2.2636524E-01   5.5590488E-01
   5.6465578E-01   5.6465578E-01   5.6465578E-01   1.0621732E+00   5.5842911E-01
   5.5842911E-01   5.5842911E-01   3.5904343E-01   6.8350909E-01   6.8350909E-01
   6.8350909E-01   5.4520550E-01   6.0256276E-01   1.7128387E-01   1.2525946E+00
   1.2525946E+00   1.2525946E+00   1.0226923E+00   1.0226923E+00   1.0226923E+00
   9.7147188E-01   6.6422738E-01   6.9110852E-01   6.9110852E-01   6.9110852E-01
   1.1905754E+00   1.1905754E+00   1.1905754E+00   3.6659216E-01   8.2040521E-01
   5.8227105E-01   5.8227105E-01   5.8227105E-01   3.5232445E-01   6.9704061E-01
   8.4743290E-01   8.0230963E-01   1.0139411E+00   9.3411273E-01   7.0080600E-01
   7.0080600E-01   7.0080600E-01   6.6542738E-01   5.2480953E-01   3.8920421E-01
   3.8920421E-01   3.8920421E-01   6.3344472E-01   6.3344472E-01   6.3344472E-01
   6.0665184E-01

   1.0287946E+02   9.5504047E+08   2.4301188E+13   4.0169257E+00   5.8415877E-01   4.1651427E+00   1.0000000E+00    37 
   1.9163522E-01   1.9171621E-01   1.9171621E-01   1.9171621E-01   1.9211067E-01
   1.8526093E-01   1.8526093E-01   1.8526093E-01   1.8228771E-01   1.5937948E-01
   1.1396716E+00   3.6437972E-01   4.0577691E-01   7.9558377E-01   7.9558377E-01
   7.9558377E-01   1.0235859E+00   1.0235859E+00   1.0235859E+00   8.6419638E-01
   6.0702152E-01   6.0702152E-01   6.0702152E-01   2.5766859E-01   4.4356466E-01
   5.7140651E-01   5.7140651E-01   5.7140651E-01   1.0199167E+00   5.6426115E-01
   5.6426115E-01   5.6426115E-01   3.8574005E-01   6.5791231E-01   6.5791231E-01
   6.5791231E-01   5.4239663E-01   6.2741581E-01   1.8007962E-01   1.1986930E+00
   1.1986930E+00   1.1986930E+00   9.4056696E-01   9.4056696E-01   9.4056696E-01
   9.3098771E-01   6.5573579E-01   6.9977341E-01   6.9977341E-01   6.9977341E-01
   1.0913817E+00   1.0913817E+00   1.0913817E+00   3.7498560E-01   7.6748206E-01
   5.6522706E-01   5.6522706E-01   5.6522706E-01   4.2659737E-01   6.0626625E-01
   8.3260625E-01   7.9109551E-01   9.8778829E-01   8.8319074E-01   7.0840966E-01
   7.0840966E-01   7.0840966E-01   6.1300089E-01   5.0265485E-01   3.8952503E-01
   3.8952503E-01   3.8952503E-01   6.1592254E-01   6.1592254E-01   6.1592254E-01
   5.8750508E-01

   1.0282819E+02   1.2136825E+09   3.4304587E+13   4.0320141E+00   7.7917646E-01   2.9531994E+00   1.0000000E+00    38 
   1.9705934E-01   1.9711953E-01   1.9711953E-01   1.9711953E-01   1.9735531E-01
   1.9568261E-01   1.9568261E-01   1.9568261E-01   1.9441220E-01   1.8523848E-01
   1.0914576E+00   4.3380230E-01   4.6659544E-01   8.0468757E-01   8.0468757E-01
   8.0468757E-01   9.4948913E-01   9.4948913E-01   9.4948913E-01   8.1194259E-01
   6.5686774E-01   6.5686774E-01   6.5686774E-01   3.1206437E-01   4.2200604E-01
   5.9267079E-01   5.9267079E-01   5.9267079E-01   9.6658887E-01   5.8419723E-01
   5.8419723E-01   5.8419723E-01   4.3329338E-01   6.4881563E-01   6.4881563E-01
   6.4881563E-01   5.5625058E-01   6.2723892E-01   2.1101547E-01   1.1038945E+00
   1.1038945E+00   1.1038945E+00   8.7328162E-01   8.7328162E-01   8.7328162E-01
   8.6741409E-01   6.7192308E-01   7.2254511E-01   7.2254511E-01   7.2254511E-01
   9.7143866E-01   9.7143866E-01   9.7143866E-01   4.1399984E-01   7.2923426E-01
   5.6704493E-01   5.6704493E-01   5.6704493E-01   5.3329715E-01   5.4228039E-01
   8.2050424E-01   7.8839749E-01   9.4709038E-01   8.6387339E-01   7.2143975E-01
   7.2143975E-01   7.2143975E-01   6.1778216E-01   4.8026667E-01   4.0244324E-01
   4.0244324E-01   4.0244324E-01   6.0875133E-01   6.0875133E-01   6.0875133E-01
   5.8072318E-01

   1.0276873E+02   1.5892892E+09   4.8428475E+13   4.0821261E+00   9.2647004E-01   2.0941743E+00   1.0000000E+00    39 
   2.1903520E-01   2.1905370E-01   2.1905370E-01   2.1905370E-01   2.1930173E-01
   2.1917046E-01   2.1917046E-01   2.1917046E-01   2.1803903E-01   2.1671389E-01
   1.0324538E+00   5.2869008E-01   5.4583887E-01   8.2139823E-01   8.2139823E-01
   8.2139823E-01   9.0204386E-01   9.0204386E-01   9.0204386E-01   7.9433356E-01
   7.0151149E-01   7.0151149E-01   7.0151149E-01   3.9159288E-01   4.5401839E-01
   6.2396847E-01   6.2396847E-01   6.2396847E-01   9.1808879E-01   6.1003556E-01
   6.1003556E-01   6.1003556E-01   4.9561253E-01   6.6021099E-01   6.6021099E-01
   6.6021099E-01   5.7845191E-01   6.2186092E-01   2.6575473E-01   9.9394028E-01
   9.9394028E-01   9.9394028E-01   8.3824006E-01   8.3824006E-01   8.3824006E-01
   8.1650673E-01   7.0542347E-01   7.5899319E-01   7.5899319E-01   7.5899319E-01
   8.8255212E-01   8.8255212E-01   8.8255212E-01   4.7715043E-01   7.1245719E-01
   5.9227466E-01   5.9227466E-01   5.9227466E-01   6.4162187E-01   5.2668310E-01
   8.1457287E-01   7.8855839E-01   9.0157224E-01   8.6113099E-01   7.3799687E-01
   7.3799687E-01   7.3799687E-01   6.5739450E-01   4.7677255E-01   4.3261758E-01
   4.3261758E-01   4.3261758E-01   6.1602654E-01   6.1602654E-01   6.1602654E-01
   5.9311465E-01

   1.0270049E+02   2.2163764E+09   6.8401838E+13   4.1734515E+00   9.4223766E-01   1.4846026E+00   1.0000000E+00    40 
   2.5699860E-01   2.5699408E-01   2.5699408E-01   2.5699408E-01   2.5724838E-01
   2.5741098E-01   2.5741098E-01   2.5741098E-01   2.5646861E-01   2.5841380E-01
   9.8541182E-01   6.3360722E-01   6.2938861E-01   8.4704357E-01   8.4704357E-01
   8.4704357E-01   8.8746125E-01   8.8746125E-01   8.8746125E-01   8.0763852E-01
   7.3826945E-01   7.3826945E-01   7.3826945E-01   4.9125159E-01   5.1398245E-01
   6.6682238E-01   6.6682238E-01   6.6682238E-01   8.9006359E-01   6.4361165E-01
   6.4361165E-01   6.4361165E-01   5.6366636E-01   6.9676626E-01   6.9676626E-01
   6.9676626E-01   6.1069247E-01   6.3461990E-01   3.4668790E-01   9.1672205E-01
   9.1672205E-01   9.1672205E-01   8.3487601E-01   8.3487601E-01   8.3487601E-01
   7.9675874E-01   7.4994547E-01   8.0772122E-01   8.0772122E-01   8.0772122E-01
   8.4618518E-01   8.4618518E-01   8.4618518E-01   5.5726947E-01   7.2639600E-01
   6.4907997E-01   6.4907997E-01   6.4907997E-01   7.3463662E-01   5.5725277E-01
   8.1879258E-01   7.9665749E-01   8.7035719E-01   8.6291666E-01   7.6092583E-01
   7.6092583E-01   7.6092583E-01   7.0447714E-01   5.0240521E-01   4.8880988E-01
   4.8880988E-01   4.8880988E-01   6.4601226E-01   6.4601226E-01   6.4601226E-01
   6.2546231E-01

   1.0262342E+02   3.3023691E+09   9.6467906E+13   4.3089426E+00   8.1030641E-01   1.0542925E+00   1.0000000E+00    41 
   3.1117330E-01   3.1116015E-01   3.1116015E-01   3.1116015E-01   3.1140406E-01
   3.1153194E-01   3.1153194E-01   3.1153194E-01   3.1090831E-01   3.1379494E-01
   9.5804595E-01   7.3106400E-01   7.0838987E-01   8.7697700E-01   8.7697700E-01
   8.7697700E-01   8.9527707E-01   8.9527707E-01   8.9527707E-01   8.3727579E-01
   7.7779171E-01   7.7779171E-01   7.7779171E-01   5.9948033E-01   5.9524915E-01
   7.2180681E-01   7.2180681E-01   7.2180681E-01   8.8106620E-01   6.8790858E-01
   6.8790858E-01   6.8790858E-01   6.3517814E-01   7.5444080E-01   7.5444080E-01
   7.5444080E-01   6.5610255E-01   6.7268763E-01   4.5319191E-01   8.8541495E-01
   8.8541495E-01   8.8541495E-01   8.5083819E-01   8.5083819E-01   8.5083819E-01
   8.0850828E-01   8.0042787E-01   8.6081182E-01   8.6081182E-01   8.6081182E-01
   8.4646268E-01   8.4646268E-01   8.4646268E-01   6.5010818E-01   7.6981139E-01
   7.3314590E-01   7.3314590E-01   7.3314590E-01   8.1040497E-01   6.2055923E-01
   8.3383524E-01   8.2053169E-01   8.6129335E-01   8.6777239E-01   7.9272164E-01
   7.9272164E-01   7.9272164E-01   7.5114729E-01   5.5970454E-01   5.7467841E-01
   5.7467841E-01   5.7467841E-01   6.9982235E-01   6.9982235E-01   6.9982235E-01
   6.7595153E-01

   1.0254756E+02   4.8803132E+09   1.3061232E+14   4.4695166E+00   6.1832748E-01   7.7989620E-01   1.0000000E+00    42 
   3.7450228E-01   3.7449128E-01   3.7449128E-01   3.7449128E-01   3.7471237E-01
   3.7468503E-01   3.7468503E-01   3.7468503E-01   3.7438677E-01   3.7716471E-01
   9.4695219E-01   8.0491634E-01   7.7412796E-01   9.0146708E-01   9.0146708E-01
   9.0146708E-01   9.0767854E-01   9.0767854E-01   9.0767854E-01   8.6786463E-01
   8.1776141E-01   8.1776141E-01   8.1776141E-01   6.9660248E-01   6.8082071E-01
   7.7819413E-01   7.7819413E-01   7.7819413E-01   8.8342470E-01   7.3571008E-01
   7.3571008E-01   7.3571008E-01   7.0452478E-01   8.1411576E-01   8.1411576E-01
   8.1411576E-01   7.0772700E-01   7.2616451E-01   5.6446210E-01   8.8441218E-01
   8.8441218E-01   8.8441218E-01   8.7068785E-01   8.7068785E-01   8.7068785E-01
   8.3750009E-01   8.4801190E-01   9.0210335E-01   9.0210335E-01   9.0210335E-01
   8.6317977E-01   8.6317977E-01   8.6317977E-01   7.3962417E-01   8.2214217E-01
   8.1353525E-01   8.1353525E-01   8.1353525E-01   8.6580931E-01   6.9710136E-01
   8.5504698E-01   8.5322273E-01   8.7042561E-01   8.7864000E-01   8.2856908E-01
   8.2856908E-01   8.2856908E-01   7.9625475E-01   6.3650164E-01   6.7005763E-01
   6.7005763E-01   6.7005763E-01   7.6218362E-01   7.6218362E-01   7.6218362E-01
   7.3543063E-01

   1.0247369E+02   6.9711382E+09   1.7125313E+14   4.6495378E+00   4.3858639E-01   5.9573726E-01   1.0000000E+00    43 
   4.4544645E-01   4.4544691E-01   4.4544691E-01   4.4544691E-01   4.4562721E-01
   4.4536424E-01   4.4536424E-01   4.4536424E-01   4.4539476E-01   4.4764287E-01
   9.4556591E-01   8.6067177E-01   8.2852602E-01   9.2067124E-01   9.2067124E-01
   9.2067124E-01   9.1897733E-01   9.1897733E-01   9.1897733E-01   8.9441367E-01
   8.5540124E-01   8.5540124E-01   8.5540124E-01   7.7968586E-01   7.6096580E-01
   8.3075119E-01   8.3075119E-01   8.3075119E-01   8.9251002E-01   7.8356766E-01
   7.8356766E-01   7.8356766E-01   7.7103691E-01   8.6618611E-01   8.6618611E-01
   8.6618611E-01   7.6185346E-01   7.8424697E-01   6.7031327E-01   8.9762221E-01
   8.9762221E-01   8.9762221E-01   8.8999133E-01   8.8999133E-01   8.8999133E-01
   8.7027139E-01   8.8986487E-01   9.2983770E-01   9.2983770E-01   9.2983770E-01
   8.8494886E-01   8.8494886E-01   8.8494886E-01   8.1753730E-01   8.7355717E-01
   8.7436615E-01   8.7436615E-01   8.7436615E-01   9.0796740E-01   7.7308699E-01
   8.7981551E-01   8.8735512E-01   8.8989809E-01   8.9519187E-01   8.6552683E-01
   8.6552683E-01   8.6552683E-01   8.4101123E-01   7.2051759E-01   7.5986948E-01
   7.5986948E-01   7.5986948E-01   8.2285201E-01   8.2285201E-01   8.2285201E-01
   7.9705560E-01

   1.0239913E+02   9.6194205E+09   2.2107639E+14   4.8537518E+00   2.9311567E-01   4.6220706E-01   1.0000000E+00    44 
   5.2497410E-01   5.2499819E-01   5.2499819E-01   5.2499819E-01   5.2510821E-01
   5.2451430E-01   5.2451430E-01   5.2451430E-01   5.2491846E-01   5.2643095E-01
   9.5020257E-01   9.0502439E-01   8.7410166E-01   9.3707115E-01   9.3707115E-01
   9.3707115E-01   9.3018031E-01   9.3018031E-01   9.3018031E-01   9.1729858E-01
   8.8987165E-01   8.8987165E-01   8.8987165E-01   8.4944939E-01   8.3155434E-01
   8.7746414E-01   8.7746414E-01   8.7746414E-01   9.0661398E-01   8.2994756E-01
   8.2994756E-01   8.2994756E-01   8.3315946E-01   9.0841638E-01   9.0841638E-01
   9.0841638E-01   8.1619688E-01   8.4067938E-01   7.6885373E-01   9.1733645E-01
   9.1733645E-01   9.1733645E-01   9.0912882E-01   9.0912882E-01   9.0912882E-01
   9.0104652E-01   9.2472242E-01   9.4809654E-01   9.4809654E-01   9.4809654E-01
   9.0760487E-01   9.0760487E-01   9.0760487E-01   8.8012643E-01   9.2113072E-01
   9.1574092E-01   9.1574092E-01   9.1574092E-01   9.4284168E-01   8.4074066E-01
   9.0661713E-01   9.1960687E-01   9.1443956E-01   9.1538702E-01   9.0144031E-01
   9.0144031E-01   9.0144031E-01   8.8420320E-01   8.0252738E-01   8.3716528E-01
   8.3716528E-01   8.3716528E-01   8.7715694E-01   8.7715694E-01   8.7715694E-01
   8.5594509E-01

   1.0232234E+02   1.2801865E+10   2.8366900E+14   5.0864571E+00   1.8601824E-01   3.6080620E-01   1.0000000E+00    45 
   6.1150247E-01   6.1156777E-01   6.1156777E-01   6.1156777E-01   6.1156210E-01
   6.1052960E-01   6.1052960E-01   6.1052960E-01   6.1138435E-01   6.1204862E-01
   9.5855329E-01   9.4084511E-01   9.1191115E-01   9.5197704E-01   9.5197704E-01
   9.5197704E-01   9.4272007E-01   9.4272007E-01   9.4272007E-01   9.3766224E-01
   9.2007599E-01   9.2007599E-01   9.2007599E-01   9.0588285E-01   8.9021183E-01
   9.1651873E-01   9.1651873E-01   9.1651873E-01   9.2424330E-01   8.7256738E-01
   8.7256738E-01   8.7256738E-01   8.8739696E-01   9.4057840E-01   9.4057840E-01
   9.4057840E-01   8.6729122E-01   8.9180765E-01   8.5776064E-01   9.3880681E-01
   9.3880681E-01   9.3880681E-01   9.2834850E-01   9.2834850E-01   9.2834850E-01
   9.2779119E-01   9.5139516E-01   9.6084449E-01   9.6084449E-01   9.6084449E-01
   9.2924979E-01   9.2924979E-01   9.2924979E-01   9.2611305E-01   9.6269041E-01
   9.4342294E-01   9.4342294E-01   9.4342294E-01   9.7230323E-01   8.9580587E-01
   9.3310639E-01   9.4782132E-01   9.3973157E-01   9.3679455E-01   9.3350007E-01
   9.3350007E-01   9.3350007E-01   9.2288795E-01   8.7383574E-01   8.9829022E-01
   8.9829022E-01   8.9829022E-01   9.2178635E-01   9.2178635E-01   9.2178635E-01
   9.0715632E-01

   1.0224233E+02   1.6370225E+10   3.6389853E+14   5.3518948E+00   1.1271119E-01   2.8173224E-01   1.0000000E+00    46 
   7.0050216E-01   7.0063221E-01   7.0063221E-01   7.0063221E-01   7.0044673E-01
   6.9886827E-01   6.9886827E-01   6.9886827E-01   7.0026095E-01   7.0008068E-01
   9.6918191E-01   9.6882342E-01   9.4264597E-01   9.6598786E-01   9.6598786E-01
   9.6598786E-01   9.5711105E-01   9.5711105E-01   9.5711105E-01   9.5604205E-01
   9.4573805E-01   9.4573805E-01   9.4573805E-01   9.4930729E-01   9.3669832E-01
   9.4713603E-01   9.4713603E-01   9.4713603E-01   9.4369542E-01   9.0966548E-01
   9.0966548E-01   9.0966548E-01   9.3064278E-01   9.6389912E-01   9.6389912E-01
   9.6389912E-01   9.1200073E-01   9.3541044E-01   9.3149315E-01   9.5918062E-01
   9.5918062E-01   9.5918062E-01   9.4728437E-01   9.4728437E-01   9.4728437E-01
   9.5023497E-01   9.6991179E-01   9.7099702E-01   9.7099702E-01   9.7099702E-01
   9.4901174E-01   9.4901174E-01   9.4901174E-01   9.5759971E-01   9.9653265E-01
   9.6329111E-01   9.6329111E-01   9.6329111E-01   9.9464406E-01   9.3757552E-01
   9.5679324E-01   9.7129262E-01   9.6234934E-01   9.5735475E-01   9.5952714E-01
   9.5952714E-01   9.5952714E-01   9.5426956E-01   9.2861928E-01   9.4266914E-01
   9.4266914E-01   9.4266914E-01   9.5525281E-01   9.5525281E-01   9.5525281E-01
   9.4704793E-01

   1.0215847E+02   1.9861629E+10   4.6839809E+14   5.6536814E+00   6.5641143E-02   2.1925969E-01   1.0000000E+00    47 
   7.8441220E-01   7.8463210E-01   7.8463210E-01   7.8463210E-01   7.8419757E-01
   7.8201330E-01   7.8201330E-01   7.8201330E-01   7.8398065E-01   7.8307063E-01
   9.8029187E-01   9.8889092E-01   9.6643354E-01   9.7843184E-01   9.7843184E-01
   9.7843184E-01   9.7152344E-01   9.7152344E-01   9.7152344E-01   9.7182273E-01
   9.6638011E-01   9.6638011E-01   9.6638011E-01   9.7970317E-01   9.7166852E-01
   9.6931681E-01   9.6931681E-01   9.6931681E-01   9.6251326E-01   9.3995556E-01
   9.3995556E-01   9.3995556E-01   9.6163511E-01   9.7982667E-01   9.7982667E-01
   9.7982667E-01   9.4740102E-01   9.7025231E-01   9.7860624E-01   9.7642587E-01
   9.7642587E-01   9.7642587E-01   9.6436642E-01   9.6436642E-01   9.6436642E-01
   9.6816289E-01   9.8160351E-01   9.7975055E-01   9.7975055E-01   9.7975055E-01
   9.6595103E-01   9.6595103E-01   9.6595103E-01   9.7775731E-01   1.0225098E+00
   9.7821291E-01   9.7821291E-01   9.7821291E-01   1.0083205E+00   9.6681494E-01
   9.7546784E-01   9.8964581E-01   9.7976070E-01   9.7529708E-01   9.7826385E-01
   9.7826385E-01   9.7826385E-01   9.7673111E-01   9.6505294E-01   9.7162863E-01
   9.7162863E-01   9.7162863E-01   9.7756726E-01   9.7756726E-01   9.7756726E-01
   9.7406895E-01

   1.0207031E+02   2.2169389E+10   6.0665428E+14   5.9947117E+00   3.7134171E-02   1.6959821E-01   1.0000000E+00    48 
   8.5494807E-01   8.5527883E-01   8.5527883E-01   8.5527883E-01   8.5455078E-01
   8.5177993E-01   8.5177993E-01   8.5177993E-01   8.5425510E-01   8.5292738E-01
   9.9033904E-01   1.0013684E+00   9.8341987E-01   9.8826517E-01   9.8826517E-01
   9.8826517E-01   9.8315051E-01   9.8315051E-01   9.8315051E-01   9.8392549E-01
   9.8178434E-01   9.8178434E-01   9.8178434E-01   9.9739091E-01   9.9581920E-01
   9.8411053E-01   9.8411053E-01   9.8411053E-01   9.7856490E-01   9.6308016E-01
   9.6308016E-01   9.6308016E-01   9.8130576E-01   9.8991223E-01   9.8991223E-01
   9.8991223E-01   9.7165483E-01   9.9499712E-01   9.9410476E-01   9.8996909E-01
   9.8996909E-01   9.8996909E-01   9.7783236E-01   9.7783236E-01   9.7783236E-01
   9.8119659E-01   9.8870069E-01   9.8713295E-01   9.8713295E-01   9.8713295E-01
   9.7931896E-01   9.7931896E-01   9.7931896E-01   9.8960174E-01   1.0425252E+00
   9.8860798E-01   9.8860798E-01   9.8860798E-01   1.0147900E+00   9.8513542E-01
   9.8803858E-01   1.0024081E+00   9.9088715E-01   9.8898922E-01   9.8973126E-01
   9.8973126E-01   9.8973126E-01   9.9047824E-01   9.8539102E-01   9.8781958E-01
   9.8781958E-01   9.8781958E-01   9.9008778E-01   9.9008778E-01   9.9008778E-01
   9.8933364E-01

   1.0197771E+02   2.1687358E+10   7.9229842E+14   6.3764186E+00   2.0758711E-02   1.3010766E-01   1.0000000E+00    49 
   9.0717870E-01   9.0762223E-01   9.0762223E-01   9.0762223E-01   9.0660041E-01
   9.0339791E-01   9.0339791E-01   9.0339791E-01   9.0618067E-01   9.0485356E-01
   9.9878062E-01   1.0085424E+00   9.9463997E-01   9.9529110E-01   9.9529110E-01
   9.9529110E-01   9.9065339E-01   9.9065339E-01   9.9065339E-01   9.9180560E-01
   9.9215080E-01   9.9215080E-01   9.9215080E-01   1.0063068E+00   1.0104966E+00
   9.9301402E-01   9.9301402E-01   9.9301402E-01   9.9114536E-01   9.7986243E-01
   9.7986243E-01   9.7986243E-01   9.9259752E-01   9.9570715E-01   9.9570715E-01
   9.9570715E-01   9.8653658E-01   1.0099439E+00   9.9188827E-01   1.0007349E+00
   1.0007349E+00   1.0007349E+00   9.8690039E-01   9.8690039E-01   9.8690039E-01
   9.8917649E-01   9.9325852E-01   9.9287202E-01   9.9287202E-01   9.9287202E-01
   9.8923290E-01   9.8923290E-01   9.8923290E-01   9.9625051E-01   1.0585084E+00
   9.9517626E-01   9.9517626E-01   9.9517626E-01   1.0183813E+00   9.9556983E-01
   9.9513635E-01   1.0088378E+00   9.9656028E-01   9.9745281E-01   9.9542143E-01
   9.9542143E-01   9.9542143E-01   9.9765476E-01   9.9478931E-01   9.9530830E-01
   9.9530830E-01   9.9530830E-01   9.9567858E-01   9.9567858E-01   9.9567858E-01
   9.9647012E-01

   1.0188086E+02   1.8000992E+10   1.0438498E+15   6.7995322E+00   1.1690449E-02   9.8953532E-02   1.0000000E+00    50 
   9.4218794E-01   9.4266977E-01   9.4266977E-01   9.4266977E-01   9.4140074E-01
   9.3820358E-01   9.3820358E-01   9.3820358E-01   9.4087436E-01   9.4046102E-01
   1.0065621E+00   1.0128489E+00   1.0014176E+00   1.0005679E+00   1.0005679E+00
   1.0005679E+00   9.9503245E-01   9.9503245E-01   9.9503245E-01   9.9646290E-01
   9.9855073E-01   9.9855073E-01   9.9855073E-01   1.0108655E+00   1.0193833E+00
   9.9794615E-01   9.9794615E-01   9.9794615E-01   1.0010231E+00   9.9278752E-01
   9.9278752E-01   9.9278752E-01   9.9853752E-01   9.9877015E-01   9.9877015E-01
   9.9877015E-01   9.9539764E-01   1.0181383E+00   9.8852325E-01   1.0095465E+00
   1.0095465E+00   1.0095465E+00   9.9284104E-01   9.9284104E-01   9.9284104E-01
   9.9357024E-01   9.9627388E-01   9.9679735E-01   9.9679735E-01   9.9679735E-01
   9.9774541E-01   9.9774541E-01   9.9774541E-01   1.0005066E+00   1.0649438E+00
   9.9874381E-01   9.9874381E-01   9.9874381E-01   1.0212678E+00   1.0021381E+00
   9.9876526E-01   1.0097607E+00   9.9905027E-01   1.0015930E+00   9.9781493E-01
   9.9781493E-01   9.9781493E-01   1.0015616E+00   9.9916809E-01   9.9821829E-01
   9.9821829E-01   9.9821829E-01   9.9776322E-01   9.9776322E-01   9.9776322E-01
   1.0000162E+00

   1.0178030E+02   1.2927314E+10   1.3817440E+15   7.2649271E+00   6.7179448E-03   7.4914494E-02   1.0000000E+00    51 
   9.6445318E-01   9.6478111E-01   9.6478111E-01   9.6478111E-01   9.6342142E-01
   9.6097233E-01   9.6097233E-01   9.6097233E-01   9.6291318E-01   9.6486217E-01
   1.0142506E+00   1.0123022E+00   1.0040105E+00   1.0046756E+00   1.0046756E+00
   1.0046756E+00   9.9700751E-01   9.9700751E-01   9.9700751E-01   9.9867278E-01
   1.0018754E+00   1.0018754E+00   1.0018754E+00   1.0105225E+00   1.0276461E+00
   1.0009809E+00   1.0009809E+00   1.0009809E+00   1.0077336E+00   1.0051432E+00
   1.0051432E+00   1.0051432E+00   1.0006275E+00   1.0003277E+00   1.0003277E+00
   1.0003277E+00   1.0009894E+00   1.0245091E+00   9.8822177E-01   1.0143236E+00
   1.0143236E+00   1.0143236E+00   9.9759276E-01   9.9759276E-01   9.9759276E-01
   9.9577234E-01   9.9787570E-01   9.9873475E-01   9.9873475E-01   9.9873475E-01
   1.0057992E+00   1.0057992E+00   1.0057992E+00   1.0036900E+00   1.0535143E+00
   9.9989606E-01   9.9989606E-01   9.9989606E-01   1.0211938E+00   1.0063758E+00
   1.0003518E+00   1.0074816E+00   9.9996847E-01   1.0027065E+00   9.9860410E-01
   9.9860410E-01   9.9860410E-01   1.0033566E+00   1.0014477E+00   9.9903684E-01
   9.9903684E-01   9.9903684E-01   9.9840415E-01   9.9840415E-01   9.9840415E-01
   1.0019538E+00

   1.0167649E+02   8.4611548E+09   1.8255239E+15   7.7749293E+00   3.9518650E-03   5.6827558E-02   1.0000000E+00    52 
   9.7751950E-01   9.7765733E-01   9.7765733E-01   9.7765733E-01   9.7654869E-01
   9.7522294E-01   9.7522294E-01   9.7522294E-01   9.7630662E-01   9.7967789E-01
   1.0180130E+00   1.0049849E+00   1.0043620E+00   1.0064054E+00   1.0064054E+00
   1.0064054E+00   9.9725150E-01   9.9725150E-01   9.9725150E-01   1.0000914E+00
   1.0023052E+00   1.0023052E+00   1.0023052E+00   1.0048287E+00   1.0296860E+00
   1.0033700E+00   1.0033700E+00   1.0033700E+00   1.0087527E+00   1.0163003E+00
   1.0163003E+00   1.0163003E+00   1.0008131E+00   1.0011564E+00   1.0011564E+00
   1.0011564E+00   1.0038550E+00   1.0265142E+00   9.8981742E-01   1.0119636E+00
   1.0119636E+00   1.0119636E+00   1.0039014E+00   1.0039014E+00   1.0039014E+00
   9.9752029E-01   9.9898652E-01   9.9878335E-01   9.9878335E-01   9.9878335E-01
   1.0095979E+00   1.0095979E+00   1.0095979E+00   1.0072093E+00   1.0318415E+00
   9.9899798E-01   9.9899798E-01   9.9899798E-01   1.0155264E+00   1.0092863E+00
   1.0001709E+00   1.0045657E+00   9.9963161E-01   1.0022442E+00   9.9838307E-01
   9.9838307E-01   9.9838307E-01   1.0034477E+00   1.0029179E+00   9.9864326E-01
   9.9864326E-01   9.9864326E-01   9.9818708E-01   9.9818708E-01   9.9818708E-01
   1.0030004E+00

   1.0156938E+02   5.2945857E+09   2.3938737E+15   8.3330665E+00   2.3818230E-03   4.3432605E-02   1.0000000E+00    53 
   9.8497460E-01   9.8514447E-01   9.8514447E-01   9.8514447E-01   9.8452162E-01
   9.8392542E-01   9.8392542E-01   9.8392542E-01   9.8471845E-01   9.8748192E-01
   1.0129799E+00   9.9858103E-01   1.0064156E+00   1.0047517E+00   1.0047517E+00
   1.0047517E+00   9.9800812E-01   9.9800812E-01   9.9800812E-01   1.0020420E+00
   1.0002576E+00   1.0002576E+00   1.0002576E+00   9.9805829E-01   1.0196564E+00
   1.0048511E+00   1.0048511E+00   1.0048511E+00   1.0047192E+00   1.0188252E+00
   1.0188252E+00   1.0188252E+00   1.0014208E+00   1.0016734E+00   1.0016734E+00
   1.0016734E+00   1.0031591E+00   1.0164197E+00   9.9240434E-01   1.0049125E+00
   1.0049125E+00   1.0049125E+00   1.0099266E+00   1.0099266E+00   1.0099266E+00
   9.9964133E-01   1.0004010E+00   9.9822048E-01   9.9822048E-01   9.9822048E-01
   1.0070882E+00   1.0070882E+00   1.0070882E+00   1.0097533E+00   1.0122561E+00
   9.9827292E-01   9.9827292E-01   9.9827292E-01   1.0049650E+00   1.0105016E+00
   9.9919031E-01   1.0029478E+00   9.9886008E-01   1.0019291E+00   9.9809470E-01
   9.9809470E-01   9.9809470E-01   1.0031696E+00   1.0039089E+00   9.9838960E-01
   9.9838960E-01   9.9838960E-01   9.9811091E-01   9.9811091E-01   9.9811091E-01
   1.0036158E+00

   1.0145830E+02   3.2855256E+09   3.1116339E+15   8.9428295E+00   1.4765755E-03   3.3491228E-02   1.0000000E+00    54 
   9.9003421E-01   9.9030802E-01   9.9030802E-01   9.9030802E-01   9.8999392E-01
   9.8969593E-01   9.8969593E-01   9.8969593E-01   9.9061357E-01   9.9137266E-01
   1.0036842E+00   9.9719085E-01   1.0092652E+00   1.0018358E+00   1.0018358E+00
   1.0018358E+00   9.9950477E-01   9.9950477E-01   9.9950477E-01   1.0029182E+00
   9.9853358E-01   9.9853358E-01   9.9853358E-01   9.9508177E-01   1.0071513E+00
   1.0053815E+00   1.0053815E+00   1.0053815E+00   1.0004292E+00   1.0128321E+00
   1.0128321E+00   1.0128321E+00   1.0019981E+00   1.0020148E+00   1.0020148E+00
   1.0020148E+00   1.0011999E+00   1.0042434E+00   9.9539663E-01   9.9952463E-01
   9.9952463E-01   9.9952463E-01   1.0087421E+00   1.0087421E+00   1.0087421E+00
   1.0016057E+00   1.0009463E+00   9.9820766E-01   9.9820766E-01   9.9820766E-01
   1.0022354E+00   1.0022354E+00   1.0022354E+00   1.0073959E+00   1.0019024E+00
   9.9879070E-01   9.9879070E-01   9.9879070E-01   9.9743349E-01   1.0061986E+00
   9.9876936E-01   1.0021674E+00   9.9869048E-01   1.0017403E+00   9.9843666E-01
   9.9843666E-01   9.9843666E-01   1.0026544E+00   1.0031723E+00   9.9886837E-01
   9.9886837E-01   9.9886837E-01   9.9865363E-01   9.9865363E-01   9.9865363E-01
   1.0030132E+00

   1.0134230E+02   2.0718810E+09   4.0150075E+15   9.6077847E+00   9.4555421E-04   2.6018932E-02   1.0000000E+00    55 
   9.9396322E-01   9.9417235E-01   9.9417235E-01   9.9417235E-01   9.9397223E-01
   9.9385619E-01   9.9385619E-01   9.9385619E-01   9.9463045E-01   9.9435478E-01
   9.9835536E-01   9.9808193E-01   1.0070738E+00   1.0000798E+00   1.0000798E+00
   1.0000798E+00   1.0003686E+00   1.0003686E+00   1.0003686E+00   1.0014667E+00
   9.9802658E-01   9.9802658E-01   9.9802658E-01   9.9571239E-01   9.9990718E-01
   1.0040377E+00   1.0040377E+00   1.0040377E+00   9.9869569E-01   1.0052816E+00
   1.0052816E+00   1.0052816E+00   1.0010905E+00   1.0016271E+00   1.0016271E+00
   1.0016271E+00   1.0001493E+00   9.9801382E-01   9.9818889E-01   9.9804053E-01
   9.9804053E-01   9.9804053E-01   1.0026756E+00   1.0026756E+00   1.0026756E+00
   1.0018882E+00   1.0003754E+00   9.9886005E-01   9.9886005E-01   9.9886005E-01
   9.9928816E-01   9.9928816E-01   9.9928816E-01   1.0027170E+00   9.9836933E-01
   9.9958180E-01   9.9958180E-01   9.9958180E-01   9.9539307E-01   1.0011700E+00
   9.9914976E-01   1.0011031E+00   9.9918726E-01   1.0009574E+00   9.9918848E-01
   9.9918848E-01   9.9918848E-01   1.0013817E+00   1.0013634E+00   9.9951814E-01
   9.9951814E-01   9.9951814E-01   9.9937585E-01   9.9937585E-01   9.9937585E-01
   1.0013700E+00

   1.0122043E+02   1.3458797E+09   5.1498192E+15   1.0331288E+01   6.2733735E-04   2.0337346E-02   1.0000000E+00    56 
   9.9669109E-01   9.9680324E-01   9.9680324E-01   9.9680324E-01   9.9664178E-01
   9.9668100E-01   9.9668100E-01   9.9668100E-01   9.9710588E-01   9.9668867E-01
   9.9734695E-01   9.9858328E-01   1.0028196E+00   9.9943417E-01   9.9943417E-01
   9.9943417E-01   1.0002057E+00   1.0002057E+00   1.0002057E+00   9.9912253E-01
   9.9808432E-01   9.9808432E-01   9.9808432E-01   9.9729472E-01   9.9800402E-01
   1.0013499E+00   1.0013499E+00   1.0013499E+00   9.9858329E-01   1.0009269E+00
   1.0009269E+00   1.0009269E+00   9.9999331E-01   1.0005833E+00   1.0005833E+00
   1.0005833E+00   9.9995475E-01   9.9712524E-01   9.9998997E-01   9.9845856E-01
   9.9845856E-01   9.9845856E-01   9.9887344E-01   9.9887344E-01   9.9887344E-01
   1.0004848E+00   9.9979123E-01   9.9948599E-01   9.9948599E-01   9.9948599E-01
   9.9829142E-01   9.9829142E-01   9.9829142E-01   9.9986165E-01   9.9803081E-01
   9.9979818E-01   9.9979818E-01   9.9979818E-01   9.9639384E-01   9.9849996E-01
   9.9960567E-01   1.0000675E+00   9.9965565E-01   1.0000295E+00   9.9971442E-01
   9.9971442E-01   9.9971442E-01   1.0000883E+00   9.9976122E-01   9.9979144E-01
   9.9979144E-01   9.9979144E-01   9.9975148E-01   9.9975148E-01   9.9975148E-01
   9.9987870E-01

   1.0109170E+02   9.0815407E+08   6.5786482E+15   1.1117055E+01   4.3244726E-04   1.5962558E-02   1.0000000E+00    57 
   9.9832841E-01   9.9831368E-01   9.9831368E-01   9.9831368E-01   9.9823993E-01
   9.9828725E-01   9.9828725E-01   9.9828725E-01   9.9845798E-01   9.9826218E-01
   9.9811340E-01   9.9857835E-01   9.9952775E-01   9.9935057E-01   9.9935057E-01
   9.9935057E-01   9.9968029E-01   9.9968029E-01   9.9968029E-01   9.9826959E-01
   9.9868111E-01   9.9868111E-01   9.9868111E-01   9.9840963E-01   9.9814343E-01
   9.9972491E-01   9.9972491E-01   9.9972491E-01   9.9900881E-01   9.9953114E-01
   9.9953114E-01   9.9953114E-01   9.9938554E-01   9.9990772E-01   9.9990772E-01
   9.9990772E-01   9.9991165E-01   9.9794164E-01   1.0002774E+00   9.9906811E-01
   9.9906811E-01   9.9906811E-01   9.9818126E-01   9.9818126E-01   9.9818126E-01
   9.9907783E-01   9.9952794E-01   9.9979746E-01   9.9979746E-01   9.9979746E-01
   9.9858857E-01   9.9858857E-01   9.9858857E-01   9.9890041E-01   9.9854999E-01
   9.9969071E-01   9.9969071E-01   9.9969071E-01   9.9779990E-01   9.9824795E-01
   9.9982277E-01   9.9951471E-01   9.9985024E-01   9.9950970E-01   9.9989150E-01
   9.9989150E-01   9.9989150E-01   9.9940999E-01   9.9908738E-01   9.9980851E-01
   9.9980851E-01   9.9980851E-01   9.9983067E-01   9.9983067E-01   9.9983067E-01
   9.9921739E-01

   1.0095493E+02   6.4227299E+08   8.4026701E+15   1.1969203E+01   3.1110453E-04   1.2532095E-02   1.0000000E+00    58 
   9.9917295E-01   9.9913524E-01   9.9913524E-01   9.9913524E-01   9.9911489E-01
   9.9913837E-01   9.9913837E-01   9.9913837E-01   9.9921210E-01   9.9913769E-01
   9.9887889E-01   9.9899211E-01   9.9906095E-01   9.9944173E-01   9.9944173E-01
   9.9944173E-01   9.9938898E-01   9.9938898E-01   9.9938898E-01   9.9875161E-01
   9.9922441E-01   9.9922441E-01   9.9922441E-01   9.9907977E-01   9.9880236E-01
   9.9948912E-01   9.9948912E-01   9.9948912E-01   9.9939529E-01   9.9939060E-01
   9.9939060E-01   9.9939060E-01   9.9946502E-01   9.9978924E-01   9.9978924E-01
   9.9978924E-01   9.9985330E-01   9.9879776E-01   9.9976812E-01   9.9945736E-01
   9.9945736E-01   9.9945736E-01   9.9871362E-01   9.9871362E-01   9.9871362E-01
   9.9895640E-01   9.9959921E-01   9.9986947E-01   9.9986947E-01   9.9986947E-01
   9.9911294E-01   9.9911294E-01   9.9911294E-01   9.9907847E-01   9.9912298E-01
   9.9962277E-01   9.9962277E-01   9.9962277E-01   9.9880179E-01   9.9880751E-01
   9.9986908E-01   9.9952034E-01   9.9987764E-01   9.9951823E-01   9.9989510E-01
   9.9989510E-01   9.9989510E-01   9.9941925E-01   9.9922127E-01   9.9978749E-01
   9.9978749E-01   9.9978749E-01   9.9982089E-01   9.9982089E-01   9.9982089E-01
   9.9931050E-01

   1.0080607E+02   4.7746545E+08   1.0834728E+16   1.2911718E+01   2.3336030E-04   9.7480358E-03   1.0000000E+00    59 
   9.9961018E-01   9.9956365E-01   9.9956365E-01   9.9956365E-01   9.9958350E-01
   9.9957641E-01   9.9957641E-01   9.9957641E-01   9.9961010E-01   9.9959745E-01
   9.9939306E-01   9.9940664E-01   9.9933669E-01   9.9963804E-01   9.9963804E-01
   9.9963804E-01   9.9954093E-01   9.9954093E-01   9.9954093E-01   9.9930940E-01
   9.9958511E-01   9.9958511E-01   9.9958511E-01   9.9948226E-01   9.9934914E-01
   9.9964777E-01   9.9964777E-01   9.9964777E-01   9.9966751E-01   9.9958889E-01
   9.9958889E-01   9.9958889E-01   9.9966485E-01   9.9985082E-01   9.9985082E-01
   9.9985082E-01   9.9985400E-01   9.9936169E-01   9.9956455E-01   9.9970369E-01
   9.9970369E-01   9.9970369E-01   9.9926851E-01   9.9926851E-01   9.9926851E-01
   9.9935607E-01   9.9973962E-01   9.9990505E-01   9.9990505E-01   9.9990505E-01
   9.9951284E-01   9.9951284E-01   9.9951284E-01   9.9945048E-01   9.9953439E-01
   9.9974065E-01   9.9974065E-01   9.9974065E-01   9.9939831E-01   9.9933212E-01
   9.9990885E-01   9.9968305E-01   9.9991096E-01   9.9968030E-01   9.9991728E-01
   9.9991728E-01   9.9991728E-01   9.9962120E-01   9.9952924E-01   9.9985136E-01
   9.9985136E-01   9.9985136E-01   9.9987255E-01   9.9987255E-01   9.9987255E-01
   9.9957290E-01

   1.0068651E+02   3.9669348E+08   1.3198529E+16   1.3679974E+01   1.9394796E-04   8.0213027E-03   1.0000000E+00    60 
   9.9979164E-01   9.9975344E-01   9.9975344E-01   9.9975344E-01   9.9977867E-01
   9.9976594E-01   9.9976594E-01   9.9976594E-01   9.9978468E-01   9.9978789E-01
   9.9964010E-01   9.9963546E-01   9.9956794E-01   9.9976537E-01   9.9976537E-01
   9.9976537E-01   9.9969063E-01   9.9969063E-01   9.9969063E-01   9.9959328E-01
   9.9975799E-01   9.9975799E-01   9.9975799E-01   9.9969391E-01   9.9962034E-01
   9.9977658E-01   9.9977658E-01   9.9977658E-01   9.9980195E-01   9.9973861E-01
   9.9973861E-01   9.9973861E-01   9.9978830E-01   9.9990468E-01   9.9990468E-01
   9.9990468E-01   9.9987905E-01   9.9963033E-01   9.9967417E-01   9.9982106E-01
   9.9982106E-01   9.9982106E-01   9.9956049E-01   9.9956049E-01   9.9956049E-01
   9.9961015E-01   9.9982884E-01   9.9993041E-01   9.9993041E-01   9.9993041E-01
   9.9971399E-01   9.9971399E-01   9.9971399E-01   9.9966369E-01   9.9973197E-01
   9.9983145E-01   9.9983145E-01   9.9983145E-01   9.9966296E-01   9.9960232E-01
   9.9993620E-01   9.9979219E-01   9.9993660E-01   9.9978944E-01   9.9993920E-01
   9.9993920E-01   9.9993920E-01   9.9975469E-01   9.9970888E-01   9.9990062E-01
   9.9990062E-01   9.9990062E-01   9.9991326E-01   9.9991326E-01   9.9991326E-01
   9.9973132E-01

   1.0062098E+02   3.6482663E+08   1.4678757E+16   1.4105755E+01   1.7794373E-04   7.2218434E-03   1.0000000E+00    61 
   9.9985907E-01   9.9982642E-01   9.9982642E-01   9.9982642E-01   9.9985022E-01
   9.9983721E-01   9.9983721E-01   9.9983721E-01   9.9985059E-01   9.9985717E-01
   9.9973565E-01   9.9972694E-01   9.9966674E-01   9.9982061E-01   9.9982061E-01
   9.9982061E-01   9.9976056E-01   9.9976056E-01   9.9976056E-01   9.9970300E-01
   9.9982445E-01   9.9982445E-01   9.9982445E-01   9.9977829E-01   9.9972353E-01
   9.9983075E-01   9.9983075E-01   9.9983075E-01   9.9985424E-01   9.9980219E-01
   9.9980219E-01   9.9980219E-01   9.9983990E-01   9.9992831E-01   9.9992831E-01
   9.9992831E-01   9.9989756E-01   9.9973278E-01   9.9974652E-01   9.9986693E-01
   9.9986693E-01   9.9986693E-01   9.9967493E-01   9.9967493E-01   9.9967493E-01
   9.9971303E-01   9.9986787E-01   9.9994407E-01   9.9994407E-01   9.9994407E-01
   9.9979088E-01   9.9979088E-01   9.9979088E-01   9.9974849E-01   9.9980702E-01
   9.9987216E-01   9.9987216E-01   9.9987216E-01   9.9976116E-01   9.9970716E-01
   9.9994979E-01   9.9983953E-01   9.9994982E-01   9.9983708E-01   9.9995137E-01
   9.9995137E-01   9.9995137E-01   9.9981167E-01   9.9978155E-01   9.9992351E-01
   9.9992351E-01   9.9992351E-01   9.9993271E-01   9.9993271E-01   9.9993271E-01
   9.9979654E-01

   1.0058758E+02   3.5114991E+08   1.5489991E+16   1.4324159E+01   1.7095243E-04   6.8481798E-03   1.0000000E+00    62 
   9.9986065E-01   9.9982623E-01   9.9982623E-01   9.9982623E-01   9.9985221E-01
   9.9983766E-01   9.9983766E-01   9.9983766E-01   9.9985167E-01   9.9985970E-01
   9.9972978E-01   9.9972025E-01   9.9965729E-01   9.9981361E-01   9.9981361E-01
   9.9981361E-01   9.9974997E-01   9.9974997E-01   9.9974997E-01   9.9969682E-01
   9.9982179E-01   9.9982179E-01   9.9982179E-01   9.9977523E-01   9.9972002E-01
   9.9982762E-01   9.9982762E-01   9.9982762E-01   9.9985052E-01   9.9979809E-01
   9.9979809E-01   9.9979809E-01   9.9983498E-01   9.9992692E-01   9.9992692E-01
   9.9992692E-01   9.9988606E-01   9.9972898E-01   9.9973809E-01   9.9986243E-01
   9.9986243E-01   9.9986243E-01   9.9966739E-01   9.9966739E-01   9.9966739E-01
   9.9970708E-01   9.9986217E-01   9.9993948E-01   9.9993948E-01   9.9993948E-01
   9.9978706E-01   9.9978706E-01   9.9978706E-01   9.9974279E-01   9.9980498E-01
   9.9986722E-01   9.9986722E-01   9.9986722E-01   9.9975915E-01   9.9970135E-01
   9.9994642E-01   9.9983291E-01   9.9994629E-01   9.9983010E-01   9.9994766E-01
   9.9994766E-01   9.9994766E-01   9.9980443E-01   9.9977531E-01   9.9991970E-01
   9.9991970E-01   9.9991970E-01   9.9992896E-01   9.9992896E-01   9.9992896E-01
   9.9978994E-01

   1.0057637E+02   3.4681656E+08   1.5772185E+16   1.4397884E+01   1.6876650E-04   6.7271547E-03   1.0000000E+00    63 
   9.9997986E-01   9.9990955E-01   9.9990955E-01   9.9990955E-01   9.9991800E-01
   9.9988649E-01   9.9988649E-01   9.9988649E-01   9.9991205E-01   9.9989436E-01
   9.9971560E-01   9.9970876E-01   9.9964761E-01   9.9983107E-01   9.9983107E-01
   9.9983107E-01   9.9973328E-01   9.9973328E-01   9.9973328E-01   9.9964671E-01
   9.9980043E-01   9.9980043E-01   9.9980043E-01   9.9973641E-01   9.9967847E-01
   9.9983824E-01   9.9983824E-01   9.9983824E-01   9.9983556E-01   9.9978995E-01
   9.9978995E-01   9.9978995E-01   9.9982300E-01   9.9996710E-01   9.9996710E-01
   9.9996710E-01   9.9988606E-01   9.9967636E-01   9.9970187E-01   9.9984461E-01
   9.9984461E-01   9.9984461E-01   9.9959322E-01   9.9959322E-01   9.9959322E-01
   9.9964641E-01   9.9985657E-01   9.9993366E-01   9.9993366E-01   9.9993366E-01
   9.9974766E-01   9.9974766E-01   9.9974766E-01   9.9970317E-01   9.9977697E-01
   9.9984073E-01   9.9984073E-01   9.9984073E-01   9.9969376E-01   9.9963738E-01
   9.9994293E-01   9.9981125E-01   9.9994229E-01   9.9980723E-01   9.9994263E-01
   9.9994263E-01   9.9994263E-01   9.9977166E-01   9.9973053E-01   9.9990577E-01
   9.9990577E-01   9.9990577E-01   9.9991766E-01   9.9991766E-01   9.9991766E-01
   9.9975089E-01
