
 24-FEB-2004                           !Format date

   1.0057637E+02     1.0810E+06       49       63

   1.1341482E+04   3.4478496E+00   2.8249382E+06   1.8495937E+00   7.3174661E-01   2.9481942E+03   1.0000000E+00     1 
   3.3332066E-12   4.5632897E-16   4.5632897E-16   1.0620199E-10   2.7029793E-08
   2.7029793E-08   5.8699293E-12   5.8699293E-12   1.0265941E-07   1.7365643E-05
   1.7365643E-05   6.7842624E-08   6.7842624E-08   1.3862441E-07   1.3862441E-07
   1.0679912E-05   1.2634769E-05   1.2634769E-05   8.2673757E-06   8.2673757E-06
   1.7700223E-05   1.5937833E-04   1.6577537E-04   1.0328297E-04   2.5345817E-04
   8.3678188E-04   1.2838758E-04   4.7629122E-04   1.2816398E-03   2.3914188E-03
   2.5211443E-03   1.2763853E-03   3.6788867E-03   4.9584411E-03   4.3165719E-03
   2.5300422E-03   7.5602057E-03   8.3642183E-03   7.1633596E-03   4.1269035E-03
   1.2481218E-02   1.2394322E-02   1.0058475E-02   5.9365045E-03   1.7628639E-02
   1.6796984E-02   1.3414199E-02   7.8645798E-03   2.1293334E-02

   1.1234034E+04   3.5150875E+00   2.8794849E+06   1.8496862E+00   7.3232029E-01   2.9479382E+03   1.0000000E+00     2 
   3.2829435E-12   4.5805179E-16   4.5805179E-16   1.0644461E-10   2.7080379E-08
   2.7080379E-08   5.8813655E-12   5.8813655E-12   1.0276993E-07   1.7390051E-05
   1.7390051E-05   6.7893893E-08   6.7893893E-08   1.3872316E-07   1.3872316E-07
   1.0685412E-05   1.2641292E-05   1.2641292E-05   8.2713818E-06   8.2713818E-06
   1.7708600E-05   1.5943658E-04   1.6584112E-04   1.0331990E-04   2.5354448E-04
   8.3701577E-04   1.2844152E-04   4.7641850E-04   1.2819758E-03   2.3919595E-03
   2.5217450E-03   1.2766696E-03   3.6796601E-03   4.9594071E-03   4.3174829E-03
   2.5305398E-03   7.5615488E-03   8.3655606E-03   7.1647207E-03   4.1275603E-03
   1.2483103E-02   1.2396123E-02   1.0060100E-02   5.9373430E-03   1.7631254E-02
   1.6799134E-02   1.3416323E-02   7.8655749E-03   2.1295888E-02

   1.1021993E+04   3.6537238E+00   2.9918700E+06   1.8498852E+00   7.3351849E-01   2.9474172E+03   1.0000000E+00     3 
   3.1862896E-12   4.6176793E-16   4.6176793E-16   1.0697823E-10   2.7194758E-08
   2.7194758E-08   5.9058807E-12   5.9058807E-12   1.0300727E-07   1.7442343E-05
   1.7442343E-05   6.8004078E-08   6.8004078E-08   1.3893574E-07   1.3893574E-07
   1.0697255E-05   1.2655451E-05   1.2655451E-05   8.2799978E-06   8.2799978E-06
   1.7726621E-05   1.5956201E-04   1.6598392E-04   1.0339921E-04   2.5373013E-04
   8.3751909E-04   1.2856707E-04   4.7669224E-04   1.2826984E-03   2.3931224E-03
   2.5230461E-03   1.2772804E-03   3.6813223E-03   4.9614820E-03   4.3194422E-03
   2.5316052E-03   7.5644321E-03   8.3684472E-03   7.1676456E-03   4.1289706E-03
   1.2487149E-02   1.2399986E-02   1.0063612E-02   5.9391435E-03   1.7636838E-02
   1.6803747E-02   1.3420870E-02   7.8677113E-03   2.1301344E-02

   1.0610344E+04   3.9475624E+00   3.2296947E+06   1.8503157E+00   7.3606940E-01   2.9463495E+03   1.0000000E+00     4 
   3.0055889E-12   4.7021728E-16   4.7021728E-16   1.0815244E-10   2.7448455E-08
   2.7448455E-08   5.9595057E-12   5.9595057E-12   1.0352353E-07   1.7556390E-05
   1.7556390E-05   6.8242716E-08   6.8242716E-08   1.3939632E-07   1.3939632E-07
   1.0722904E-05   1.2686199E-05   1.2686199E-05   8.2986474E-06   8.2986474E-06
   1.7765622E-05   1.5983358E-04   1.6629327E-04   1.0357063E-04   2.5413178E-04
   8.3860821E-04   1.2884613E-04   4.7728437E-04   1.2842609E-03   2.3956380E-03
   2.5258684E-03   1.2786009E-03   3.6849151E-03   4.9659686E-03   4.3236823E-03
   2.5339011E-03   7.5706591E-03   8.3746905E-03   7.1739538E-03   4.1320169E-03
   1.2495880E-02   1.2408323E-02   1.0071233E-02   5.9430359E-03   1.7648852E-02
   1.6813692E-02   1.3430703E-02   7.8723276E-03   2.1313056E-02

   9.8324823E+03   4.6095778E+00   3.7637926E+06   1.8512146E+00   7.4176609E-01   2.9441008E+03   1.0000000E+00     5 
   2.6796441E-12   4.8902719E-16   4.8902719E-16   1.1076326E-10   2.8013618E-08
   2.8013618E-08   6.0776412E-12   6.0776412E-12   1.0463650E-07   1.7806526E-05
   1.7806526E-05   6.8746036E-08   6.8746036E-08   1.4036258E-07   1.4036258E-07
   1.0776748E-05   1.2750803E-05   1.2750803E-05   8.3377848E-06   8.3377848E-06
   1.7847306E-05   1.6040266E-04   1.6694219E-04   1.0392990E-04   2.5497242E-04
   8.4088881E-04   1.2944501E-04   4.7852358E-04   1.2875308E-03   2.4009072E-03
   2.5318217E-03   1.2813720E-03   3.6924313E-03   4.9753922E-03   4.3326699E-03
   2.5387079E-03   7.5836920E-03   8.3877568E-03   7.1872396E-03   4.1383938E-03
   1.2514144E-02   1.2425734E-02   1.0087419E-02   5.9512064E-03   1.7674101E-02
   1.6834424E-02   1.3451593E-02   7.8820047E-03   2.1337384E-02

   8.4398396E+03   6.2978034E+00   5.1172808E+06   1.8530458E+00   7.5421608E-01   2.9389838E+03   1.0000000E+00     6 
   2.1324246E-12   5.3086212E-16   5.3086212E-16   1.1649965E-10   2.9208267E-08
   2.9208267E-08   6.3441994E-12   6.3441994E-12   1.0698349E-07   1.8338201E-05
   1.8338201E-05   6.9798053E-08   6.9798053E-08   1.4235023E-07   1.4235023E-07
   1.0887667E-05   1.2883535E-05   1.2883535E-05   8.4184870E-06   8.4184870E-06
   1.8014825E-05   1.6157061E-04   1.6825316E-04   1.0466887E-04   2.5669387E-04
   8.4556269E-04   1.3070139E-04   4.8106147E-04   1.2942299E-03   2.4117225E-03
   2.5442422E-03   1.2870959E-03   3.7078174E-03   4.9948913E-03   4.3517610E-03
   2.5485785E-03   7.6104137E-03   8.4145143E-03   7.2148290E-03   4.1514882E-03
   1.2551603E-02   1.2461243E-02   1.0120845E-02   5.9681183E-03   1.7726512E-02
   1.6876657E-02   1.3493932E-02   7.9019362E-03   2.1386685E-02

   6.2778820E+03   1.1479098E+01   9.2882207E+06   1.8563132E+00   7.8296066E-01   2.9264839E+03   1.0000000E+00     7 
   1.3621773E-12   6.1805964E-16   6.1805964E-16   1.2898020E-10   3.1494596E-08
   3.1494596E-08   6.9830500E-12   6.9830500E-12   1.1156941E-07   1.9400414E-05
   1.9400414E-05   7.1818411E-08   7.1818411E-08   1.4596407E-07   1.4596407E-07
   1.1090086E-05   1.3127131E-05   1.3127131E-05   8.5672552E-06   8.5672552E-06
   1.8317928E-05   1.6367430E-04   1.7050433E-04   1.0601727E-04   2.5980016E-04
   8.5395738E-04   1.3264877E-04   4.8564380E-04   1.3063600E-03   2.4313322E-03
   2.5658192E-03   1.2976868E-03   3.7355959E-03   5.0309952E-03   4.3840969E-03
   2.5664181E-03   7.6586658E-03   8.4629827E-03   7.2574201E-03   4.1754097E-03
   1.2619798E-02   1.2524834E-02   1.0172870E-02   5.9999762E-03   1.7822611E-02
   1.6952805E-02   1.3565060E-02   7.9385050E-03   2.1475197E-02

   4.6756742E+03   2.0921926E+01   1.6838946E+07   1.8603975E+00   8.3473487E-01   2.9100589E+03   1.0000000E+00     8 
   9.1926019E-13   7.3731442E-16   7.3731442E-16   1.4914838E-10   3.4808045E-08
   3.4808045E-08   8.0942096E-12   8.0942096E-12   1.1829034E-07   2.1039451E-05
   2.1039451E-05   7.4587871E-08   7.4587871E-08   1.5059141E-07   1.5059141E-07
   1.1353678E-05   1.3442936E-05   1.3442936E-05   8.7608680E-06   8.7608680E-06
   1.8702178E-05   1.6636491E-04   1.7343067E-04   1.0772204E-04   2.6372442E-04
   8.6464356E-04   1.3555515E-04   4.9145225E-04   1.3217196E-03   2.4565917E-03
   2.5939240E-03   1.3110853E-03   3.7704729E-03   5.0764360E-03   4.4261542E-03
   2.5882542E-03   7.7182397E-03   8.5250018E-03   7.3122435E-03   4.2056355E-03
   1.2705368E-02   1.2604368E-02   1.0241844E-02   6.0415849E-03   1.7934120E-02
   1.7049522E-02   1.3662999E-02   7.9845607E-03   2.1587308E-02

   3.4842997E+03   3.8233592E+01   3.0552823E+07   1.8657246E+00   9.2856752E-01   2.8881725E+03   1.0000000E+00     9 
   6.7382315E-13   9.5318698E-16   9.5318698E-16   1.8745418E-10   4.0604321E-08
   4.0604321E-08   1.0356465E-11   1.0356465E-11   1.2929417E-07   2.3893767E-05
   2.3893767E-05   7.8729591E-08   7.8729591E-08   1.5681690E-07   1.5681690E-07
   1.1718212E-05   1.3871757E-05   1.3871757E-05   9.0291653E-06   9.0291653E-06
   1.9212584E-05   1.6998419E-04   1.7748250E-04   1.0998745E-04   2.6891831E-04
   8.7893104E-04   1.4013339E-04   4.9918357E-04   1.3420926E-03   2.4907169E-03
   2.6314632E-03   1.3284756E-03   3.8162356E-03   5.1346110E-03   4.4821494E-03
   2.6167958E-03   7.7953726E-03   8.6078043E-03   7.3884049E-03   4.2455868E-03
   1.2816958E-02   1.2709857E-02   1.0338151E-02   6.0963965E-03   1.8070815E-02
   1.7178813E-02   1.3804845E-02   8.0459719E-03   2.1738578E-02

   2.5985463E+03   7.0096946E+01   5.5496119E+07   1.8726938E+00   1.1015697E+00   2.8587913E+03   1.0000000E+00    10 
   5.5509684E-13   1.3799889E-15   1.3799889E-15   2.6563778E-10   5.0957622E-08
   5.0957622E-08   1.5556610E-11   1.5556610E-11   1.4791850E-07   2.8892617E-05
   2.8892617E-05   8.5447315E-08   8.5447315E-08   1.6529843E-07   1.6529843E-07
   1.2240779E-05   1.4467793E-05   1.4467793E-05   9.4160995E-06   9.4160995E-06
   1.9896989E-05   1.7494592E-04   1.8322368E-04   1.1307709E-04   2.7583961E-04
   8.9834964E-04   1.4742643E-04   5.0959586E-04   1.3691201E-03   2.5367560E-03
   2.6824364E-03   1.3514570E-03   3.8763786E-03   5.2104119E-03   4.5592673E-03
   2.6554953E-03   7.8965628E-03   8.7179559E-03   7.4971803E-03   4.2997526E-03
   1.2962056E-02   1.2852656E-02   1.0475803E-02   6.1679828E-03   1.8246310E-02
   1.7352655E-02   1.4013786E-02   8.1306628E-03   2.1941736E-02

   1.9408575E+03   1.2896567E+02   1.0087043E+08   1.8822690E+00   1.4261810E+00   2.8193933E+03   1.0000000E+00    11 
   5.4245511E-13   2.4014767E-15   2.4014767E-15   4.5116302E-10   7.1136494E-08
   7.1136494E-08   2.9965805E-11   2.9965805E-11   1.8210615E-07   3.8043449E-05
   3.8043449E-05   9.8208081E-08   9.8208081E-08   1.7758921E-07   1.7758921E-07
   1.3067807E-05   1.5369443E-05   1.5369443E-05   1.0037908E-05   1.0037908E-05
   2.0867650E-05   1.8226457E-04   1.9191106E-04   1.1764997E-04   2.8554465E-04
   9.2649992E-04   1.5999417E-04   5.2445208E-04   1.4063674E-03   2.6015529E-03
   2.7571637E-03   1.3844824E-03   3.9592311E-03   5.3175288E-03   4.6735517E-03
   2.7123364E-03   8.0366877E-03   8.8723761E-03   7.6614387E-03   4.3788365E-03
   1.3160367E-02   1.3058192E-02   1.0684645E-02   6.2699523E-03   1.8486838E-02
   1.7599238E-02   1.4341535E-02   8.2558763E-03   2.2215755E-02

   1.4530208E+03   2.3827337E+02   1.8340066E+08   1.8957601E+00   2.0436952E+00   2.7667114E+03   1.0000000E+00    12 
   6.6395483E-13   5.4865518E-15   5.4865518E-15   9.9743814E-10   1.1630261E-07
   1.1630261E-07   8.1077917E-11   8.1077917E-11   2.5074067E-07   5.5138660E-05
   5.5138660E-05   1.2824171E-07   1.2824171E-07   1.9625010E-07   1.9625010E-07
   1.4544343E-05   1.6861332E-05   1.6861332E-05   1.1197055E-05   1.1197055E-05
   2.2297351E-05   1.9384762E-04   2.0598683E-04   1.2503323E-04   2.9958526E-04
   9.6930933E-04   1.8353222E-04   5.4680260E-04   1.4591640E-03   2.6986607E-03
   2.8742389E-03   1.4361233E-03   4.0771373E-03   5.4796656E-03   4.8549608E-03
   2.8032438E-03   8.2365117E-03   9.1024859E-03   7.9220287E-03   4.5028241E-03
   1.3441319E-02   1.3367293E-02   1.1013943E-02   6.4308745E-03   1.8825930E-02
   1.7972112E-02   1.4891572E-02   8.4540537E-03   2.2588911E-02

   1.0915123E+03   4.4263271E+02   3.3344042E+08   1.9147175E+00   3.2270105E+00   2.6967212E+03   1.0000000E+00    13 
   1.0593145E-12   1.7400892E-14   1.7400892E-14   3.0546626E-09   2.3811661E-07
   2.3811661E-07   3.2052010E-10   3.2052010E-10   4.1057406E-07   8.7340469E-05
   8.7340469E-05   2.2217199E-07   2.2217199E-07   2.2550801E-07   2.2550801E-07
   1.7692329E-05   1.9638684E-05   1.9638684E-05   1.3925248E-05   1.3925248E-05
   2.4437087E-05   2.1386291E-04   2.3040771E-04   1.3856312E-04   3.2006369E-04
   1.0378675E-03   2.3155252E-04   5.8284743E-04   1.5349395E-03   2.8600269E-03
   3.0696667E-03   1.5276919E-03   4.2460741E-03   5.7465422E-03   5.1611809E-03
   2.9702832E-03   8.5210999E-03   9.4716982E-03   8.3614503E-03   4.7212490E-03
   1.3839996E-02   1.3864411E-02   1.1555751E-02   6.7216712E-03   1.9303923E-02
   1.8590065E-02   1.5879292E-02   8.8152933E-03   2.3108714E-02

   8.2390322E+02   8.2934149E+02   6.0578738E+08   1.9422445E+00   5.4806258E+00   2.6052265E+03   1.0000000E+00    14 
   2.3451909E-12   7.7468817E-14   7.7468817E-14   1.2622121E-08   6.5413557E-07
   6.5413557E-07   1.7579134E-09   1.7579134E-09   8.9978779E-07   1.5059633E-04
   1.5059633E-04   6.1981684E-07   6.1981684E-07   2.7645817E-07   2.7645817E-07
   2.6696202E-05   2.6116481E-05   2.6116481E-05   2.2873775E-05   2.2873775E-05
   2.7844518E-05   2.5583557E-04   2.7834470E-04   1.7065718E-04   3.5153284E-04
   1.1661824E-03   3.4027609E-04   6.5247030E-04   1.6492880E-03   3.1983843E-03
   3.4384500E-03   1.7430058E-03   4.4985178E-03   6.2895826E-03   5.7409776E-03
   3.3711031E-03   8.9408396E-03   1.0180463E-02   9.1934822E-03   5.2178078E-03
   1.4422355E-02   1.4846105E-02   1.2544671E-02   7.4062901E-03   2.0004495E-02
   1.9852400E-02   1.7852435E-02   9.6998887E-03   2.3870528E-02

   6.2602163E+02   1.5793333E+03   1.0976257E+09   1.9845700E+00   9.6658009E+00   2.4905748E+03   1.0000000E+00    15 
   8.2055014E-12   5.3560594E-13   5.3560594E-13   6.9894529E-08   2.5337284E-06
   2.5337284E-06   1.3605079E-08   1.3605079E-08   3.1234847E-06   2.9856669E-04
   2.9856669E-04   2.8261044E-06   2.8261044E-06   3.9410661E-07   3.9410661E-07
   6.3177580E-05   4.7199764E-05   4.7199764E-05   6.3557861E-05   6.3557861E-05
   3.3973875E-05   3.7801991E-04   3.9287744E-04   2.7840252E-04   4.0488646E-04
   1.4799061E-03   6.2350848E-04   8.3853581E-04   1.8369744E-03   4.2051719E-03
   4.2846879E-03   2.4760700E-03   4.9045019E-03   7.8495912E-03   7.0629352E-03
   4.6931728E-03   9.6057639E-03   1.2039986E-02   1.1079132E-02   6.8234286E-03
   1.5331385E-02   1.7538915E-02   1.4708635E-02   9.6715453E-03   2.1103237E-02
   2.3406645E-02   2.2522279E-02   1.2747416E-02   2.5056201E-02

   4.7890745E+02   3.1266453E+03   1.9914092E+09   2.0523961E+00   1.6345393E+01   2.3458450E+03   1.0000000E+00    16 
   5.3295166E-11   6.4604180E-12   6.4604180E-12   5.2042245E-07   1.2920370E-05
   1.2920370E-05   1.4878276E-07   1.4878276E-07   1.7059116E-05   6.8739473E-04
   6.8739473E-04   1.6948986E-05   1.6948986E-05   9.3463273E-07   9.3463273E-07
   2.4237983E-04   1.4383714E-04   1.4383714E-04   2.8261677E-04   2.8261677E-04
   4.7793732E-05   8.5452424E-04   7.4344729E-04   7.2421106E-04   5.0975962E-04
   2.4523036E-03   1.5084101E-03   1.5086918E-03   2.1797439E-03   7.8937604E-03
   6.7313948E-03   5.4163087E-03   5.6134497E-03   1.3414058E-02   1.0866019E-02
   9.5470056E-03   1.0742614E-02   1.8423088E-02   1.6357018E-02   1.2917139E-02
   1.6866588E-02   2.6601447E-02   2.0640395E-02   1.8324522E-02   2.2946489E-02
   3.5484533E-02   3.5854134E-02   2.4596840E-02   2.7009835E-02

   3.6959393E+02   6.6509479E+03   3.6315609E+09   2.1590312E+00   2.2697589E+01   2.1600962E+03   1.0000000E+00    17 
   6.7277253E-10   1.4217860E-10   1.4217860E-10   5.3722558E-06   7.4507871E-05
   7.4507871E-05   2.0417906E-06   2.0417906E-06   1.2137975E-04   1.6247275E-03
   1.6247275E-03   1.1097078E-04   1.1097078E-04   6.2024658E-06   6.2024658E-06
   1.0424515E-03   6.8480781E-04   6.8480781E-04   1.3801212E-03   1.3801212E-03
   9.7736353E-05   2.8087883E-03   2.0699773E-03   2.5799403E-03   7.7643683E-04
   5.8985787E-03   4.9278635E-03   3.9331927E-03   2.9117899E-03   1.9605400E-02
   1.4859286E-02   1.5330737E-02   6.9744172E-03   3.0637750E-02   2.3904943E-02
   2.4788178E-02   1.2851427E-02   4.0778909E-02   3.3394963E-02   3.1410476E-02
   1.9693506E-02   5.3952895E-02   3.9955636E-02   4.5200836E-02   2.6259088E-02
   7.2124929E-02   7.7192493E-02   5.9878683E-02   3.0401927E-02

   2.8900439E+02   1.5551842E+04   6.6747743E+09   2.3126674E+00   2.3298574E+01   1.9223545E+03   1.0000000E+00    18 
   1.3679730E-08   4.6101732E-09   4.6101732E-09   6.1906588E-05   3.9891672E-04
   3.9891672E-04   2.6427445E-05   2.6427445E-05   8.2373180E-04   3.5273145E-03
   3.5273145E-03   6.8556029E-04   6.8556029E-04   6.1905791E-05   6.1905791E-05
   3.5264791E-03   3.7030141E-03   3.7030141E-03   5.5860056E-03   5.5860056E-03
   4.0610668E-04   9.3984718E-03   7.4122964E-03   9.7074595E-03   1.6531162E-03
   1.7477090E-02   1.9205022E-02   1.0767980E-02   4.7806363E-03   4.5016838E-02
   3.9958452E-02   3.9121260E-02   1.0100312E-02   6.5598878E-02   6.4643585E-02
   6.1991702E-02   1.7603491E-02   1.0185516E-01   8.5886770E-02   6.3537184E-02
   2.5666366E-02   1.1462193E-01   1.0032714E-01   9.3968778E-02   3.2836440E-02
   1.5671260E-01   1.8996130E-01   1.2271216E-01   3.6988760E-02

   2.3028591E+02   3.9775321E+04   1.2204120E+10   2.5283629E+00   1.8569657E+01   1.6561071E+03   1.0000000E+00    19 
   4.4685215E-07   2.1156531E-07   2.1156531E-07   6.4272117E-04   1.9847440E-03
   1.9847440E-03   3.1934964E-04   3.1934964E-04   4.7056427E-03   8.5355481E-03
   8.5355481E-03   3.8403401E-03   3.8403401E-03   5.8972815E-04   5.8972815E-04
   8.8970534E-03   1.7716642E-02   1.7716642E-02   1.8286303E-02   1.8286303E-02
   2.5214627E-03   2.5809271E-02   2.5363361E-02   2.9139131E-02   4.8352237E-03
   3.7186332E-02   6.6923037E-02   2.8683656E-02   1.0408354E-02   9.3280348E-02
   1.0334275E-01   8.1790553E-02   1.8471051E-02   1.1632865E-01   1.6399490E-01
   1.1818894E-01   2.9979219E-02   1.9972333E-01   2.0717270E-01   1.1994872E-01
   4.0056438E-02   1.8928702E-01   2.4349590E-01   1.6208407E-01   4.8073455E-02
   2.8535275E-01   4.2023429E-01   2.2397310E-01   5.1716530E-02

   1.8732298E+02   1.1039748E+05   2.2558788E+10   2.8072781E+00   1.2680932E+01   1.3541399E+03   1.0000000E+00    20 
   1.6560298E-05   9.4231574E-06   9.4231574E-06   6.1043448E-03   8.4387760E-03
   8.4387760E-03   3.1550293E-03   3.1550293E-03   2.0279868E-02   2.7130070E-02
   2.7130070E-02   1.6937472E-02   1.6937472E-02   4.3162361E-03   4.3162361E-03
   2.3357161E-02   7.1093289E-02   7.1093289E-02   4.8271546E-02   4.8271546E-02
   1.1891781E-02   6.2942935E-02   8.5885104E-02   7.4336546E-02   1.7395031E-02
   6.7207539E-02   2.3709741E-01   8.4046601E-02   2.4407090E-02   1.8811032E-01
   2.2779205E-01   1.5846114E-01   3.4921797E-02   2.2469948E-01   4.4842659E-01
   1.9032951E-01   4.9039922E-02   2.8173321E-01   4.8224510E-01   2.2504103E-01
   7.1415990E-02   1.9315071E-01   4.6665856E-01   2.7189558E-01   8.0403656E-02
   3.7671832E-01   7.7045906E-01   3.5708314E-01   8.1123696E-02

   1.5629712E+02   3.1815352E+05   4.2646154E+10   3.1032329E+00   8.1370169E+00   1.0289587E+03   1.0000000E+00    21 
   3.0341476E-04   2.0924953E-04   2.0924953E-04   2.6005704E-02   2.4996475E-02
   2.4996475E-02   2.0096473E-02   2.0096473E-02   6.1611013E-02   6.5500441E-02
   6.5500441E-02   4.9147682E-02   4.9147682E-02   2.1392945E-02   2.1392945E-02
   7.1872125E-02   1.6937782E-01   1.6937782E-01   1.0730279E-01   1.0730279E-01
   4.4572172E-02   1.2914731E-01   1.4209363E-01   1.2702543E-01   6.2493397E-02
   1.4315545E-01   4.2245459E-01   1.7364270E-01   6.6500893E-02   2.7387003E-01
   3.4296048E-01   2.1420809E-01   8.5435495E-02   3.1415033E-01   7.6555126E-01
   2.5736540E-01   1.0401436E-01   3.7267149E-01   7.7624343E-01   3.6251644E-01
   1.2275110E-01   3.7392902E-01   6.9997018E-01   2.7068663E-01   1.3461663E-01
   4.3188079E-01   9.9708284E-01   4.4288035E-01   1.4152601E-01

   1.3525275E+02   8.8475038E+05   8.0502317E+10   3.4279018E+00   5.2347325E+00   7.2792964E+02   1.0000000E+00    22 
   3.7511155E-03   2.8064336E-03   2.8064336E-03   1.0143644E-01   6.7577300E-02
   6.7577300E-02   7.9026618E-02   7.9026618E-02   1.2430095E-01   1.5056130E-01
   1.5056130E-01   1.0129274E-01   1.0129274E-01   6.7838101E-02   6.7838101E-02
   1.6452109E-01   3.1799796E-01   3.1799796E-01   1.8294893E-01   1.8294893E-01
   1.1042005E-01   2.2664320E-01   3.3699597E-01   2.1247745E-01   1.4826660E-01
   2.5744831E-01   5.9048163E-01   2.4623252E-01   1.1370354E-01   3.8319365E-01
   4.1956779E-01   3.6587509E-01   1.6085669E-01   3.8849143E-01   9.9313806E-01
   3.2543181E-01   1.7950788E-01   4.4739853E-01   9.5520820E-01   4.6987215E-01
   1.9748777E-01   5.2992542E-01   1.1157396E+00   3.2265479E-01   2.1512402E-01
   6.1087283E-01   1.2381109E+00   5.0212104E-01   2.0597997E-01

   1.2356812E+02   1.9837253E+06   1.3634361E+11   3.6397230E+00   3.7196850E+00   5.1492786E+02   1.0000000E+00    23 
   1.1622631E-02   9.0900277E-03   9.0900277E-03   2.5756921E-01   1.2668359E-01
   1.2668359E-01   1.3657221E-01   1.3657221E-01   1.6500775E-01   2.9471525E-01
   2.9471525E-01   1.6629867E-01   1.6629867E-01   1.0546949E-01   1.0546949E-01
   2.4805891E-01   5.6383891E-01   5.6383891E-01   2.5464277E-01   2.5464277E-01
   1.5075717E-01   3.1714801E-01   7.1613275E-01   3.4289281E-01   1.8843450E-01
   3.1028876E-01   7.8927538E-01   3.1401660E-01   1.4924926E-01   5.0414513E-01
   4.8475178E-01   4.2910918E-01   1.6838195E-01   4.8631844E-01   1.3753376E+00
   4.5979066E-01   2.1841290E-01   6.4822270E-01   1.4130894E+00   5.4047501E-01
   2.6794811E-01   6.5973412E-01   1.1250347E+00   5.3159608E-01   2.6558092E-01
   7.9658034E-01   1.2515240E+00   6.0907443E-01   2.5602703E-01

   1.1645889E+02   3.6999050E+06   2.1691488E+11   3.7978819E+00   3.0266809E+00   3.6438532E+02   1.0000000E+00    24 
   2.2845911E-02   1.8729532E-02   1.8729532E-02   3.9111798E-01   1.8796765E-01
   1.8796765E-01   2.0877380E-01   2.0877380E-01   2.0081061E-01   4.0745739E-01
   4.0745739E-01   2.3990281E-01   2.3990281E-01   1.5835658E-01   1.5835658E-01
   3.0635575E-01   7.4631325E-01   7.4631325E-01   3.2566247E-01   3.2566247E-01
   2.0351085E-01   4.0952802E-01   9.7262693E-01   4.2327389E-01   2.3507636E-01
   3.5638690E-01   9.5152592E-01   3.6400562E-01   1.8874488E-01   5.7331302E-01
   5.8073672E-01   4.3523556E-01   2.1706395E-01   6.0095325E-01   1.6285769E+00
   6.5066265E-01   2.7035294E-01   7.7227549E-01   1.7735371E+00   6.4180656E-01
   3.1890420E-01   7.3817462E-01   1.2251075E+00   6.5231866E-01   3.1635298E-01
   9.4554202E-01   1.4145440E+00   7.1953106E-01   2.8576896E-01

   1.1191196E+02   5.8115559E+06   3.3092522E+11   3.9319166E+00   2.9091931E+00   2.5864938E+02   1.0000000E+00    25 
   4.1417298E-02   3.4979335E-02   3.4979335E-02   4.9935225E-01   2.5363203E-01
   2.5363203E-01   2.9434187E-01   2.9434187E-01   2.4030900E-01   4.8320474E-01
   4.8320474E-01   3.0802408E-01   3.0802408E-01   2.1670082E-01   2.1670082E-01
   3.5777121E-01   8.1374319E-01   8.1374319E-01   4.0316287E-01   4.0316287E-01
   2.5246483E-01   4.6172053E-01   1.1379117E+00   4.6733501E-01   2.7403355E-01
   4.0348666E-01   1.1667505E+00   4.1513091E-01   2.3505775E-01   5.7644421E-01
   6.5160622E-01   4.9039403E-01   2.6860819E-01   7.2007387E-01   1.5878947E+00
   7.6191322E-01   3.1820272E-01   8.4445593E-01   1.8602081E+00   7.4668342E-01
   3.5808994E-01   8.3809843E-01   1.4423168E+00   7.6261170E-01   3.6780131E-01
   1.0838343E+00   1.5745007E+00   8.5725093E-01   3.2722714E-01

   1.0890312E+02   8.1445140E+06   4.9287427E+11   4.0198827E+00   3.1495352E+00   1.8338929E+02   1.0000000E+00    26 
   5.7924066E-02   5.0198140E-02   5.0198140E-02   5.6312381E-01   3.0256102E-01
   3.0256102E-01   3.5458539E-01   3.5458539E-01   2.7014909E-01   5.2721934E-01
   5.2721934E-01   3.5603509E-01   3.5603509E-01   2.5569143E-01   2.5569143E-01
   3.9565938E-01   8.5234684E-01   8.5234684E-01   4.6114812E-01   4.6114812E-01
   2.8402325E-01   4.7794065E-01   1.1310141E+00   4.8068222E-01   2.8729359E-01
   4.3563062E-01   1.3104435E+00   4.4638853E-01   2.6072425E-01   5.7044890E-01
   6.7286207E-01   5.8857300E-01   2.9025931E-01   7.8796085E-01   1.3583906E+00
   7.9186388E-01   3.5588144E-01   8.9835356E-01   1.8630892E+00   7.8916162E-01
   3.9079182E-01   9.3122076E-01   1.4341516E+00   8.4556300E-01   4.0787925E-01
   1.1516371E+00   1.5558314E+00   9.6098246E-01   3.7290533E-01

   1.0686730E+02   1.0649183E+07   7.2115837E+11   4.0754363E+00   3.6325620E+00   1.3015632E+02   1.0000000E+00    27 
   6.7872723E-02   6.0757944E-02   6.0757944E-02   5.9587445E-01   3.3504481E-01
   3.3504481E-01   3.9084257E-01   3.9084257E-01   2.9171972E-01   5.5175471E-01
   5.5175471E-01   3.8813265E-01   3.8813265E-01   2.7883779E-01   2.7883779E-01
   4.2344747E-01   8.7380100E-01   8.7380100E-01   4.9986217E-01   4.9986217E-01
   3.0711060E-01   4.8591838E-01   1.0328198E+00   4.8128165E-01   2.9381509E-01
   4.5904743E-01   1.3049448E+00   4.6225964E-01   2.8367668E-01   5.7447099E-01
   6.7506482E-01   6.7387290E-01   3.0656963E-01   7.9890651E-01   1.1105587E+00
   7.7787299E-01   3.9579844E-01   9.2636879E-01   1.7476454E+00   7.9403127E-01
   4.2737280E-01   9.7424680E-01   1.3272497E+00   8.7531047E-01   4.4399035E-01
   1.1619503E+00   1.4578077E+00   1.0045432E+00   4.1939307E-01

   1.0545841E+02   1.3034184E+07   1.0448504E+12   4.1113438E+00   4.4616152E+00   9.2249065E+01   1.0000000E+00    28 
   7.3771587E-02   6.8287402E-02   6.8287402E-02   6.0817634E-01   3.5554571E-01
   3.5554571E-01   4.1325058E-01   4.1325058E-01   3.0716029E-01   5.6213528E-01
   5.6213528E-01   4.0849064E-01   4.0849064E-01   2.9291741E-01   2.9291741E-01
   4.4359319E-01   8.6913365E-01   8.6913365E-01   5.2594248E-01   5.2594248E-01
   3.2377603E-01   4.9101430E-01   8.9624720E-01   4.7789998E-01   3.0479646E-01
   4.8143655E-01   1.2423429E+00   4.6906123E-01   3.1255037E-01   5.8430611E-01
   6.7206022E-01   7.2572982E-01   3.2765335E-01   7.8411809E-01   9.4442338E-01
   7.4111784E-01   4.2910549E-01   9.3776997E-01   1.5792461E+00   7.8309821E-01
   4.6282718E-01   9.7798462E-01   1.2218201E+00   8.7358745E-01   4.7689454E-01
   1.1412220E+00   1.3432191E+00   1.0050079E+00   4.6215786E-01

   1.0447983E+02   1.4842064E+07   1.5062157E+12   4.1367293E+00   5.8696459E+00   6.5195373E+01   1.0000000E+00    29 
   7.9980305E-02   7.6132925E-02   7.6132925E-02   6.0728191E-01   3.6879603E-01
   3.6879603E-01   4.3484922E-01   4.3484922E-01   3.1868295E-01   5.6389687E-01
   5.6389687E-01   4.2080191E-01   4.2080191E-01   3.0717148E-01   3.0717148E-01
   4.5791920E-01   8.4641931E-01   8.4641931E-01   5.4168527E-01   5.4168527E-01
   3.3824157E-01   4.9482697E-01   7.6859665E-01   4.6909797E-01   3.2102450E-01
   5.0500050E-01   1.1762220E+00   4.7150223E-01   3.4413649E-01   5.9374990E-01
   6.6581288E-01   7.4612884E-01   3.5164344E-01   7.6567205E-01   8.6481011E-01
   7.0060889E-01   4.5542488E-01   9.3875265E-01   1.4012378E+00   7.6267911E-01
   4.9377620E-01   9.6421240E-01   1.1353117E+00   8.5919752E-01   5.0748360E-01
   1.1022718E+00   1.2330965E+00   9.8259976E-01   5.0018251E-01

   1.0379966E+02   1.5830175E+07   2.1565909E+12   4.1586923E+00   8.1342749E+00   4.6131403E+01   1.0000000E+00    30 
   8.9738058E-02   8.7155335E-02   8.7155335E-02   6.0672137E-01   3.8168665E-01
   3.8168665E-01   4.6067475E-01   4.6067475E-01   3.2991372E-01   5.6665359E-01
   5.6665359E-01   4.3120819E-01   4.3120819E-01   3.2488076E-01   3.2488076E-01
   4.7038481E-01   8.2378132E-01   8.2378132E-01   5.5330657E-01   5.5330657E-01
   3.5375931E-01   5.0363989E-01   6.8001389E-01   4.6179551E-01   3.4019219E-01
   5.3100647E-01   1.1246885E+00   4.7445431E-01   3.7479916E-01   6.0156902E-01
   6.6129994E-01   7.4997538E-01   3.7664229E-01   7.5322591E-01   8.2862694E-01
   6.7003200E-01   4.7869448E-01   9.3412782E-01   1.2483702E+00   7.4157175E-01
   5.2208687E-01   9.4551929E-01   1.0652654E+00   8.4432663E-01   5.3695668E-01
   1.0577115E+00   1.1385292E+00   9.5322399E-01   5.3439594E-01

   1.0333957E+02   1.5590586E+07   3.0138127E+12   4.1647579E+00   1.1781669E+01   3.3303524E+01   1.0000000E+00    31 
   9.6790429E-02   9.4918541E-02   9.4918541E-02   5.8364830E-01   3.7930540E-01
   3.7930540E-01   4.7622550E-01   4.7622550E-01   3.3197384E-01   5.5704011E-01
   5.5704011E-01   4.2955163E-01   4.2955163E-01   3.3833746E-01   3.3833746E-01
   4.7079410E-01   7.8877998E-01   7.8877998E-01   5.5104085E-01   5.5104085E-01
   3.6575787E-01   5.1004834E-01   6.0557602E-01   4.4736917E-01   3.5701572E-01
   5.5158218E-01   1.0694488E+00   4.7162205E-01   4.0205924E-01   5.9906027E-01
   6.5055177E-01   7.3715091E-01   3.9944241E-01   7.3601742E-01   8.0043746E-01
   6.4223197E-01   4.9754294E-01   9.1304514E-01   1.1151823E+00   7.1815188E-01
   5.4552479E-01   9.1613347E-01   1.0003600E+00   8.2383656E-01   5.6287834E-01
   1.0042231E+00   1.0531593E+00   9.1565053E-01   5.6352040E-01

   1.0311115E+02   1.3765434E+07   4.3404685E+12   4.1308309E+00   1.9308998E+01   2.3225478E+01   1.0000000E+00    32 
   8.7219470E-02   8.5848562E-02   8.5848562E-02   5.0669148E-01   3.4038932E-01
   3.4038932E-01   4.5547213E-01   4.5547213E-01   3.1332937E-01   5.1564556E-01
   5.1564556E-01   4.0122962E-01   4.0122962E-01   3.3388449E-01   3.3388449E-01
   4.4788434E-01   7.2268466E-01   7.2268466E-01   5.2094944E-01   5.2094944E-01
   3.6515219E-01   5.0139042E-01   5.2749773E-01   4.1702361E-01   3.6341907E-01
   5.5323619E-01   9.8508059E-01   4.5330858E-01   4.1916620E-01   5.7294245E-01
   6.1979542E-01   6.9249642E-01   4.1401794E-01   7.0062381E-01   7.5549109E-01
   6.0693362E-01   5.0704312E-01   8.6383827E-01   9.7937143E-01   6.8273578E-01
   5.5909027E-01   8.6276112E-01   9.1895067E-01   7.8616197E-01   5.8004601E-01
   9.2902881E-01   9.5611030E-01   8.5865520E-01   5.8280752E-01

   1.0303449E+02   1.2226648E+07   6.1655873E+12   4.1001680E+00   3.0351595E+01   1.6373496E+01   1.0000000E+00    33 
   7.7889864E-02   7.7036097E-02   7.7036097E-02   4.5845632E-01   3.1337064E-01
   3.1337064E-01   4.2959905E-01   4.2959905E-01   3.0009676E-01   4.8877169E-01
   4.8877169E-01   3.8172616E-01   3.8172616E-01   3.2412764E-01   3.2412764E-01
   4.3242577E-01   6.8226476E-01   6.8226476E-01   5.0038871E-01   5.0038871E-01
   3.5996959E-01   4.9459610E-01   4.9234353E-01   3.9976148E-01   3.6333755E-01
   5.5323318E-01   9.1804289E-01   4.4176504E-01   4.2513528E-01   5.5486086E-01
   5.9704081E-01   6.5604711E-01   4.2158803E-01   6.7649395E-01   7.1801622E-01
   5.8602738E-01   5.1145339E-01   8.2359982E-01   8.8989249E-01   6.5793930E-01
   5.6626152E-01   8.2146116E-01   8.5735655E-01   7.5696745E-01   5.8920010E-01
   8.7278497E-01   8.8729170E-01   8.1558001E-01   5.9328412E-01

   1.0299255E+02   1.0850907E+07   8.5204921E+12   4.0740833E+00   4.5692558E+01   1.1856899E+01   1.0000000E+00    34 
   7.0529419E-02   7.0030249E-02   7.0030249E-02   4.2404954E-01   2.9346859E-01
   2.9346859E-01   4.0554084E-01   4.0554084E-01   2.8992825E-01   4.6906584E-01
   4.6906584E-01   3.6717301E-01   3.6717301E-01   3.1459313E-01   3.1459313E-01
   4.2059632E-01   6.5295941E-01   6.5295941E-01   4.8456109E-01   4.8456109E-01
   3.5451074E-01   4.8911870E-01   4.7204844E-01   3.8898107E-01   3.6216326E-01
   5.5393474E-01   8.5947557E-01   4.3453440E-01   4.2810956E-01   5.4225807E-01
   5.7936891E-01   6.2737697E-01   4.2762332E-01   6.5709013E-01   6.8649248E-01
   5.7240869E-01   5.1486808E-01   7.8781686E-01   8.2504447E-01   6.4092661E-01
   5.7139252E-01   7.8763480E-01   8.1050603E-01   7.3356156E-01   5.9553697E-01
   8.2836175E-01   8.3589722E-01   7.8172601E-01   6.0062440E-01

   1.0296080E+02   9.4227202E+06   1.2172607E+13   4.0502574E+00   7.0967992E+01   8.3038406E+00   1.0000000E+00    35 
   6.4632792E-02   6.4401634E-02   6.4401634E-02   3.9594828E-01   2.7722887E-01
   2.7722887E-01   3.8230250E-01   3.8230250E-01   2.8122588E-01   4.5241106E-01
   4.5241106E-01   3.5483510E-01   3.5483510E-01   3.0556502E-01   3.0556502E-01
   4.1054738E-01   6.2782083E-01   6.2782083E-01   4.6998825E-01   4.6998825E-01
   3.4929606E-01   4.8475326E-01   4.5993330E-01   3.8302260E-01   3.6132767E-01
   5.5647670E-01   7.9907198E-01   4.3142584E-01   4.3046553E-01   5.3375142E-01
   5.6454216E-01   6.0223490E-01   4.3483853E-01   6.3894214E-01   6.5660868E-01
   5.6295615E-01   5.1946206E-01   7.5186843E-01   7.6947738E-01   6.2818742E-01
   5.7688740E-01   7.5565353E-01   7.6890769E-01   7.1195389E-01   6.0160413E-01
   7.8749899E-01   7.9054282E-01   7.5081492E-01   6.0756838E-01

   1.0292345E+02   7.8930336E+06   1.7206312E+13   4.0269935E+00   1.1055707E+02   5.8782133E+00   1.0000000E+00    36 
   6.0180114E-02   6.0096858E-02   6.0096858E-02   3.6712965E-01   2.6259854E-01
   2.6259854E-01   3.5626417E-01   3.5626417E-01   2.7367880E-01   4.3463264E-01
   4.3463264E-01   3.4355233E-01   3.4355233E-01   2.9581445E-01   2.9581445E-01
   4.0195802E-01   6.0397344E-01   6.0397344E-01   4.5526382E-01   4.5526382E-01
   3.4351160E-01   4.8479509E-01   4.5784067E-01   3.8554122E-01   3.6172615E-01
   5.6282419E-01   7.4406197E-01   4.3461235E-01   4.3313762E-01   5.3176962E-01
   5.5598135E-01   5.8500921E-01   4.4450375E-01   6.2505520E-01   6.3398041E-01
   5.5949319E-01   5.2578014E-01   7.2171586E-01   7.2807353E-01   6.2139379E-01
   5.8313813E-01   7.3050713E-01   7.3784883E-01   6.9600929E-01   6.0775026E-01
   7.5586363E-01   7.5654571E-01   7.2754331E-01   6.1442789E-01

   1.0287946E+02   6.5966860E+06   2.4301188E+13   4.0169257E+00   1.6894241E+02   4.1651427E+00   1.0000000E+00    37 
   6.0496148E-02   6.0461807E-02   6.0461807E-02   3.4653859E-01   2.5725214E-01
   2.5725214E-01   3.3893416E-01   3.3893416E-01   2.7395306E-01   4.2128914E-01
   4.2128914E-01   3.3939496E-01   3.3939496E-01   2.9146475E-01   2.9146475E-01
   4.0242308E-01   5.8691997E-01   5.8691997E-01   4.4650079E-01   4.4650079E-01
   3.4209270E-01   4.9465134E-01   4.7099911E-01   4.0282976E-01   3.6885114E-01
   5.7695710E-01   7.0095019E-01   4.5051349E-01   4.4071221E-01   5.4182823E-01
   5.5878219E-01   5.8033863E-01   4.6126353E-01   6.1977344E-01   6.2218230E-01
   5.6525530E-01   5.3834507E-01   7.0141920E-01   7.0155875E-01   6.2297830E-01
   5.9420154E-01   7.1474831E-01   7.1838755E-01   6.8824398E-01   6.1791257E-01
   7.3520716E-01   7.3464696E-01   7.1386728E-01   6.2507502E-01

   1.0282819E+02   5.9239401E+06   3.4304587E+13   4.0320141E+00   2.3945806E+02   2.9531994E+00   1.0000000E+00    38 
   6.7796171E-02   6.7776858E-02   6.7776858E-02   3.4092979E-01   2.6871962E-01
   2.6871962E-01   3.3799783E-01   3.3799783E-01   2.8937231E-01   4.1813736E-01
   4.1813736E-01   3.4979982E-01   3.4979982E-01   2.9705980E-01   2.9705980E-01
   4.1892725E-01   5.8186251E-01   5.8186251E-01   4.5233079E-01   4.5233079E-01
   3.4918302E-01   5.1936653E-01   5.0164823E-01   4.3773720E-01   3.8807283E-01
   6.0194853E-01   6.7734973E-01   4.8377614E-01   4.5766220E-01   5.6657092E-01
   5.7595079E-01   5.9103256E-01   4.8895885E-01   6.2684417E-01   6.2465787E-01
   5.8280609E-01   5.6066284E-01   6.9437597E-01   6.9135750E-01   6.3501138E-01
   6.1318491E-01   7.1076430E-01   7.1217014E-01   6.9097977E-01   6.3525914E-01
   7.2737494E-01   7.2622125E-01   7.1170843E-01   6.4257667E-01

   1.0276873E+02   6.3630711E+06   4.8428475E+13   4.0821261E+00   2.9344556E+02   2.0941743E+00   1.0000000E+00    39 
   8.4285733E-02   8.4271112E-02   8.4271112E-02   3.5760212E-01   3.0239024E-01
   3.0239024E-01   3.5902745E-01   3.5902745E-01   3.2479946E-01   4.3247906E-01
   4.3247906E-01   3.7991973E-01   3.7991973E-01   3.1707509E-01   3.1707509E-01
   4.5487708E-01   5.9499626E-01   5.9499626E-01   4.7934029E-01   4.7934029E-01
   3.6860462E-01   5.6150751E-01   5.5090789E-01   4.9103481E-01   4.2384244E-01
   6.3987112E-01   6.7989376E-01   5.3643411E-01   4.8803888E-01   6.0531229E-01
   6.0787444E-01   6.1689554E-01   5.3005739E-01   6.4860408E-01   6.4362326E-01
   6.1359770E-01   5.9519392E-01   7.0279654E-01   6.9861933E-01   6.5899898E-01
   6.4253656E-01   7.2013569E-01   7.2029513E-01   7.0566207E-01   6.6229288E-01
   7.3338209E-01   7.3205784E-01   7.2213092E-01   6.6930832E-01

   1.0270049E+02   8.8335576E+06   6.8401838E+13   4.1734515E+00   2.9759900E+02   1.4846026E+00   1.0000000E+00    40 
   1.1393064E-01   1.1391727E-01   1.1391727E-01   4.0492750E-01   3.6066391E-01
   3.6066391E-01   4.0499232E-01   4.0499232E-01   3.8185757E-01   4.7089548E-01
   4.7089548E-01   4.3009500E-01   4.3009500E-01   3.5557541E-01   3.5557541E-01
   5.1049748E-01   6.3054921E-01   6.3054921E-01   5.2782322E-01   5.2782322E-01
   4.0259184E-01   6.2122864E-01   6.1912333E-01   5.6160826E-01   4.7710240E-01
   6.9160833E-01   7.1036665E-01   6.0696238E-01   5.3372752E-01   6.5539628E-01
   6.5267456E-01   6.5589547E-01   5.8438663E-01   6.8515951E-01   6.7893313E-01
   6.5729788E-01   6.4214457E-01   7.2679925E-01   7.2274275E-01   6.9499935E-01
   6.8287657E-01   7.4286193E-01   7.4241262E-01   7.3232048E-01   6.9961976E-01
   7.5285092E-01   7.5162783E-01   7.4487652E-01   7.0576466E-01

   1.0262342E+02   1.6149900E+07   9.6467906E+13   4.3089426E+00   2.4601580E+02   1.0542925E+00   1.0000000E+00    41 
   1.6255470E-01   1.6254203E-01   1.6254203E-01   4.8223383E-01   4.4360165E-01
   4.4360165E-01   4.7463336E-01   4.7463336E-01   4.6059596E-01   5.3147577E-01
   5.3147577E-01   4.9772764E-01   4.9772764E-01   4.1573411E-01   4.1573411E-01
   5.8277662E-01   6.8241148E-01   6.8241148E-01   5.9193371E-01   5.9193371E-01
   4.5160052E-01   6.9418707E-01   6.9942837E-01   6.4382459E-01   5.4454582E-01
   7.5318172E-01   7.6035605E-01   6.8860279E-01   5.9355526E-01   7.1275464E-01
   7.0663606E-01   7.0516406E-01   6.4892854E-01   7.3294027E-01   7.2656626E-01
   7.1093161E-01   6.9875070E-01   7.6285297E-01   7.5951892E-01   7.4036850E-01
   7.3178554E-01   7.7598630E-01   7.7529528E-01   7.6842973E-01   7.4488220E-01
   7.8298344E-01   7.8198202E-01   7.7746638E-01   7.4976477E-01

   1.0254756E+02   3.4297489E+07   1.3061232E+14   4.4695166E+00   1.7413219E+02   7.7989620E-01   1.0000000E+00    42 
   2.2756684E-01   2.2755590E-01   2.2755590E-01   5.6677829E-01   5.3489645E-01
   5.3489645E-01   5.5360094E-01   5.5360094E-01   5.4606659E-01   5.9706783E-01
   5.9706783E-01   5.6877504E-01   5.6877504E-01   4.9156404E-01   4.9156404E-01
   6.5465695E-01   7.3160556E-01   7.3160556E-01   6.5297829E-01   6.5297829E-01
   5.0862376E-01   7.6174363E-01   7.7003686E-01   7.1874616E-01   6.1301027E-01
   8.0907290E-01   8.1052642E-01   7.6207813E-01   6.5641949E-01   7.6574253E-01
   7.5838700E-01   7.5439721E-01   7.1144934E-01   7.8006369E-01   7.7428381E-01
   7.6288981E-01   7.5328348E-01   8.0066786E-01   7.9814258E-01   7.8490869E-01
   7.7890423E-01   8.1065653E-01   8.0994803E-01   8.0527479E-01   7.8865517E-01
   8.1551373E-01   8.1473857E-01   8.1170531E-01   7.9236872E-01

   1.0247369E+02   7.8414885E+07   1.7125313E+14   4.6495378E+00   1.1089628E+02   5.9573726E-01   1.0000000E+00    43 
   3.0780855E-01   3.0780061E-01   3.0780061E-01   6.4677055E-01   6.2479651E-01
   6.2479651E-01   6.3334589E-01   6.3334589E-01   6.3013554E-01   6.6107397E-01
   6.6107397E-01   6.3912414E-01   6.3912414E-01   5.8027635E-01   5.8027635E-01
   7.1835556E-01   7.7146130E-01   7.7146130E-01   7.0406801E-01   7.0406801E-01
   5.7154755E-01   8.1692306E-01   8.2504784E-01   7.8073402E-01   6.7879113E-01
   8.5471463E-01   8.5344287E-01   8.2219482E-01   7.1789806E-01   8.1183472E-01
   8.0474721E-01   7.9995877E-01   7.6841410E-01   8.2239448E-01   8.1759519E-01
   8.0940403E-01   8.0207646E-01   8.3609595E-01   8.3429263E-01   8.2527745E-01
   8.2115879E-01   8.4338208E-01   8.4276493E-01   8.3962704E-01   8.2817503E-01
   8.4677839E-01   8.4620059E-01   8.4417577E-01   8.3091176E-01

   1.0239913E+02   1.9058132E+08   2.2107639E+14   4.8537518E+00   6.4345040E+01   4.6220706E-01   1.0000000E+00    44 
   4.0362727E-01   4.0362316E-01   4.0362316E-01   7.1994175E-01   7.0821376E-01
   7.0821376E-01   7.0905845E-01   7.0905845E-01   7.0939036E-01   7.2405306E-01
   7.2405306E-01   7.1052219E-01   7.1052219E-01   6.7780181E-01   6.7780181E-01
   7.7235383E-01   8.0330845E-01   8.0330845E-01   7.4712428E-01   7.4712428E-01
   6.4098645E-01   8.5980515E-01   8.6653989E-01   8.3081155E-01   7.4228758E-01
   8.9080454E-01   8.8851453E-01   8.6980395E-01   7.7699089E-01   8.5189246E-01
   8.4592768E-01   8.4142178E-01   8.1967207E-01   8.5978779E-01   8.5612334E-01
   8.5045717E-01   8.4517329E-01   8.6855957E-01   8.6735997E-01   8.6143905E-01
   8.5872987E-01   8.7365603E-01   8.7317687E-01   8.7113815E-01   8.6356817E-01
   8.7602488E-01   8.7561416E-01   8.7429514E-01   8.6550280E-01

   1.0232234E+02   4.8776593E+08   2.8366900E+14   5.0864571E+00   3.4292389E+01   3.6080620E-01   1.0000000E+00    45 
   5.1196057E-01   5.1196020E-01   5.1196020E-01   7.8450362E-01   7.7964852E-01
   7.7964852E-01   7.7610648E-01   7.7610648E-01   7.8030597E-01   7.8616687E-01
   7.8616687E-01   7.8244795E-01   7.8244795E-01   7.7028106E-01   7.7028106E-01
   8.1683838E-01   8.3073575E-01   8.3073575E-01   7.8690932E-01   7.8690932E-01
   7.1536472E-01   8.9199180E-01   8.9744337E-01   8.7078514E-01   8.0258538E-01
   9.1821546E-01   9.1586315E-01   9.0579821E-01   8.3165883E-01   8.8628784E-01
   8.8179847E-01   8.7815186E-01   8.6446776E-01   8.9216136E-01   8.8960445E-01
   8.8591585E-01   8.8240182E-01   8.9755624E-01   8.9682585E-01   8.9314903E-01
   8.9147771E-01   9.0096042E-01   9.0062542E-01   8.9936354E-01   8.9464623E-01
   9.0259537E-01   9.0232048E-01   9.0149452E-01   8.9594613E-01

   1.0224233E+02   1.3003265E+09   3.6389853E+14   5.3518948E+00   1.6911417E+01   2.8173224E-01   1.0000000E+00    46 
   6.2547663E-01   6.2547900E-01   6.2547900E-01   8.3855027E-01   8.3646481E-01
   8.3646481E-01   8.3239031E-01   8.3239031E-01   8.4091052E-01   8.4512042E-01
   8.4512042E-01   8.4864199E-01   8.4864199E-01   8.4293886E-01   8.4293886E-01
   8.5460979E-01   8.5882422E-01   8.5882422E-01   8.2922903E-01   8.2922903E-01
   7.9141360E-01   9.1649840E-01   9.2124611E-01   9.0321089E-01   8.5746669E-01
   9.3840322E-01   9.3639767E-01   9.3177878E-01   8.7948736E-01   9.1543461E-01
   9.1236158E-01   9.0973791E-01   9.0215695E-01   9.1955531E-01   9.1793771E-01
   9.1572433E-01   9.1363208E-01   9.2272473E-01   9.2232425E-01   9.2021183E-01
   9.1927058E-01   9.2488418E-01   9.2467203E-01   9.2394050E-01   9.2122663E-01
   9.2598666E-01   9.2581466E-01   9.2532571E-01   9.2204705E-01

   1.0215847E+02   3.5300081E+09   4.6839809E+14   5.6536814E+00   7.7952866E+00   2.1925969E-01   1.0000000E+00    47 
   7.3217712E-01   7.3218078E-01   7.3218078E-01   8.8129097E-01   8.8023053E-01
   8.8023053E-01   8.7801939E-01   8.7801939E-01   8.9061619E-01   8.9578263E-01
   8.9578263E-01   9.0020214E-01   9.0020214E-01   8.9433351E-01   8.9433351E-01
   8.8988831E-01   8.9169333E-01   8.9169333E-01   8.7687577E-01   8.7687577E-01
   8.6408881E-01   9.3649291E-01   9.4084780E-01   9.2984759E-01   9.0329970E-01
   9.5351806E-01   9.5197943E-01   9.5032119E-01   9.1871521E-01   9.3974680E-01
   9.3783326E-01   9.3613002E-01   9.3263311E-01   9.4234094E-01   9.4142772E-01
   9.4022259E-01   9.3914878E-01   9.4411718E-01   9.4392444E-01   9.4282935E-01
   9.4236326E-01   9.4541071E-01   9.4528912E-01   9.4489905E-01   9.4349892E-01
   9.4612245E-01   9.4602234E-01   9.4575425E-01   9.4398236E-01

   1.0207031E+02   9.2995158E+09   6.0665428E+14   5.9947117E+00   3.4167392E+00   1.6959821E-01   1.0000000E+00    48 
   8.2021634E-01   8.2022008E-01   8.2022008E-01   9.1549185E-01   9.1537641E-01
   9.1537641E-01   9.1524494E-01   9.1524494E-01   9.2918806E-01   9.3384675E-01
   9.3384675E-01   9.3522650E-01   9.3522650E-01   9.3039136E-01   9.3039136E-01
   9.2479581E-01   9.2783341E-01   9.2783341E-01   9.2368095E-01   9.2368095E-01
   9.2253050E-01   9.5413526E-01   9.5780420E-01   9.5159654E-01   9.3842552E-01
   9.6592949E-01   9.6485901E-01   9.6443255E-01   9.4884569E-01   9.5953635E-01
   9.5850920E-01   9.5751030E-01   9.5627852E-01   9.6104727E-01   9.6059870E-01
   9.5999501E-01   9.5953690E-01   9.6199388E-01   9.6191619E-01   9.6141408E-01
   9.6121901E-01   9.6272712E-01   9.6266439E-01   9.6247533E-01   9.6184409E-01
   9.6314541E-01   9.6309095E-01   9.6295982E-01   9.6211159E-01

   1.0197771E+02   2.2022958E+10   7.9229842E+14   6.3764186E+00   1.4639092E+00   1.3010766E-01   1.0000000E+00    49 
   8.8489660E-01   8.8489976E-01   8.8489976E-01   9.4417058E-01   9.4476912E-01
   9.4476912E-01   9.4538242E-01   9.4538242E-01   9.5641946E-01   9.5926578E-01
   9.5926578E-01   9.5872197E-01   9.5872197E-01   9.5590428E-01   9.5590428E-01
   9.5531881E-01   9.5857717E-01   9.5857717E-01   9.5820111E-01   9.5820111E-01
   9.5883279E-01   9.6990800E-01   9.7251819E-01   9.6949914E-01   9.6459731E-01
   9.7688879E-01   9.7623377E-01   9.7612278E-01   9.7026861E-01   9.7500628E-01
   9.7457576E-01   9.7405127E-01   9.7376063E-01   9.7588029E-01   9.7569809E-01
   9.7541065E-01   9.7525028E-01   9.7636162E-01   9.7633801E-01   9.7613573E-01
   9.7606819E-01   9.7675843E-01   9.7672901E-01   9.7664586E-01   9.7639737E-01
   9.7696482E-01   9.7693661E-01   9.7688358E-01   9.7653706E-01

   1.0188086E+02   4.4051125E+10   1.0438498E+15   6.7995322E+00   6.3139484E-01   9.8953532E-02   1.0000000E+00    50 
   9.2997205E-01   9.2997443E-01   9.2997443E-01   9.6723660E-01   9.6793009E-01
   9.6793009E-01   9.6832184E-01   9.6832184E-01   9.7450403E-01   9.7604129E-01
   9.7604129E-01   9.7535561E-01   9.7535561E-01   9.7409958E-01   9.7409958E-01
   9.7646852E-01   9.7849819E-01   9.7849819E-01   9.7849004E-01   9.7849004E-01
   9.7868568E-01   9.8225401E-01   9.8365258E-01   9.8256951E-01   9.8138669E-01
   9.8588962E-01   9.8557811E-01   9.8551672E-01   9.8388933E-01   9.8588671E-01
   9.8576072E-01   9.8550956E-01   9.8546938E-01   9.8641255E-01   9.8635543E-01
   9.8622498E-01   9.8617613E-01   9.8666622E-01   9.8666199E-01   9.8658783E-01
   9.8656739E-01   9.8687578E-01   9.8686253E-01   9.8682855E-01   9.8673787E-01
   9.8696080E-01   9.8694649E-01   9.8692965E-01   9.8680872E-01

   1.0178030E+02   7.4510386E+10   1.3817440E+15   7.2649271E+00   2.7907773E-01   7.4914494E-02   1.0000000E+00    51 
   9.6066091E-01   9.6066261E-01   9.6066261E-01   9.8308811E-01   9.8353666E-01
   9.8353666E-01   9.8364431E-01   9.8364431E-01   9.8626809E-01   9.8710915E-01
   9.8710915E-01   9.8673025E-01   9.8673025E-01   9.8628098E-01   9.8628098E-01
   9.8850312E-01   9.8945339E-01   9.8945339E-01   9.8940881E-01   9.8940881E-01
   9.8941540E-01   9.9057733E-01   9.9113946E-01   9.9090395E-01   9.9074896E-01
   9.9229748E-01   9.9220914E-01   9.9217969E-01   9.9183570E-01   9.9269214E-01
   9.9267234E-01   9.9256358E-01   9.9256634E-01   9.9301323E-01   9.9300256E-01
   9.9294625E-01   9.9293159E-01   9.9315578E-01   9.9315619E-01   9.9312987E-01
   9.9312375E-01   9.9326365E-01   9.9325773E-01   9.9324431E-01   9.9321115E-01
   9.9330125E-01   9.9329455E-01   9.9328865E-01   9.9324712E-01

   1.0167649E+02   1.1178898E+11   1.8255239E+15   7.7749293E+00   1.2690763E-01   5.6827558E-02   1.0000000E+00    52 
   9.7950401E-01   9.7950533E-01   9.7950533E-01   9.9215414E-01   9.9238236E-01
   9.9238236E-01   9.9235710E-01   9.9235710E-01   9.9332300E-01   9.9374389E-01
   9.9374389E-01   9.9356760E-01   9.9356760E-01   9.9341855E-01   9.9341855E-01
   9.9465356E-01   9.9504539E-01   9.9504539E-01   9.9503708E-01   9.9503708E-01
   9.9502847E-01   9.9544637E-01   9.9564466E-01   9.9563681E-01   9.9564689E-01
   9.9617401E-01   9.9617743E-01   9.9617179E-01   9.9612211E-01   9.9647296E-01
   9.9647738E-01   9.9643581E-01   9.9645088E-01   9.9666359E-01   9.9666539E-01
   9.9664261E-01   9.9663818E-01   9.9674268E-01   9.9674344E-01   9.9673427E-01
   9.9673242E-01   9.9679565E-01   9.9679284E-01   9.9678772E-01   9.9677570E-01
   9.9681153E-01   9.9680871E-01   9.9680676E-01   9.9679317E-01

   1.0156938E+02   1.5594255E+11   2.3938737E+15   8.3330665E+00   5.9408387E-02   4.3432605E-02   1.0000000E+00    53 
   9.8924928E-01   9.8925054E-01   9.8925054E-01   9.9661288E-01   9.9672428E-01
   9.9672428E-01   9.9664866E-01   9.9664866E-01   9.9704680E-01   9.9722629E-01
   9.9722629E-01   9.9714282E-01   9.9714282E-01   9.9707393E-01   9.9707393E-01
   9.9762765E-01   9.9777580E-01   9.9777580E-01   9.9778889E-01   9.9778889E-01
   9.9778629E-01   9.9794882E-01   9.9801734E-01   9.9803181E-01   9.9804636E-01
   9.9821884E-01   9.9823506E-01   9.9823710E-01   9.9824215E-01   9.9837270E-01
   9.9837801E-01   9.9836266E-01   9.9838082E-01   9.9847823E-01   9.9848119E-01
   9.9847324E-01   9.9847221E-01   9.9852049E-01   9.9852098E-01   9.9851802E-01
   9.9851752E-01   9.9854579E-01   9.9854438E-01   9.9854252E-01   9.9853844E-01
   9.9855177E-01   9.9855075E-01   9.9855035E-01   9.9854649E-01

   1.0145830E+02   2.0872010E+11   3.1116339E+15   8.9428295E+00   2.8779528E-02   3.3491228E-02   1.0000000E+00    54 
   9.9376535E-01   9.9376679E-01   9.9376679E-01   9.9858918E-01   9.9864311E-01
   9.9864311E-01   9.9854512E-01   9.9854512E-01   9.9878935E-01   9.9885080E-01
   9.9885080E-01   9.9880565E-01   9.9880565E-01   9.9875524E-01   9.9875524E-01
   9.9899385E-01   9.9904317E-01   9.9904317E-01   9.9905318E-01   9.9905318E-01
   9.9905057E-01   9.9911028E-01   9.9913260E-01   9.9914109E-01   9.9914777E-01
   9.9920148E-01   9.9921077E-01   9.9921329E-01   9.9922300E-01   9.9926751E-01
   9.9927035E-01   9.9926418E-01   9.9927880E-01   9.9932216E-01   9.9932390E-01
   9.9932188E-01   9.9932187E-01   9.9934393E-01   9.9934423E-01   9.9934340E-01
   9.9934329E-01   9.9935570E-01   9.9935515E-01   9.9935453E-01   9.9935325E-01
   9.9935799E-01   9.9935764E-01   9.9935772E-01   9.9935685E-01

   1.0134230E+02   2.7306640E+11   4.0150075E+15   9.6077847E+00   1.4519376E-02   2.6018932E-02   1.0000000E+00    55 
   9.9582613E-01   9.9582797E-01   9.9582797E-01   9.9941169E-01   9.9943835E-01
   9.9943835E-01   9.9933221E-01   9.9933221E-01   9.9952484E-01   9.9953781E-01
   9.9953781E-01   9.9950833E-01   9.9950833E-01   9.9946777E-01   9.9946777E-01
   9.9958316E-01   9.9959503E-01   9.9959503E-01   9.9959785E-01   9.9959785E-01
   9.9959385E-01   9.9961554E-01   9.9962170E-01   9.9962546E-01   9.9962762E-01
   9.9964505E-01   9.9964838E-01   9.9964984E-01   9.9965554E-01   9.9966983E-01
   9.9967072E-01   9.9966767E-01   9.9967785E-01   9.9969802E-01   9.9969879E-01
   9.9969854E-01   9.9969866E-01   9.9970906E-01   9.9970924E-01   9.9970901E-01
   9.9970897E-01   9.9971449E-01   9.9971441E-01   9.9971422E-01   9.9971377E-01
   9.9971550E-01   9.9971536E-01   9.9971552E-01   9.9971540E-01

   1.0122043E+02   3.5257702E+11   5.1498192E+15   1.0331288E+01   7.6668806E-03   2.0337346E-02   1.0000000E+00    56 
   9.9686363E-01   9.9686628E-01   9.9686628E-01   9.9972541E-01   9.9974232E-01
   9.9974232E-01   9.9964065E-01   9.9964065E-01   9.9979701E-01   9.9979564E-01
   9.9979564E-01   9.9977457E-01   9.9977457E-01   9.9974379E-01   9.9974379E-01
   9.9981350E-01   9.9981373E-01   9.9981373E-01   9.9981279E-01   9.9981279E-01
   9.9980888E-01   9.9982122E-01   9.9982244E-01   9.9982382E-01   9.9982414E-01
   9.9983270E-01   9.9983349E-01   9.9983414E-01   9.9983655E-01   9.9984182E-01
   9.9984186E-01   9.9984002E-01   9.9984675E-01   9.9985748E-01   9.9985782E-01
   9.9985781E-01   9.9985785E-01   9.9986332E-01   9.9986341E-01   9.9986328E-01
   9.9986324E-01   9.9986606E-01   9.9986607E-01   9.9986599E-01   9.9986574E-01
   9.9986645E-01   9.9986637E-01   9.9986651E-01   9.9986653E-01

   1.0109170E+02   4.5188096E+11   6.5786482E+15   1.1117055E+01   4.2566501E-03   1.5962558E-02   1.0000000E+00    57 
   9.9760335E-01   9.9760701E-01   9.9760701E-01   9.9983883E-01   9.9985290E-01
   9.9985290E-01   9.9977102E-01   9.9977102E-01   9.9988667E-01   9.9988495E-01
   9.9988495E-01   9.9987037E-01   9.9987037E-01   9.9985026E-01   9.9985026E-01
   9.9989788E-01   9.9989649E-01   9.9989649E-01   9.9989482E-01   9.9989482E-01
   9.9989232E-01   9.9990352E-01   9.9990374E-01   9.9990421E-01   9.9990420E-01
   9.9991086E-01   9.9991108E-01   9.9991136E-01   9.9991256E-01   9.9991577E-01
   9.9991566E-01   9.9991451E-01   9.9991870E-01   9.9992516E-01   9.9992534E-01
   9.9992531E-01   9.9992531E-01   9.9992855E-01   9.9992860E-01   9.9992849E-01
   9.9992846E-01   9.9993011E-01   9.9993012E-01   9.9993007E-01   9.9992989E-01
   9.9993026E-01   9.9993021E-01   9.9993030E-01   9.9993033E-01

   1.0095493E+02   5.7814801E+11   8.4026701E+15   1.1969203E+01   2.5006908E-03   1.2532095E-02   1.0000000E+00    58 
   9.9836550E-01   9.9836960E-01   9.9836960E-01   9.9989426E-01   9.9990815E-01
   9.9990815E-01   9.9985609E-01   9.9985609E-01   9.9992914E-01   9.9992929E-01
   9.9992929E-01   9.9992044E-01   9.9992044E-01   9.9990975E-01   9.9990975E-01
   9.9994022E-01   9.9993962E-01   9.9993962E-01   9.9993843E-01   9.9993843E-01
   9.9993737E-01   9.9994678E-01   9.9994693E-01   9.9994708E-01   9.9994713E-01
   9.9995227E-01   9.9995240E-01   9.9995253E-01   9.9995327E-01   9.9995565E-01
   9.9995560E-01   9.9995495E-01   9.9995724E-01   9.9996100E-01   9.9996110E-01
   9.9996106E-01   9.9996105E-01   9.9996291E-01   9.9996294E-01   9.9996286E-01
   9.9996284E-01   9.9996378E-01   9.9996379E-01   9.9996375E-01   9.9996364E-01
   9.9996384E-01   9.9996380E-01   9.9996386E-01   9.9996388E-01

   1.0080607E+02   7.4617148E+11   1.0834728E+16   1.2911718E+01   1.5519743E-03   9.7480358E-03   1.0000000E+00    59 
   9.9902439E-01   9.9902809E-01   9.9902809E-01   9.9993407E-01   9.9994597E-01
   9.9994597E-01   9.9991871E-01   9.9991871E-01   9.9995896E-01   9.9995995E-01
   9.9995995E-01   9.9995525E-01   9.9995525E-01   9.9995054E-01   9.9995054E-01
   9.9996778E-01   9.9996773E-01   9.9996773E-01   9.9996708E-01   9.9996708E-01
   9.9996682E-01   9.9997315E-01   9.9997329E-01   9.9997333E-01   9.9997339E-01
   9.9997668E-01   9.9997678E-01   9.9997684E-01   9.9997727E-01   9.9997880E-01
   9.9997879E-01   9.9997847E-01   9.9997956E-01   9.9998150E-01   9.9998156E-01
   9.9998153E-01   9.9998152E-01   9.9998247E-01   9.9998249E-01   9.9998244E-01
   9.9998243E-01   9.9998291E-01   9.9998291E-01   9.9998289E-01   9.9998283E-01
   9.9998292E-01   9.9998290E-01   9.9998294E-01   9.9998296E-01

   1.0068651E+02   9.0933384E+11   1.3198529E+16   1.3679974E+01   1.1330564E-03   8.0213027E-03   1.0000000E+00    60 
   9.9938799E-01   9.9939112E-01   9.9939112E-01   9.9995636E-01   9.9996600E-01
   9.9996600E-01   9.9995086E-01   9.9995086E-01   9.9997450E-01   9.9997554E-01
   9.9997554E-01   9.9997284E-01   9.9997284E-01   9.9997063E-01   9.9997063E-01
   9.9998101E-01   9.9998117E-01   9.9998117E-01   9.9998081E-01   9.9998081E-01
   9.9998082E-01   9.9998501E-01   9.9998512E-01   9.9998513E-01   9.9998518E-01
   9.9998727E-01   9.9998735E-01   9.9998738E-01   9.9998764E-01   9.9998863E-01
   9.9998864E-01   9.9998846E-01   9.9998903E-01   9.9999013E-01   9.9999016E-01
   9.9999014E-01   9.9999013E-01   9.9999067E-01   9.9999068E-01   9.9999065E-01
   9.9999064E-01   9.9999091E-01   9.9999091E-01   9.9999090E-01   9.9999086E-01
   9.9999090E-01   9.9999089E-01   9.9999091E-01   9.9999093E-01

   1.0062098E+02   1.0114714E+12   1.4678757E+16   1.4105755E+01   9.7636746E-04   7.2218434E-03   1.0000000E+00    61 
   9.9953541E-01   9.9953820E-01   9.9953820E-01   9.9996615E-01   9.9997433E-01
   9.9997433E-01   9.9996364E-01   9.9996364E-01   9.9998061E-01   9.9998164E-01
   9.9998164E-01   9.9997968E-01   9.9997968E-01   9.9997834E-01   9.9997834E-01
   9.9998603E-01   9.9998623E-01   9.9998623E-01   9.9998598E-01   9.9998598E-01
   9.9998606E-01   9.9998929E-01   9.9998939E-01   9.9998938E-01   9.9998942E-01
   9.9999101E-01   9.9999106E-01   9.9999109E-01   9.9999129E-01   9.9999204E-01
   9.9999205E-01   9.9999192E-01   9.9999231E-01   9.9999310E-01   9.9999312E-01
   9.9999310E-01   9.9999310E-01   9.9999348E-01   9.9999349E-01   9.9999347E-01
   9.9999346E-01   9.9999365E-01   9.9999365E-01   9.9999365E-01   9.9999362E-01
   9.9999364E-01   9.9999363E-01   9.9999365E-01   9.9999367E-01

   1.0058758E+02   1.0674402E+12   1.5489991E+16   1.4324159E+01   9.1049251E-04   6.8481798E-03   1.0000000E+00    62 
   9.9951655E-01   9.9951969E-01   9.9951969E-01   9.9996379E-01   9.9997279E-01
   9.9997279E-01   9.9996236E-01   9.9996236E-01   9.9997905E-01   9.9998040E-01
   9.9998040E-01   9.9997843E-01   9.9997843E-01   9.9997732E-01   9.9997732E-01
   9.9998526E-01   9.9998557E-01   9.9998557E-01   9.9998533E-01   9.9998533E-01
   9.9998547E-01   9.9998899E-01   9.9998912E-01   9.9998911E-01   9.9998917E-01
   9.9999088E-01   9.9999096E-01   9.9999098E-01   9.9999120E-01   9.9999206E-01
   9.9999208E-01   9.9999195E-01   9.9999231E-01   9.9999311E-01   9.9999313E-01
   9.9999311E-01   9.9999311E-01   9.9999350E-01   9.9999351E-01   9.9999348E-01
   9.9999348E-01   9.9999367E-01   9.9999368E-01   9.9999367E-01   9.9999364E-01
   9.9999367E-01   9.9999366E-01   9.9999368E-01   9.9999369E-01

   1.0057637E+02   1.0869085E+12   1.5772185E+16   1.4397884E+01   8.8997562E-04   6.7271547E-03   1.0000000E+00    63 
   9.9928136E-01   9.9931022E-01   9.9931022E-01   9.9991561E-01   9.9997958E-01
   9.9997958E-01   9.9991068E-01   9.9991068E-01   9.9998804E-01   1.0000094E+00
   1.0000094E+00   9.9998678E-01   9.9998678E-01   9.9994092E-01   9.9994092E-01
   9.9999185E-01   9.9999536E-01   9.9999536E-01   9.9998757E-01   9.9998757E-01
   9.9997601E-01   9.9999453E-01   9.9999494E-01   9.9999193E-01   9.9998879E-01
   1.0000185E+00   1.0000203E+00   1.0000124E+00   9.9999527E-01   9.9999769E-01
   9.9999723E-01   9.9999660E-01   9.9999587E-01   9.9999600E-01   9.9999596E-01
   9.9999584E-01   9.9999579E-01   9.9999590E-01   9.9999590E-01   9.9999585E-01
   9.9999584E-01   9.9999593E-01   9.9999593E-01   9.9999591E-01   9.9999589E-01
   9.9999592E-01   9.9999592E-01   9.9999592E-01   9.9999590E-01
