
 24-FEB-2004                           !Format date

   1.0057637E+02     1.0810E+06       31       63

   1.1341482E+04   2.6322084E-02   2.8249382E+06   1.8495937E+00   7.1372070E+01   2.9481942E+03   1.0000000E+00     1 
   3.5466215E-21   2.3709907E-24   2.3709907E-24   1.6109565E-17   1.4135752E-16
   1.4135752E-16   4.7434039E-17   4.7434039E-17   1.1614715E-10   2.8366922E-10
   2.8366922E-10   1.2160071E-10   1.2160071E-10   2.0895047E-10   2.0895047E-10
   1.6989183E-07   2.9418577E-07   1.0943681E-07   2.1784769E-07   8.1897157E-06
   9.8171094E-06   4.4227381E-06   9.5859710E-06   8.4103390E-05   8.8924741E-05
   4.1179946E-05   9.1895868E-05   3.7865423E-04   4.4468430E-04   3.6840811E-04
   1.7641805E-04

   1.1234034E+04   2.6870081E-02   2.8794849E+06   1.8496862E+00   7.1306700E+01   2.9479382E+03   1.0000000E+00     2 
   3.4916121E-21   2.3784311E-24   2.3784311E-24   1.6148881E-17   1.4170010E-16
   1.4170010E-16   4.7520363E-17   4.7520363E-17   1.1627646E-10   2.8402634E-10
   2.8402634E-10   1.2172380E-10   1.2172380E-10   2.0916213E-10   2.0916213E-10
   1.7001293E-07   2.9442444E-07   1.0950961E-07   2.1799167E-07   8.1938400E-06
   9.8229397E-06   4.4248481E-06   9.5905297E-06   8.4135260E-05   8.8967170E-05
   4.1194883E-05   9.1928686E-05   3.7876692E-04   4.4485825E-04   3.6851234E-04
   1.7646915E-04

   1.1021993E+04   2.8005236E-02   2.9918700E+06   1.8498852E+00   7.1170500E+01   2.9474172E+03   1.0000000E+00     3 
   3.3859993E-21   2.3948000E-24   2.3948000E-24   1.6233289E-17   1.4245097E-16
   1.4245097E-16   4.7706347E-17   4.7706347E-17   1.1655522E-10   2.8479806E-10
   2.8479806E-10   1.2198898E-10   1.2198898E-10   2.0961782E-10   2.0961782E-10
   1.7027356E-07   2.9494167E-07   1.0966637E-07   2.1830164E-07   8.2027146E-06
   9.8354275E-06   4.4293892E-06   9.6003358E-06   8.4203818E-05   8.9058292E-05
   4.1227028E-05   9.1999312E-05   3.7900939E-04   4.4522930E-04   3.6873660E-04
   1.7657909E-04

   1.0610344E+04   3.0432503E-02   3.2296947E+06   1.8503157E+00   7.0880773E+01   2.9463495E+03   1.0000000E+00     4 
   3.1886109E-21   2.4325585E-24   2.4325585E-24   1.6417318E-17   1.4410611E-16
   1.4410611E-16   4.8110697E-17   4.8110697E-17   1.1716068E-10   2.8647567E-10
   2.8647567E-10   1.2256424E-10   1.2256424E-10   2.1060549E-10   2.1060549E-10
   1.7083862E-07   2.9606771E-07   1.1000602E-07   2.1897316E-07   8.2219406E-06
   9.8625583E-06   4.4392221E-06   9.6215549E-06   8.4352250E-05   8.9256417E-05
   4.1296608E-05   9.2152175E-05   3.7953410E-04   4.4603626E-04   3.6922181E-04
   1.7681699E-04

   9.8324823E+03   3.5999566E-02   3.7637926E+06   1.8512146E+00   7.0240823E+01   2.9441008E+03   1.0000000E+00     5 
   2.8299769E-21   2.5141210E-24   2.5141210E-24   1.6813504E-17   1.4761967E-16
   1.4761967E-16   4.8967862E-17   4.8967862E-17   1.1844410E-10   2.9002805E-10
   2.9002805E-10   1.2377422E-10   1.2377422E-10   2.1267996E-10   2.1267996E-10
   1.7202847E-07   2.9852203E-07   1.1071856E-07   2.2038121E-07   8.2623280E-06
   9.9208794E-06   4.4598236E-06   9.6659782E-06   8.4663478E-05   8.9684197E-05
   4.1442266E-05   9.2472068E-05   3.8063203E-04   4.4778600E-04   3.7023660E-04
   1.7731483E-04

   8.4398396E+03   5.0591466E-02   5.1172808E+06   1.8530458E+00   6.8941835E+01   2.9389838E+03   1.0000000E+00     6 
   2.2287826E-21   2.6935624E-24   2.6935624E-24   1.7679656E-17   1.5422915E-16
   1.5422915E-16   5.0772942E-17   5.0772942E-17   1.2107309E-10   2.9717377E-10
   2.9717377E-10   1.2627008E-10   1.2627008E-10   2.1695867E-10   2.1695867E-10
   1.7451309E-07   3.0283848E-07   1.1218532E-07   2.2327389E-07   8.3461834E-06
   1.0052816E-05   4.5021340E-06   9.7569932E-06   8.5304269E-05   9.0707695E-05
   4.1740608E-05   9.3126618E-05   3.8287898E-04   4.5177305E-04   3.7231088E-04
   1.7833408E-04

   6.2778820E+03   9.5239797E-02   9.2882207E+06   1.8563132E+00   6.7360194E+01   2.9264839E+03   1.0000000E+00     7 
   1.4007568E-21   3.0904095E-24   3.0904095E-24   1.9564037E-17   1.6611818E-16
   1.6611818E-16   5.4258215E-17   5.4258215E-17   1.2551917E-10   3.0828450E-10
   3.0828450E-10   1.3081362E-10   1.3081362E-10   2.2477954E-10   2.2477954E-10
   1.7871393E-07   3.0865108E-07   1.1482201E-07   2.2851916E-07   8.4898770E-06
   1.0185228E-05   4.5777362E-06   9.9213772E-06   8.6435253E-05   9.1551987E-05
   4.2274403E-05   9.4305425E-05   3.8693314E-04   4.5585254E-04   3.7604131E-04
   1.8017729E-04

   4.6756742E+03   1.8153579E-01   1.6838946E+07   1.8603975E+00   6.5091706E+01   2.9100589E+03   1.0000000E+00     8 
   9.0544073E-22   3.6152550E-24   3.6152550E-24   2.2610911E-17   1.8312653E-16
   1.8312653E-16   5.9103467E-17   5.9103467E-17   1.3125959E-10   3.2272328E-10
   3.2272328E-10   1.3669946E-10   1.3669946E-10   2.3490500E-10   2.3490500E-10
   1.8408704E-07   3.1570383E-07   1.1819301E-07   2.3522501E-07   8.6722657E-06
   1.0352964E-05   4.6737297E-06   1.0129838E-05   8.7871750E-05   9.2634596E-05
   4.2949196E-05   9.5798798E-05   3.9208532E-04   4.6080466E-04   3.8075808E-04
   1.8252444E-04

   3.4842997E+03   3.5299359E-01   3.0552823E+07   1.8657246E+00   6.1905402E+01   2.8881725E+03   1.0000000E+00     9 
   6.0956839E-22   4.4374680E-24   4.4374680E-24   2.8096918E-17   2.0729891E-16
   2.0729891E-16   6.6374785E-17   6.6374785E-17   1.3902258E-10   3.4205195E-10
   3.4205195E-10   1.4473103E-10   1.4473103E-10   2.4872866E-10   2.4872866E-10
   1.9128895E-07   3.2416128E-07   1.2271718E-07   2.4422619E-07   8.9141877E-06
   1.0575098E-05   4.8014289E-06   1.0406707E-05   8.9782734E-05   9.4052327E-05
   4.3841733E-05   9.7782085E-05   3.9896317E-04   4.6651411E-04   3.8700859E-04
   1.8564760E-04

   2.5985463E+03   7.0786618E-01   5.5496119E+07   1.8726938E+00   5.7363848E+01   2.8587913E+03   1.0000000E+00    10 
   4.3052476E-22   5.7370821E-24   5.7370821E-24   3.8679848E-17   2.4178237E-16
   2.4178237E-16   7.7909053E-17   7.7909053E-17   1.4953397E-10   3.6681732E-10
   3.6681732E-10   1.5586651E-10   1.5586651E-10   2.6793107E-10   2.6793107E-10
   2.0103668E-07   3.3239458E-07   1.2886051E-07   2.5645738E-07   9.2375208E-06
   1.0865609E-05   4.9728679E-06   1.0778332E-05   9.2348786E-05   9.5846045E-05
   4.5031591E-05   1.0044104E-04   4.0823077E-04   4.7290929E-04   3.9536153E-04
   1.8978524E-04

   1.9408575E+03   1.4962933E+00   1.0087043E+08   1.8822690E+00   5.0752178E+01   2.8193933E+03   1.0000000E+00    11 
   3.2637749E-22   7.9558733E-24   7.9558733E-24   6.0844431E-17   2.9501478E-16
   2.9501478E-16   9.8268889E-17   9.8268889E-17   1.6475223E-10   3.9915755E-10
   3.9915755E-10   1.7240739E-10   1.7240739E-10   2.9651086E-10   2.9651086E-10
   2.1496838E-07   3.4054066E-07   1.3772157E-07   2.7413136E-07   9.6945867E-06
   1.1208185E-05   5.2165899E-06   1.1307185E-05   9.5961501E-05   9.8130191E-05
   4.6708078E-05   1.0419977E-04   4.2126005E-04   4.8010985E-04   4.0708635E-04
   1.9549524E-04

   1.4530208E+03   3.4700150E+00   1.8340066E+08   1.8957601E+00   4.1403193E+01   2.7667114E+03   1.0000000E+00    12 
   2.7132155E-22   1.2047576E-23   1.2047576E-23   1.0966365E-16   3.8500501E-16
   3.8500501E-16   1.3802482E-16   1.3802482E-16   1.8812642E-10   4.4359774E-10
   4.4359774E-10   1.9837386E-10   1.9837386E-10   3.4144322E-10   3.4144322E-10
   2.3571173E-07   3.4936760E-07   1.5106316E-07   3.0079054E-07   1.0362746E-05
   1.1609542E-05   5.5760701E-06   1.2087685E-05   1.0114780E-04   1.0067663E-04
   4.9151026E-05   1.0965211E-04   4.3981377E-04   4.8701387E-04   4.2390119E-04
   2.0365415E-04

   1.0915123E+03   9.2977695E+00   3.3344042E+08   1.9147175E+00   2.9927880E+01   2.6967212E+03   1.0000000E+00    13 
   2.5287871E-22   2.0174229E-23   2.0174229E-23   2.1900328E-16   5.5528039E-16
   5.5528039E-16   2.2311888E-16   2.2311888E-16   2.2629846E-10   5.1052207E-10
   5.1052207E-10   2.4082589E-10   2.4082589E-10   4.1490650E-10   4.1490650E-10
   2.6769043E-07   3.6383543E-07   1.7164343E-07   3.4192957E-07   1.1362666E-05
   1.2154672E-05   6.1151152E-06   1.3254199E-05   1.0867121E-04   1.0405712E-04
   5.2743769E-05   1.1759190E-04   4.6629170E-04   4.9579081E-04   4.4808760E-04
   2.1547959E-04

   8.2390322E+02   2.9629762E+01   6.0578738E+08   1.9422445E+00   1.9096599E+01   2.6052265E+03   1.0000000E+00    14 
   2.9716027E-22   4.0756460E-23   4.0756460E-23   4.8128974E-16   9.5792962E-16
   9.5792962E-16   4.3693790E-16   4.3693790E-16   2.9710387E-10   6.3705511E-10
   6.3705511E-10   3.1723870E-10   3.1723870E-10   5.4689425E-10   5.4689425E-10
   3.2161988E-07   4.0141672E-07   2.0579033E-07   4.1007553E-07   1.2970225E-05
   1.3196891E-05   6.9729170E-06   1.5098915E-05   1.2029920E-04   1.1057792E-04
   5.8294089E-05   1.2978247E-04   5.0621190E-04   5.1587578E-04   4.8467615E-04
   2.3349494E-04

   6.2602163E+02   1.1014692E+02   1.0976257E+09   1.9845700E+00   1.1468119E+01   2.4905748E+03   1.0000000E+00    15 
   5.9115160E-22   1.3277404E-22   1.3277404E-22   1.3383333E-15   2.3014145E-15
   2.3014145E-15   1.1710951E-15   1.1710951E-15   4.5282026E-10   9.3591090E-10
   9.3591090E-10   4.7810240E-10   4.7810240E-10   8.2400104E-10   8.2400104E-10
   4.2497078E-07   4.9926514E-07   2.6961785E-07   5.3706449E-07   1.5838390E-05
   1.5490349E-05   8.4752146E-06   1.8313244E-05   1.4005200E-04   1.2483532E-04
   6.7636788E-05   1.5024628E-04   5.7181688E-04   5.6442860E-04   5.4470259E-04
   2.6316326E-04

   4.7890745E+02   4.4422487E+02   1.9914092E+09   2.0523961E+00   7.3398704E+00   2.3458450E+03   1.0000000E+00    16 
   3.1623461E-21   1.0997956E-21   1.0997956E-21   6.1993295E-15   9.7961877E-15
   9.7961877E-15   5.5411356E-15   5.5411356E-15   8.7270400E-10   1.7997870E-09
   1.7997870E-09   8.9218574E-10   8.9218574E-10   1.5350706E-09   1.5350706E-09
   6.5300033E-07   7.4486542E-07   4.0678915E-07   8.0876533E-07   2.1527505E-05
   2.0585180E-05   1.1398145E-05   2.4542934E-05   1.7672189E-04   1.5532300E-04
   8.4815559E-05   1.8774323E-04   6.8845691E-04   6.6858288E-04   6.5064302E-04
   3.1566944E-04

   3.6959393E+02   1.6899863E+03   3.6315609E+09   2.1590312E+00   5.5484779E+00   2.1600962E+03   1.0000000E+00    17 
   6.6862879E-20   3.4584973E-20   3.4584973E-20   6.2647064E-14   9.0732323E-14
   9.0732323E-14   6.1692561E-14   6.1692561E-14   2.2835137E-09   4.9850019E-09
   4.9850019E-09   2.2053894E-09   2.2053894E-09   3.7783168E-09   3.7783168E-09
   1.2221932E-06   1.3943138E-06   7.3912058E-07   1.4626671E-06   3.3665544E-05
   3.2053647E-05   1.7518185E-05   3.7516670E-05   2.4800348E-04   2.1896543E-04
   1.1787903E-04   2.5949475E-04   9.0211403E-04   8.7516152E-04   8.4200887E-04
   4.1107203E-04

   2.8900439E+02   5.2633848E+03   6.6747743E+09   2.3126674E+00   4.8986467E+00   1.9223545E+03   1.0000000E+00    18 
   4.9243604E-18   3.3663080E-18   3.3663080E-18   1.2003481E-12   1.6576372E-12
   1.6576372E-12   1.3558647E-12   1.3558647E-12   7.9230036E-09   1.9698833E-08
   1.9698833E-08   7.0810558E-09   7.0810558E-09   1.2006066E-08   1.2006066E-08
   2.7408668E-06   3.2224332E-06   1.5941586E-06   3.1280744E-06   5.9898395E-05
   5.7926296E-05   3.0469784E-05   6.4722723E-05   3.8417960E-04   3.4677823E-04
   1.8028176E-04   3.9360386E-04   1.2795119E-03   1.2578548E-03   1.1733612E-03
   5.7809053E-04

   2.3028591E+02   1.3135990E+04   1.2204120E+10   2.5283629E+00   4.7279523E+00   1.6561071E+03   1.0000000E+00    19 
   1.0934373E-15   8.6808189E-16   8.6808189E-16   3.7438649E-11   5.0154464E-11
   5.0154464E-11   4.4090802E-11   4.4090802E-11   3.5893529E-08   1.0484246E-07
   1.0484246E-07   2.9526536E-08   2.9526536E-08   4.8621673E-08   4.8621673E-08
   7.2806150E-06   8.9905180E-06   4.0455364E-06   7.8220585E-06   1.2036090E-04
   1.2018027E-04   5.9609767E-05   1.2501436E-04   6.5397443E-04   6.0975233E-04
   3.0212422E-04   6.5108056E-04   1.9588133E-03   1.9729462E-03   1.7541836E-03
   8.7573214E-04

   1.8732298E+02   2.8142451E+04   2.2558788E+10   2.8072781E+00   4.8922253E+00   1.3541399E+03   1.0000000E+00    20 
   3.8496753E-13   3.9091653E-13   3.9091653E-13   1.6251508E-09   1.7687504E-09
   1.7687504E-09   1.6568648E-09   1.6568648E-09   1.8828622E-07   6.1928451E-07
   6.1928451E-07   1.5109594E-07   1.5109594E-07   2.2458374E-07   2.2458374E-07
   2.0966297E-05   2.7397231E-05   1.1192232E-05   2.0967597E-05   2.5605526E-04
   2.6745457E-04   1.2363330E-04   2.5386524E-04   1.1652631E-03   1.1284338E-03
   5.2978066E-04   1.1197206E-03   3.1163046E-03   3.2445315E-03   2.7113591E-03
   1.3781837E-03

   1.5629712E+02   5.4193795E+04   4.2646154E+10   3.1032329E+00   5.4622628E+00   1.0289587E+03   1.0000000E+00    21 
   6.0600039E-11   5.7050220E-11   5.7050220E-11   3.2034326E-08   3.7326332E-08
   3.7326332E-08   2.1764605E-08   2.1764605E-08   8.6079974E-07   2.9207422E-06
   2.9207422E-06   7.2887405E-07   7.2887405E-07   8.5495265E-07   8.5495265E-07
   5.3329235E-05   7.4204270E-05   2.8004511E-05   4.9607527E-05   4.9884411E-04
   5.5073553E-04   2.3688839E-04   4.7202520E-04   1.9439271E-03   1.9670875E-03
   8.7269676E-04   1.8022550E-03   4.7112082E-03   5.1218218E-03   3.9839561E-03
   2.0660611E-03

   1.3525275E+02   9.2364980E+04   8.0502317E+10   3.4279018E+00   6.9217767E+00   7.2792964E+02   1.0000000E+00    22 
   6.2046587E-09   5.5710627E-09   5.5710627E-09   4.9695348E-07   5.7048701E-07
   5.7048701E-07   2.9864798E-07   2.9864798E-07   3.8663233E-06   1.1781857E-05
   1.1781857E-05   3.8280904E-06   3.8280904E-06   3.2414602E-06   3.2414602E-06
   1.2702186E-04   1.8555373E-04   6.8502245E-05   1.0871477E-04   9.2288175E-04
   1.0755179E-03   4.3825087E-04   8.3170491E-04   3.1170457E-03   3.3072510E-03
   1.3888494E-03   2.7843764E-03   6.9095366E-03   7.9055861E-03   5.6737989E-03
   3.0211775E-03

   1.2356812E+02   1.2357252E+05   1.3634361E+11   3.6397230E+00   9.0552920E+00   5.1492786E+02   1.0000000E+00    23 
   7.9259671E-08   6.3238299E-08   6.3238299E-08   2.2186547E-06   2.7043062E-06
   2.7043062E-06   1.1801048E-06   1.1801048E-06   9.8468236E-06   2.6811633E-05
   2.6811633E-05   1.0795588E-05   1.0795588E-05   7.2587761E-06   7.2587761E-06
   2.1067817E-04   3.1450710E-04   1.1560229E-04   1.7008262E-04   1.3131255E-03
   1.5620248E-03   6.2854712E-04   1.1452742E-03   4.0845038E-03   4.4181363E-03
   1.8172597E-03   3.5639276E-03   8.6114435E-03   1.0106817E-02   6.9467037E-03
   3.7668446E-03

   1.1645889E+02   1.3557256E+05   2.1691488E+11   3.7978819E+00   1.2704043E+01   3.6438532E+02   1.0000000E+00    24 
   4.6204826E-07   3.7178332E-07   3.7178332E-07   7.1772415E-06   8.2800311E-06
   8.2800311E-06   3.5644074E-06   3.5644074E-06   2.0750758E-05   5.1201905E-05
   5.1201905E-05   2.4818581E-05   2.4818581E-05   1.3974142E-05   1.3974142E-05
   3.0478861E-04   4.5572163E-04   1.6868936E-04   2.3132020E-04   1.6772833E-03
   1.9868377E-03   8.1659149E-04   1.4270114E-03   4.9222865E-03   5.3101082E-03
   2.2007917E-03   4.2250650E-03   1.0032173E-02   1.1788241E-02   7.9898915E-03
   4.3932236E-03

   1.1191196E+02   1.2054864E+05   3.3092522E+11   3.9319166E+00   2.0106865E+01   2.5864938E+02   1.0000000E+00    25 
   2.1038962E-06   1.7933668E-06   1.7933668E-06   2.1668878E-05   2.2860913E-05
   2.2860913E-05   9.9943312E-06   9.9943312E-06   4.2820501E-05   9.5398534E-05
   9.5398534E-05   5.3994633E-05   5.3994633E-05   2.6745088E-05   2.6745088E-05
   4.2677925E-04   6.2120276E-04   2.3819466E-04   2.9799104E-04   2.0534603E-03
   2.3758922E-03   1.0245631E-03   1.7063441E-03   5.7233790E-03   6.0752438E-03
   2.5900240E-03   4.8500439E-03   1.1363251E-02   1.3120058E-02   8.9422095E-03
   4.9791212E-03

   1.0890312E+02   8.2309030E+04   4.9287427E+11   4.0198827E+00   3.6721095E+01   1.8338929E+02   1.0000000E+00    26 
   6.4642735E-06   5.5941328E-06   5.5941328E-06   5.2035007E-05   5.5402953E-05
   5.5402953E-05   2.2801384E-05   2.2801384E-05   8.2700396E-05   1.6729891E-04
   1.6729891E-04   1.0566704E-04   1.0566704E-04   4.7592847E-05   4.7592847E-05
   5.7438284E-04   7.8394615E-04   3.2013679E-04   3.5781710E-04   2.3760582E-03
   2.6095719E-03   1.2213037E-03   1.9250002E-03   6.3351790E-03   6.5031658E-03
   2.9233513E-03   5.3170307E-03   1.2369733E-02   1.3717386E-02   9.6309561E-03
   5.4374437E-03

   1.0686730E+02   4.0378496E+04   7.2115837E+11   4.0754363E+00   8.5596660E+01   1.3015632E+02   1.0000000E+00    27 
   1.8032655E-05   1.5660971E-05   1.5660971E-05   1.2562312E-04   1.3819439E-04
   1.3819439E-04   5.5022059E-05   5.5022059E-05   1.7517005E-04   3.2840302E-04
   3.2840302E-04   2.2248774E-04   2.2248774E-04   9.5615275E-05   9.5615275E-05
   8.3770652E-04   1.0366539E-03   4.6797960E-04   4.2658122E-04   2.7542065E-03
   2.7962476E-03   1.5001845E-03   2.1233847E-03   6.8972576E-03   6.8076935E-03
   3.3245051E-03   5.7026777E-03   1.3280292E-02   1.3902187E-02   1.0156802E-02
   5.9198506E-03

   1.0545841E+02   1.2871022E+04   1.0448504E+12   4.1113438E+00   2.9011376E+02   9.2249065E+01   1.0000000E+00    28 
   6.0006272E-05   5.3311896E-05   5.3311896E-05   3.8389087E-04   4.2114309E-04
   4.2114309E-04   1.7695770E-04   1.7695770E-04   4.8989181E-04   8.7742391E-04
   8.7742391E-04   6.0983738E-04   6.0983738E-04   2.7356730E-04   2.7356730E-04
   1.6433838E-03   1.8150254E-03   9.3650862E-04   5.8996491E-04   3.6450196E-03
   3.2934285E-03   2.2777599E-03   2.4697756E-03   7.9111201E-03   7.6007839E-03
   4.3148284E-03   6.2679388E-03   1.4848939E-02   1.4239519E-02   1.0771924E-02
   6.9850416E-03

   1.0447983E+02   2.4216927E+03   1.5062157E+12   4.1367293E+00   1.5885802E+03   6.5195373E+01   1.0000000E+00    29 
   2.9062573E-04   2.6970028E-04   2.6970028E-04   1.7288198E-03   1.8106401E-03
   1.8106401E-03   8.7001623E-04   8.7001623E-04   2.0705484E-03   3.6409139E-03
   3.6409139E-03   2.4993455E-03   2.4993455E-03   1.2863756E-03   1.2863756E-03
   5.5566777E-03   5.6218996E-03   3.2648418E-03   1.3982903E-03   7.6249397E-03
   5.9389515E-03   5.9633488E-03   3.9473681E-03   1.2067916E-02   1.1883808E-02
   8.8875925E-03   8.3945960E-03   2.1034687E-02   1.6739697E-02   1.2641552E-02
   1.1712765E-02

   1.0379966E+02   3.1208483E+02   2.1565909E+12   4.1586923E+00   1.2160065E+04   4.6131403E+01   1.0000000E+00    30 
   1.9083355E-03   1.8791662E-03   1.8791662E-03   1.0397685E-02   1.0094177E-02
   1.0094177E-02   5.7618551E-03   5.7618551E-03   1.1791848E-02   2.0416254E-02
   2.0416254E-02   1.3751458E-02   1.3751458E-02   8.4617955E-03   8.4617955E-03
   2.9094579E-02   2.8158253E-02   1.7516898E-02   6.8959095E-03   3.0615806E-02
   2.2553562E-02   2.7832701E-02   1.3474269E-02   3.6385834E-02   3.8541382E-02
   3.5985799E-02   2.1405753E-02   5.6324395E-02   3.3490317E-02   2.3434870E-02
   3.9837655E-02

   1.0333957E+02   5.7995274E+01   3.0138127E+12   4.1647579E+00   5.9382171E+04   3.3303524E+01   1.0000000E+00    31 
   7.0336629E-03   7.2594667E-03   7.2594667E-03   3.5673260E-02   3.2533141E-02
   3.2533141E-02   2.1437834E-02   2.1437834E-02   3.9485398E-02   6.6724349E-02
   6.6724349E-02   4.4432439E-02   4.4432439E-02   3.2218304E-02   3.2218304E-02
   9.5612272E-02   8.9827562E-02   5.7747283E-02   2.4925192E-02   9.2863739E-02
   7.0639919E-02   8.8600806E-02   4.3541905E-02   1.0544503E-01   1.1458056E-01
   1.1124598E-01   6.0544327E-02   1.5439454E-01   8.1915657E-02   5.5657441E-02
   1.2010250E-01

   1.0311115E+02   2.1647003E+01   4.3404685E+12   4.1308309E+00   1.2082434E+05   2.3225478E+01   1.0000000E+00    32 
   7.1670692E-03   7.4810249E-03   7.4810249E-03   3.7332922E-02   3.3285163E-02
   3.3285163E-02   2.4506347E-02   2.4506347E-02   4.2846145E-02   7.0091027E-02
   7.0091027E-02   4.6224184E-02   4.6224184E-02   3.9739750E-02   3.9739750E-02
   1.0615547E-01   9.7616544E-02   6.1896429E-02   3.1143405E-02   1.0040400E-01
   7.9685292E-02   9.7349991E-02   5.3192585E-02   1.1919244E-01   1.2841542E-01
   1.2266647E-01   7.0841228E-02   1.7280330E-01   9.0543796E-02   6.4265513E-02
   1.3609110E-01

   1.0303449E+02   1.2784764E+01   6.1655873E+12   4.1001680E+00   1.5516147E+05   1.6373496E+01   1.0000000E+00    33 
   4.8016731E-03   5.0502325E-03   5.0502325E-03   2.6158693E-02   2.3208149E-02
   2.3208149E-02   1.8469448E-02   1.8469448E-02   3.1199285E-02   4.8948654E-02
   4.8948654E-02   3.2751947E-02   3.2751947E-02   3.1798532E-02   3.1798532E-02
   7.8552113E-02   7.1455201E-02   4.4115994E-02   2.5364351E-02   7.3840079E-02
   6.0073223E-02   7.1765209E-02   4.3265207E-02   9.1562791E-02   9.7532359E-02
   9.1328690E-02   5.7190015E-02   1.3262227E-01   7.0857013E-02   5.3016805E-02
   1.0405338E-01

   1.0299255E+02   8.3296476E+00   8.5204921E+12   4.0740833E+00   1.8041116E+05   1.1856899E+01   1.0000000E+00    34 
   3.1195255E-03   3.3074894E-03   3.3074894E-03   1.7665148E-02   1.5816616E-02
   1.5816616E-02   1.3326419E-02   1.3326419E-02   2.1959181E-02   3.2952571E-02
   3.2952571E-02   2.2570623E-02   2.2570623E-02   2.4130030E-02   2.4130030E-02
   5.6015715E-02   5.0299275E-02   3.0329541E-02   1.9614734E-02   5.2645450E-02
   4.3447738E-02   5.0990594E-02   3.3546023E-02   6.8046137E-02   7.1355386E-02
   6.5640926E-02   4.4574720E-02   9.8583425E-02   5.4336425E-02   4.2590479E-02
   7.6884846E-02

   1.0296080E+02   5.2546148E+00   1.2172607E+13   4.0502574E+00   2.0777581E+05   8.3038406E+00   1.0000000E+00    35 
   1.9793513E-03   2.1227281E-03   2.1227281E-03   1.1514753E-02   1.0552904E-02
   1.0552904E-02   9.2913702E-03   9.2913702E-03   1.5091077E-02   2.1419946E-02
   2.1419946E-02   1.5228536E-02   1.5228536E-02   1.7639808E-02   1.7639808E-02
   3.8829066E-02   3.4118031E-02   2.0293100E-02   1.4674172E-02   3.6637253E-02
   3.0449206E-02   3.5180348E-02   2.5182413E-02   4.9568613E-02   5.0798956E-02
   4.5951429E-02   3.4057308E-02   7.1750068E-02   4.1516648E-02   3.3906692E-02
   5.5616796E-02

   1.0292345E+02   2.9798633E+00   1.7206312E+13   4.0269935E+00   2.6073592E+05   5.8782133E+00   1.0000000E+00    36 
   1.3866843E-03   1.5097129E-03   1.5097129E-03   8.1425378E-03   7.8724440E-03
   7.8724440E-03   7.0363197E-03   7.0363197E-03   1.1627114E-02   1.5374201E-02
   1.5374201E-02   1.1550140E-02   1.1550140E-02   1.4059429E-02   1.4059429E-02
   3.0071750E-02   2.5322185E-02   1.5293909E-02   1.2095949E-02   2.8278643E-02
   2.3507702E-02   2.6920720E-02   2.0482450E-02   4.0019765E-02   3.9712650E-02
   3.5616477E-02   2.8314220E-02   5.7637697E-02   3.4961174E-02   2.9264438E-02
   4.4794248E-02

   1.0287946E+02   1.5452233E+00   2.4301188E+13   4.0169257E+00   3.7874745E+05   4.1651427E+00   1.0000000E+00    37 
   1.2860340E-03   1.4115553E-03   1.4115553E-03   7.2448709E-03   7.5559962E-03
   7.5559962E-03   6.6127237E-03   6.6127237E-03   1.1392916E-02   1.3942849E-02
   1.3942849E-02   1.1171654E-02   1.1171654E-02   1.3686161E-02   1.3686161E-02
   2.9180985E-02   2.3173659E-02   1.4716250E-02   1.2261283E-02   2.6782014E-02
   2.2295885E-02   2.5422744E-02   1.9751999E-02   3.9046016E-02   3.7526491E-02
   3.3812592E-02   2.7635314E-02   5.5126941E-02   3.4932917E-02   2.8985823E-02
   4.3884854E-02

   1.0282819E+02   7.5466011E-01   3.4304587E+13   4.0320141E+00   6.8632847E+05   2.9531994E+00   1.0000000E+00    38 
   1.9269527E-03   2.0945492E-03   2.0945492E-03   9.7676401E-03   1.1002445E-02
   1.1002445E-02   9.3344345E-03   9.3344345E-03   1.6497509E-02   1.8886006E-02
   1.8886006E-02   1.6010364E-02   1.6010364E-02   1.9350833E-02   1.9350833E-02
   4.0912805E-02   3.0663549E-02   2.0912766E-02   1.8144322E-02   3.5552787E-02
   3.0097429E-02   3.4093125E-02   2.6536110E-02   5.2044215E-02   4.8961362E-02
   4.4838985E-02   3.6218556E-02   7.0328060E-02   4.6496270E-02   3.6914695E-02
   5.8998038E-02

   1.0276873E+02   3.6299133E-01   4.8428475E+13   4.0821261E+00   1.6556616E+06   2.0941743E+00   1.0000000E+00    39 
   5.4599809E-03   5.7387672E-03   5.7387672E-03   2.3476365E-02   2.8159128E-02
   2.8159128E-02   2.3265086E-02   2.3265086E-02   4.0584399E-02   4.4533692E-02
   4.4533692E-02   3.9080851E-02   3.9080851E-02   4.6244532E-02   4.6244532E-02
   9.4949216E-02   6.8390408E-02   5.0203829E-02   4.5851537E-02   7.6944241E-02
   6.7690016E-02   7.5475474E-02   5.9092226E-02   1.1077859E-01   1.0321163E-01
   9.6104503E-02   7.5795391E-02   1.4094509E-01   9.8642853E-02   7.2976090E-02
   1.2639619E-01

   1.0270049E+02   2.0893581E-01   6.8401838E+13   4.1734515E+00   4.6910764E+06   1.4846026E+00   1.0000000E+00    40 
   2.6680975E-02   2.6595308E-02   2.6595308E-02   9.2776220E-02   1.1651934E-01
   1.1651934E-01   9.4126129E-02   9.4126129E-02   1.5659500E-01   1.6921030E-01
   1.6921030E-01   1.4999322E-01   1.4999322E-01   1.7201972E-01   1.7201972E-01
   3.3711458E-01   2.4046439E-01   1.8881031E-01   1.8182202E-01   2.6030844E-01
   2.4099349E-01   2.6117455E-01   2.0866259E-01   3.6492612E-01   3.3905741E-01
   3.1676227E-01   2.5060549E-01   4.4146237E-01   3.3491426E-01   2.3467907E-01
   4.1622220E-01

   1.0262342E+02   3.1906061E-01   9.6467906E+13   4.3089426E+00   7.2131592E+06   1.0542925E+00   1.0000000E+00    41 
   1.0154292E-01   9.6342274E-02   9.6342274E-02   2.8049962E-01   3.5979022E-01
   3.5979022E-01   2.8850424E-01   2.8850424E-01   4.4536003E-01   4.8331482E-01
   4.8331482E-01   4.2613039E-01   4.2613039E-01   4.7061678E-01   4.7061678E-01
   8.6191704E-01   6.3221709E-01   5.2746087E-01   5.2393944E-01   6.6278829E-01
   6.4320544E-01   6.7254224E-01   5.5482005E-01   8.8885508E-01   8.3010704E-01
   7.6912365E-01   6.3118373E-01   1.0411912E+00   8.5930539E-01   5.9889682E-01
   1.0083300E+00

   1.0254756E+02   1.5619585E+00   1.3061232E+14   4.4695166E+00   4.2485244E+06   7.7989620E-01   1.0000000E+00    42 
   1.7551021E-01   1.6555360E-01   1.6555360E-01   4.0466165E-01   5.0654338E-01
   5.0654338E-01   4.1956468E-01   4.1956468E-01   5.9089015E-01   6.4589893E-01
   6.4589893E-01   5.6958334E-01   5.6958334E-01   6.1099222E-01   6.1099222E-01
   1.0211385E+00   7.9217406E-01   6.9454167E-01   6.9706954E-01   8.1236878E-01
   8.1278095E-01   8.2564975E-01   7.0799672E-01   1.0279273E+00   9.7229235E-01
   8.9604573E-01   7.7219642E-01   1.1761830E+00   1.0342988E+00   7.4990672E-01
   1.1554313E+00

   1.0247369E+02   1.1575383E+01   1.7125313E+14   4.6495378E+00   1.8381351E+06   5.9573726E-01   1.0000000E+00    43 
   2.4183840E-01   2.3591410E-01   2.3591410E-01   4.8856272E-01   5.7666438E-01
   5.7666438E-01   5.0926774E-01   5.0926774E-01   6.5193440E-01   7.1256985E-01
   7.1256985E-01   6.3763278E-01   6.3763278E-01   6.6878869E-01   6.6878869E-01
   1.0098824E+00   8.3469663E-01   7.6416909E-01   7.6675132E-01   8.4548602E-01
   8.5913228E-01   8.5953041E-01   7.6604731E-01   1.0091544E+00   9.6807808E-01
   8.9792500E-01   8.0865617E-01   1.1295424E+00   1.0386478E+00   8.0118507E-01
   1.1205382E+00

   1.0239913E+02   1.0370269E+02   2.2107639E+14   4.8537518E+00   7.0941091E+05   4.6220706E-01   1.0000000E+00    44 
   3.2246107E-01   3.2059038E-01   3.2059038E-01   5.6708282E-01   6.4295933E-01
   6.4295933E-01   5.9282438E-01   5.9282438E-01   7.0591152E-01   7.7189187E-01
   7.7189187E-01   6.9857033E-01   6.9857033E-01   7.1003354E-01   7.1003354E-01
   9.9438523E-01   8.7090189E-01   8.2296406E-01   8.1071342E-01   8.7678502E-01
   8.9541341E-01   8.8870939E-01   8.1097980E-01   9.9493428E-01   9.6393869E-01
   9.0533456E-01   8.3709772E-01   1.0929265E+00   1.0364226E+00   8.4056949E-01
   1.0902772E+00

   1.0232234E+02   1.0665676E+03   2.8366900E+14   5.0864571E+00   2.4958357E+05   3.6080620E-01   1.0000000E+00    45 
   4.2083658E-01   4.2029770E-01   4.2029770E-01   6.4268156E-01   7.1122956E-01
   7.1122956E-01   6.7183988E-01   6.7183988E-01   7.5927495E-01   8.3039717E-01
   8.3039717E-01   7.5827495E-01   7.5827495E-01   7.4320999E-01   7.4320999E-01
   9.8666653E-01   9.1004402E-01   8.7718761E-01   8.4196997E-01   9.1204842E-01
   9.3102023E-01   9.1917624E-01   8.5039159E-01   9.9377918E-01   9.7023740E-01
   9.2254056E-01   8.6658344E-01   1.0733102E+00   1.0394493E+00   8.7517847E-01
   1.0733227E+00

   1.0224233E+02   1.2195671E+04   3.6389853E+14   5.3518948E+00   8.0567033E+04   2.8173224E-01   1.0000000E+00    46 
   5.3280076E-01   5.3267151E-01   5.3267151E-01   7.1714129E-01   7.7594472E-01
   7.7594472E-01   7.4702201E-01   7.4702201E-01   8.1080252E-01   8.7807380E-01
   8.7807380E-01   8.1496628E-01   8.1496628E-01   7.7340042E-01   7.7340042E-01
   9.8303101E-01   9.4682476E-01   9.2491836E-01   8.6735133E-01   9.4581402E-01
   9.6273212E-01   9.4710427E-01   8.8442751E-01   9.9897804E-01   9.8182470E-01
   9.4334736E-01   8.9659212E-01   1.0623252E+00   1.0434143E+00   9.0508255E-01
   1.0631964E+00

   1.0215847E+02   1.4982646E+05   4.6839809E+14   5.6536814E+00   2.4238001E+04   2.1925969E-01   1.0000000E+00    47 
   6.5111832E-01   6.5109223E-01   6.5109223E-01   7.9169901E-01   8.3558100E-01
   8.3558100E-01   8.1871894E-01   8.1871894E-01   8.5955218E-01   9.0522396E-01
   9.0522396E-01   8.5723263E-01   8.5723263E-01   8.0330835E-01   8.0330835E-01
   9.8185788E-01   9.7429576E-01   9.6322506E-01   8.8804808E-01   9.7334657E-01
   9.8651646E-01   9.6896424E-01   9.1187911E-01   1.0048514E+00   9.9275496E-01
   9.6223786E-01   9.2333243E-01   1.0556433E+00   1.0463343E+00   9.2944922E-01
   1.0569232E+00

   1.0207031E+02   1.9033919E+06   6.0665428E+14   5.9947117E+00   6.9401835E+03   1.6959821E-01   1.0000000E+00    48 
   7.6507723E-01   7.6507428E-01   7.6507428E-01   8.6517374E-01   8.9105636E-01
   8.9105636E-01   8.8561664E-01   8.8561664E-01   9.0118057E-01   9.1659780E-01
   9.1659780E-01   8.7517137E-01   8.7517137E-01   8.3401283E-01   8.3401283E-01
   9.8306777E-01   9.8815892E-01   9.8618164E-01   9.0083700E-01   9.9093374E-01
   9.9773244E-01   9.8010301E-01   9.3071664E-01   1.0062104E+00   9.9705844E-01
   9.7399552E-01   9.4217755E-01   1.0492118E+00   1.0455627E+00   9.4554681E-01
   1.0511687E+00

   1.0197771E+02   2.3541572E+07   7.9229842E+14   6.3764186E+00   1.9387588E+03   1.3010766E-01   1.0000000E+00    49 
   8.6054226E-01   8.6054335E-01   8.6054335E-01   9.2891590E-01   9.3945236E-01
   9.3945236E-01   9.3936234E-01   9.3936234E-01   9.2765688E-01   9.2489695E-01
   9.2489695E-01   8.9117628E-01   8.9117628E-01   8.7656038E-01   8.7656038E-01
   9.8389507E-01   9.8859138E-01   9.8709441E-01   9.1184495E-01   9.9568196E-01
   9.9519992E-01   9.7931964E-01   9.4411956E-01   9.9987864E-01   9.9230397E-01
   9.7651914E-01   9.5404953E-01   1.0359161E+00   1.0348600E+00   9.5530377E-01
   1.0379921E+00

   1.0188086E+02   2.5945822E+08   1.0438498E+15   6.7995322E+00   5.4069197E+02   9.8953532E-02   1.0000000E+00    50 
   9.2459755E-01   9.2459892E-01   9.2459892E-01   9.6937270E-01   9.7102399E-01
   9.7102399E-01   9.6997222E-01   9.6997222E-01   9.4519666E-01   9.4169573E-01
   9.4169573E-01   9.3345355E-01   9.3345355E-01   9.4265317E-01   9.4265317E-01
   9.8050745E-01   9.8066393E-01   9.7446616E-01   9.3835522E-01   9.9144522E-01
   9.8800046E-01   9.7836453E-01   9.6231819E-01   9.9137025E-01   9.8628317E-01
   9.7812489E-01   9.6767957E-01   1.0135358E+00   1.0130327E+00   9.6776640E-01
   1.0143486E+00

   1.0178030E+02   2.2798470E+09   1.3817440E+15   7.2649271E+00   1.5462831E+02   7.4914494E-02   1.0000000E+00    51 
   9.6115423E-01   9.6115523E-01   9.6115523E-01   9.8718363E-01   9.8636520E-01
   9.8636520E-01   9.8516034E-01   9.8516034E-01   9.6914718E-01   9.7086881E-01
   9.7086881E-01   9.7420441E-01   9.7420441E-01   9.7825875E-01   9.7825875E-01
   9.8182867E-01   9.8111271E-01   9.7792068E-01   9.7280827E-01   9.8980578E-01
   9.8686630E-01   9.8400440E-01   9.8043109E-01   9.8893380E-01   9.8649363E-01
   9.8390132E-01   9.8122963E-01   9.9661955E-01   9.9610951E-01   9.8066496E-01
   9.9623246E-01

   1.0167649E+02   1.4938590E+10   1.8255239E+15   7.7749293E+00   4.6152580E+01   5.6827558E-02   1.0000000E+00    52 
   9.8174834E-01   9.8174896E-01   9.8174896E-01   9.9402334E-01   9.9348359E-01
   9.9348359E-01   9.9294331E-01   9.9294331E-01   9.8838205E-01   9.8935523E-01
   9.8935523E-01   9.9046645E-01   9.9046645E-01   9.9109674E-01   9.9109674E-01
   9.8981603E-01   9.9039654E-01   9.9008340E-01   9.8983921E-01   9.9272892E-01
   9.9117820E-01   9.9064467E-01   9.9021684E-01   9.9163644E-01   9.9084243E-01
   9.9035722E-01   9.8987521E-01   9.9324188E-01   9.9295913E-01   9.8937564E-01
   9.9282524E-01

   1.0156938E+02   7.4068638E+10   2.3938737E+15   8.3330665E+00   1.4434045E+01   4.3432605E-02   1.0000000E+00    53 
   9.9135443E-01   9.9135477E-01   9.9135477E-01   9.9622872E-01   9.9602876E-01
   9.9602876E-01   9.9586702E-01   9.9586702E-01   9.9565400E-01   9.9591790E-01
   9.9591790E-01   9.9619292E-01   9.9619292E-01   9.9628426E-01   9.9628426E-01
   9.9559172E-01   9.9587265E-01   9.9592261E-01   9.9590739E-01   9.9600550E-01
   9.9561316E-01   9.9555442E-01   9.9551693E-01   9.9562392E-01   9.9552304E-01
   9.9548681E-01   9.9537817E-01   9.9588216E-01   9.9581565E-01   9.9521743E-01
   9.9576691E-01

   1.0145830E+02   2.8441707E+11   3.1116339E+15   8.9428295E+00   4.7626017E+00   3.3491228E-02   1.0000000E+00    54 
   9.9507832E-01   9.9507850E-01   9.9507850E-01   9.9707453E-01   9.9701201E-01
   9.9701201E-01   9.9696153E-01   9.9696153E-01   9.9803712E-01   9.9812507E-01
   9.9812507E-01   9.9818565E-01   9.9818565E-01   9.9817345E-01   9.9817345E-01
   9.9816342E-01   9.9822979E-01   9.9825741E-01   9.9825496E-01   9.9810287E-01
   9.9807665E-01   9.9809591E-01   9.9810910E-01   9.9810937E-01   9.9812531E-01
   9.9814091E-01   9.9811917E-01   9.9807793E-01   9.9807063E-01   9.9809663E-01
   9.9806259E-01

   1.0134230E+02   8.2558300E+11   4.0150075E+15   9.6077847E+00   1.6692597E+00   2.6018932E-02   1.0000000E+00    55 
   9.9655287E-01   9.9655296E-01   9.9655296E-01   9.9757869E-01   9.9755958E-01
   9.9755958E-01   9.9754372E-01   9.9754372E-01   9.9891917E-01   9.9895802E-01
   9.9895802E-01   9.9895694E-01   9.9895694E-01   9.9892559E-01   9.9892559E-01
   9.9917918E-01   9.9919926E-01   9.9920242E-01   9.9919554E-01   9.9915932E-01
   9.9917336E-01   9.9918424E-01   9.9919082E-01   9.9920628E-01   9.9921686E-01
   9.9922373E-01   9.9922059E-01   9.9919853E-01   9.9919886E-01   9.9922456E-01
   9.9919864E-01

   1.0122043E+02   1.7667878E+12   5.1498192E+15   1.0331288E+01   6.2397687E-01   2.0337346E-02   1.0000000E+00    56 
   9.9733496E-01   9.9733500E-01   9.9733500E-01   9.9803328E-01   9.9802659E-01
   9.9802659E-01   9.9802184E-01   9.9802184E-01   9.9931199E-01   9.9933256E-01
   9.9933256E-01   9.9931703E-01   9.9931703E-01   9.9928634E-01   9.9928634E-01
   9.9955569E-01   9.9956394E-01   9.9956209E-01   9.9955513E-01   9.9957613E-01
   9.9958473E-01   9.9958796E-01   9.9958933E-01   9.9960569E-01   9.9960944E-01
   9.9961064E-01   9.9961063E-01   9.9961831E-01   9.9961851E-01   9.9961597E-01
   9.9961862E-01

   1.0109170E+02   2.9469744E+12   6.5786482E+15   1.1117055E+01   2.4924868E-01   1.5962558E-02   1.0000000E+00    57 
   9.9794032E-01   9.9794033E-01   9.9794033E-01   9.9849453E-01   9.9849174E-01
   9.9849174E-01   9.9849115E-01   9.9849115E-01   9.9954276E-01   9.9955492E-01
   9.9955492E-01   9.9953879E-01   9.9953879E-01   9.9951374E-01   9.9951374E-01
   9.9972275E-01   9.9972761E-01   9.9972585E-01   9.9972076E-01   9.9975038E-01
   9.9975488E-01   9.9975584E-01   9.9975588E-01   9.9976865E-01   9.9977030E-01
   9.9977037E-01   9.9977031E-01   9.9978145E-01   9.9978146E-01   9.9977402E-01
   9.9978148E-01

   1.0095493E+02   4.2536666E+12   8.4026701E+15   1.1969203E+01   1.0666817E-01   1.2532095E-02   1.0000000E+00    58 
   9.9856859E-01   9.9856860E-01   9.9856860E-01   9.9899568E-01   9.9899452E-01
   9.9899452E-01   9.9899512E-01   9.9899512E-01   9.9971807E-01   9.9972538E-01
   9.9972538E-01   9.9971380E-01   9.9971380E-01   9.9969679E-01   9.9969679E-01
   9.9983042E-01   9.9983362E-01   9.9983281E-01   9.9982981E-01   9.9985127E-01
   9.9985372E-01   9.9985415E-01   9.9985405E-01   9.9986186E-01   9.9986278E-01
   9.9986280E-01   9.9986273E-01   9.9987017E-01   9.9987009E-01   9.9986498E-01
   9.9987008E-01

   1.0080607E+02   5.7917850E+12   1.0834728E+16   1.2911718E+01   4.8286773E-02   9.7480358E-03   1.0000000E+00    59 
   9.9911008E-01   9.9911009E-01   9.9911009E-01   9.9941210E-01   9.9941177E-01
   9.9941177E-01   9.9941232E-01   9.9941232E-01   9.9984233E-01   9.9984662E-01
   9.9984662E-01   9.9983993E-01   9.9983993E-01   9.9983004E-01   9.9983004E-01
   9.9990474E-01   9.9990670E-01   9.9990656E-01   9.9990508E-01   9.9991742E-01
   9.9991872E-01   9.9991896E-01   9.9991891E-01   9.9992312E-01   9.9992363E-01
   9.9992365E-01   9.9992361E-01   9.9992810E-01   9.9992797E-01   9.9992485E-01
   9.9992794E-01

   1.0068651E+02   7.1964912E+12   1.3198529E+16   1.3679974E+01   2.7782573E-02   8.0213027E-03   1.0000000E+00    60 
   9.9941096E-01   9.9941098E-01   9.9941098E-01   9.9963392E-01   9.9963401E-01
   9.9963401E-01   9.9963423E-01   9.9963423E-01   9.9990459E-01   9.9990733E-01
   9.9990733E-01   9.9990327E-01   9.9990327E-01   9.9989716E-01   9.9989716E-01
   9.9994203E-01   9.9994327E-01   9.9994339E-01   9.9994260E-01   9.9994997E-01
   9.9995074E-01   9.9995090E-01   9.9995087E-01   9.9995338E-01   9.9995368E-01
   9.9995368E-01   9.9995366E-01   9.9995678E-01   9.9995664E-01   9.9995440E-01
   9.9995660E-01

   1.0062098E+02   8.0560957E+12   1.4678757E+16   1.4105755E+01   2.1094667E-02   7.2218434E-03   1.0000000E+00    61 
   9.9953053E-01   9.9953056E-01   9.9953056E-01   9.9972096E-01   9.9972123E-01
   9.9972123E-01   9.9972120E-01   9.9972120E-01   9.9992840E-01   9.9993051E-01
   9.9993051E-01   9.9992744E-01   9.9992744E-01   9.9992279E-01   9.9992279E-01
   9.9995624E-01   9.9995720E-01   9.9995738E-01   9.9995684E-01   9.9996228E-01
   9.9996285E-01   9.9996298E-01   9.9996297E-01   9.9996484E-01   9.9996506E-01
   9.9996506E-01   9.9996504E-01   9.9996763E-01   9.9996749E-01   9.9996559E-01
   9.9996745E-01

   1.0058758E+02   8.5233669E+12   1.5489991E+16   1.4324159E+01   1.8457465E-02   6.8481798E-03   1.0000000E+00    62 
   9.9949431E-01   9.9949435E-01   9.9949435E-01   9.9970834E-01   9.9970877E-01
   9.9970877E-01   9.9970854E-01   9.9970854E-01   9.9992546E-01   9.9992771E-01
   9.9992771E-01   9.9992448E-01   9.9992448E-01   9.9991965E-01   9.9991965E-01
   9.9995439E-01   9.9995541E-01   9.9995557E-01   9.9995502E-01   9.9996064E-01
   9.9996125E-01   9.9996139E-01   9.9996139E-01   9.9996329E-01   9.9996352E-01
   9.9996354E-01   9.9996352E-01   9.9996592E-01   9.9996580E-01   9.9996410E-01
   9.9996577E-01

   1.0057637E+02   8.6855781E+12   1.5772185E+16   1.4397884E+01   1.7645465E-02   6.7271547E-03   1.0000000E+00    63 
   9.9839870E-01   9.9845237E-01   9.9845237E-01   9.9925968E-01   9.9942645E-01
   9.9942645E-01   9.9925153E-01   9.9925153E-01   9.9979618E-01   9.9985073E-01
   9.9985073E-01   9.9974168E-01   9.9974168E-01   9.9956180E-01   9.9956180E-01
   9.9987685E-01   9.9988147E-01   9.9982626E-01   9.9973888E-01   9.9986090E-01
   9.9985895E-01   9.9983629E-01   9.9980352E-01   9.9985300E-01   9.9985037E-01
   9.9983665E-01   9.9982085E-01   9.9995047E-01   9.9995268E-01   9.9981797E-01
   9.9995242E-01
