
 24-FEB-2004                           !Format date

   1.0057637E+02     1.0810E+06       56       63

   1.1341482E+04   1.8786596E+00   2.8249382E+06   1.8495937E+00   6.1671332E+00   2.9481942E+03   1.0000000E+00     1 
   4.8610598E-15   4.7703309E-18   4.7703309E-18   4.7703309E-18   4.4437586E-18
   2.7331509E-20   2.7331509E-20   2.7331509E-20   5.5662413E-20   6.9383232E-20
   8.5269502E-14   2.8133782E-13   8.1696633E-11   2.9628761E-11   2.9628761E-11
   2.9628761E-11   5.0905215E-13   5.0905215E-13   5.0905215E-13   7.7086396E-13
   2.8391564E-11   2.8391564E-11   2.8391564E-11   7.6389041E-11   1.0949834E-10
   7.2578331E-10   7.2578331E-10   7.2578331E-10   3.5613945E-10   9.5409452E-10
   9.5409452E-10   9.5409452E-10   4.7172053E-07   4.7172053E-07   4.7172053E-07
   4.3679090E-10   1.0362379E-09   3.0803588E-10   3.0803588E-10   3.0803588E-10
   7.3736644E-09   8.3583462E-10   8.3583462E-10   8.3583462E-10   4.6708008E-10
   2.6481392E-09   1.8359568E-08   2.1004866E-08   1.0923085E-07   1.0923085E-07
   1.0923085E-07   2.6898374E-08   1.5979566E-08   1.5979566E-08   1.5979566E-08
   2.6974596E-08

   1.1234034E+04   1.9160147E+00   2.8794849E+06   1.8496862E+00   6.1705504E+00   2.9479382E+03   1.0000000E+00     2 
   4.7890624E-15   4.7883915E-18   4.7883915E-18   4.7883915E-18   4.4645651E-18
   2.7937287E-20   2.7937287E-20   2.7937287E-20   5.5895605E-20   7.0966583E-20
   8.5800215E-14   2.8178970E-13   8.1784662E-11   2.9670282E-11   2.9670282E-11
   2.9670282E-11   5.1420382E-13   5.1420382E-13   5.1420382E-13   7.7360789E-13
   2.8423864E-11   2.8423864E-11   2.8423864E-11   7.6470800E-11   1.0962001E-10
   7.2652561E-10   7.2652561E-10   7.2652561E-10   3.5696508E-10   9.5609607E-10
   9.5609607E-10   9.5609607E-10   4.7217550E-07   4.7217550E-07   4.7217550E-07
   4.3720883E-10   1.0372259E-09   3.0831947E-10   3.0831947E-10   3.0831947E-10
   7.3804294E-09   8.3659478E-10   8.3659478E-10   8.3659478E-10   4.6749556E-10
   2.6532301E-09   1.8374512E-08   2.1021214E-08   1.0931433E-07   1.0931433E-07
   1.0931433E-07   2.6934307E-08   1.5991303E-08   1.5991303E-08   1.5991303E-08
   2.6994020E-08

   1.1021993E+04   1.9931444E+00   2.9918700E+06   1.8498852E+00   6.1777677E+00   2.9474172E+03   1.0000000E+00     3 
   4.6509243E-15   4.8274270E-18   4.8274270E-18   4.8274270E-18   4.5197726E-18
   2.9204255E-20   2.9204255E-20   2.9204255E-20   5.6403184E-20   7.4458484E-20
   8.6902637E-14   2.8309310E-13   8.2177943E-11   2.9759686E-11   2.9759686E-11
   2.9759686E-11   5.2497924E-13   5.2497924E-13   5.2497924E-13   7.7960427E-13
   2.8493389E-11   2.8493389E-11   2.8493389E-11   7.6646944E-11   1.0988254E-10
   7.2812470E-10   7.2812470E-10   7.2812470E-10   3.5870521E-10   9.6031870E-10
   9.6031870E-10   9.6031870E-10   4.7315566E-07   4.7315566E-07   4.7315566E-07
   4.3810915E-10   1.0393548E-09   3.0893037E-10   3.0893037E-10   3.0893037E-10
   7.3950385E-09   8.3823224E-10   8.3823224E-10   8.3823224E-10   4.6839050E-10
   2.6643872E-09   1.8406696E-08   2.1056426E-08   1.0949402E-07   1.0949402E-07
   1.0949402E-07   2.7019337E-08   1.6016578E-08   1.6016578E-08   1.6016578E-08
   2.7035852E-08

   1.0610344E+04   2.1570767E+00   3.2296947E+06   1.8503157E+00   6.1930297E+00   2.9463495E+03   1.0000000E+00     4 
   4.3930075E-15   4.9127456E-18   4.9127456E-18   4.9127456E-18   4.6659247E-18
   3.1944035E-20   3.1944035E-20   3.1944035E-20   5.7529981E-20   8.2542977E-20
   8.9278093E-14   2.8642519E-13   8.3328615E-11   2.9953792E-11   2.9953792E-11
   2.9953792E-11   5.4817947E-13   5.4817947E-13   5.4817947E-13   7.9317006E-13
   2.8644205E-11   2.8644205E-11   2.8644205E-11   7.7029113E-11   1.1045453E-10
   7.3159369E-10   7.3159369E-10   7.3159369E-10   3.6245060E-10   9.6940555E-10
   9.6940555E-10   9.6940555E-10   4.7528161E-07   4.7528161E-07   4.7528161E-07
   4.4006188E-10   1.0439738E-09   3.1025519E-10   3.1025519E-10   3.1025519E-10
   7.4267429E-09   8.4178319E-10   8.4178319E-10   8.4178319E-10   4.7033112E-10
   2.6885201E-09   1.8476467E-08   2.1132755E-08   1.0988328E-07   1.0988328E-07
   1.0988328E-07   2.7208516E-08   1.6071358E-08   1.6071358E-08   1.6071358E-08
   2.7126519E-08

   9.8324823E+03   2.5286355E+00   3.7637926E+06   1.8512146E+00   6.2257784E+00   2.9441008E+03   1.0000000E+00     5 
   3.9261675E-15   5.0963043E-18   5.0963043E-18   5.0963043E-18   5.0089894E-18
   3.8266189E-20   3.8266189E-20   3.8266189E-20   6.0037072E-20   1.0221587E-19
   9.4649901E-14   2.9344627E-13   8.5667952E-11   3.0363940E-11   3.0363940E-11
   3.0363940E-11   6.0144752E-13   6.0144752E-13   6.0144752E-13   8.2465475E-13
   2.8962227E-11   2.8962227E-11   2.8962227E-11   7.7833504E-11   1.1167056E-10
   7.3888918E-10   7.3888918E-10   7.3888918E-10   3.7072083E-10   9.8938303E-10
   9.8938303E-10   9.8938303E-10   4.7974909E-07   4.7974909E-07   4.7974909E-07
   4.4416525E-10   1.0536872E-09   3.1303839E-10   3.1303839E-10   3.1303839E-10
   7.4934135E-09   8.4924255E-10   8.4924255E-10   8.4924255E-10   4.7440706E-10
   2.7408986E-09   1.8622933E-08   2.1292954E-08   1.1069959E-07   1.1069959E-07
   1.1069959E-07   2.7619462E-08   1.6186292E-08   1.6186292E-08   1.6186292E-08
   2.7316783E-08

   8.4398396E+03   3.4878615E+00   5.1172808E+06   1.8530458E+00   6.2704965E+00   2.9389838E+03   1.0000000E+00     6 
   3.1257253E-15   5.4700531E-18   5.4700531E-18   5.4700531E-18   5.8338969E-18
   5.4743273E-20   5.4743273E-20   5.4743273E-20   6.5737666E-20   1.5883152E-19
   1.0819959E-13   3.0839493E-13   9.0270870E-11   3.1222034E-11   3.1222034E-11
   3.1222034E-11   7.4017412E-13   7.4017412E-13   7.4017412E-13   9.0718811E-13
   2.9624653E-11   2.9624653E-11   2.9624653E-11   7.9491201E-11   1.1425648E-10
   7.5397295E-10   7.5397295E-10   7.5397295E-10   3.9032674E-10   1.0361982E-09
   1.0361982E-09   1.0361982E-09   4.8896614E-07   4.8896614E-07   4.8896614E-07
   4.5263098E-10   1.0737677E-09   3.1877752E-10   3.1877752E-10   3.1877752E-10
   7.6308156E-09   8.6462208E-10   8.6462208E-10   8.6462208E-10   4.8280788E-10
   2.8240867E-09   1.8924495E-08   2.1622633E-08   1.1237744E-07   1.1237744E-07
   1.1237744E-07   2.8459784E-08   1.6422669E-08   1.6422669E-08   1.6422669E-08
   2.7708339E-08

   6.2778820E+03   6.4153476E+00   9.2882207E+06   1.8563132E+00   6.3419472E+00   2.9264839E+03   1.0000000E+00     7 
   1.9799093E-15   6.1765617E-18   6.1765617E-18   6.1765617E-18   7.8212500E-18
   1.0713463E-19   1.0713463E-19   1.0713463E-19   8.0725202E-20   3.7455615E-19
   1.4939716E-13   3.4006709E-13   9.8261312E-11   3.2854052E-11   3.2854052E-11
   3.2854052E-11   1.1937565E-12   1.1937565E-12   1.1937565E-12   1.1798787E-12
   3.0873097E-11   3.0873097E-11   3.0873097E-11   8.2524952E-11   1.1953730E-10
   7.8170476E-10   7.8170476E-10   7.8170476E-10   4.4354846E-10   1.1595812E-09
   1.1595812E-09   1.1595812E-09   5.0580049E-07   5.0580049E-07   5.0580049E-07
   4.6809577E-10   1.1106968E-09   3.2925197E-10   3.2925197E-10   3.2925197E-10
   7.8785152E-09   8.9268637E-10   8.9268637E-10   8.9268637E-10   4.9812565E-10
   2.9665268E-09   1.9473371E-08   2.2221897E-08   1.1542303E-07   1.1542303E-07
   1.1542303E-07   2.9343319E-08   1.6852035E-08   1.6852035E-08   1.6852035E-08
   2.8421605E-08

   4.6756742E+03   1.1816395E+01   1.6838946E+07   1.8603975E+00   6.4912975E+00   2.9100589E+03   1.0000000E+00     8 
   1.3112348E-15   7.2465858E-18   7.2465858E-18   7.2465858E-18   1.1081577E-17
   2.1459217E-19   2.1459217E-19   2.1459217E-19   1.1216538E-19   9.3088213E-19
   2.3338512E-13   3.9840040E-13   1.1112657E-10   3.5073737E-11   3.5073737E-11
   3.5073737E-11   2.0411917E-12   2.0411917E-12   2.0411917E-12   1.8087726E-12
   3.2552871E-11   3.2552871E-11   3.2552871E-11   8.6480586E-11   1.2759900E-10
   8.1793506E-10   8.1793506E-10   8.1793506E-10   5.4093849E-10   1.3786072E-09
   1.3786072E-09   1.3786072E-09   5.2756576E-07   5.2756576E-07   5.2756576E-07
   4.8809322E-10   1.1591207E-09   3.4278039E-10   3.4278039E-10   3.4278039E-10
   8.1999964E-09   9.2892908E-10   9.2892908E-10   9.2892908E-10   5.1787996E-10
   3.1597742E-09   2.0179369E-08   2.2991867E-08   1.1932768E-07   1.1932768E-07
   1.1932768E-07   3.0786114E-08   1.7402707E-08   1.7402707E-08   1.7402707E-08
   2.9341106E-08

   3.4842997E+03   2.1851935E+01   3.0552823E+07   1.8657246E+00   6.7672025E+00   2.8881725E+03   1.0000000E+00     9 
   9.2674487E-16   9.0221414E-18   9.0221414E-18   9.0221414E-18   1.7458195E-17
   4.4760813E-19   4.4760813E-19   4.4760813E-19   1.9156361E-19   2.5595774E-18
   4.1417578E-13   5.1702395E-13   1.3001176E-10   3.8318115E-11   3.8318115E-11
   3.8318115E-11   3.8103904E-12   3.8103904E-12   3.8103904E-12   3.4669245E-12
   3.4977700E-11   3.4977700E-11   3.4977700E-11   9.1926089E-11   1.4220571E-10
   8.6801706E-10   8.6801706E-10   8.6801706E-10   7.3242713E-10   1.7953795E-09
   1.7953795E-09   1.7953795E-09   5.5720005E-07   5.5720005E-07   5.5720005E-07
   5.1532821E-10   1.2271791E-09   3.6118279E-10   3.6118279E-10   3.6118279E-10
   8.6390668E-09   9.7824101E-10   9.7824101E-10   9.7824101E-10   5.4469043E-10
   3.4214272E-09   2.1134405E-08   2.4032004E-08   1.2459247E-07   1.2459247E-07
   1.2459247E-07   3.3019812E-08   1.8144892E-08   1.8144892E-08   1.8144892E-08
   3.0594833E-08

   2.5985463E+03   4.0604966E+01   5.5496119E+07   1.8726938E+00   7.2903886E+00   2.8587913E+03   1.0000000E+00    10 
   7.1940906E-16   1.2240288E-17   1.2240288E-17   1.2240288E-17   3.1218360E-17
   9.9116728E-19   9.9116728E-19   9.9116728E-19   4.2932340E-19   7.9203661E-18
   8.3860983E-13   8.1598102E-13   1.6367115E-10   4.3319470E-11   4.3319470E-11
   4.3319470E-11   7.7420117E-12   7.7420117E-12   7.7420117E-12   8.3744358E-12
   3.8673518E-11   3.8673518E-11   3.8673518E-11   9.9625284E-11   1.7425538E-10
   9.3910008E-10   9.3910008E-10   9.3910008E-10   1.1399789E-09   2.6492433E-09
   2.6492433E-09   2.6492433E-09   5.9819250E-07   5.9819250E-07   5.9819250E-07
   5.5302983E-10   1.3286169E-09   3.8663893E-10   3.8663893E-10   3.8663893E-10
   9.2498799E-09   1.0465315E-09   1.0465315E-09   1.0465315E-09   5.8162836E-10
   3.7996790E-09   2.2444731E-08   2.5456978E-08   1.3178691E-07   1.3178691E-07
   1.3178691E-07   3.6424464E-08   1.9158532E-08   1.9158532E-08   1.9158532E-08
   3.2356711E-08

   1.9408575E+03   7.5936730E+01   1.0087043E+08   1.8822690E+00   8.3371377E+00   2.8193933E+03   1.0000000E+00    11 
   6.5299724E-16   1.9171187E-17   1.9171187E-17   1.9171187E-17   6.6568262E-17
   2.4364467E-18   2.4364467E-18   2.4364467E-18   1.3105643E-18   2.8762445E-17
   1.9886934E-12   1.7448180E-12   2.3067616E-10   5.2055230E-11   5.2055230E-11
   5.2055230E-11   1.7530078E-11   1.7530078E-11   1.7530078E-11   2.4965430E-11
   4.5094188E-11   4.5094188E-11   4.5094188E-11   1.1167464E-10   2.6517107E-10
   1.0494030E-09   1.0494030E-09   1.0494030E-09   2.1231427E-09   4.6140008E-09
   4.6140008E-09   4.6140008E-09   6.5886906E-07   6.5886906E-07   6.5886906E-07
   6.0895270E-10   1.5060779E-09   4.2442026E-10   4.2442026E-10   4.2442026E-10
   1.0167781E-08   1.1482652E-09   1.1482652E-09   1.1482652E-09   6.3602313E-10
   4.4196365E-09   2.4363664E-08   2.7541292E-08   1.4226682E-07   1.4226682E-07
   1.4226682E-07   4.2039151E-08   2.0634451E-08   2.0634451E-08   2.0634451E-08
   3.5111331E-08

   1.4530208E+03   1.4365730E+02   1.8340066E+08   1.8957601E+00   1.0532295E+01   2.7667114E+03   1.0000000E+00    12 
   7.5563644E-16   3.7571522E-17   3.7571522E-17   3.7571522E-17   1.8523057E-16
   7.0920673E-18   7.0920673E-18   7.0920673E-18   5.6478627E-18   1.3291863E-16
   5.7831482E-12   5.5243417E-12   3.8716184E-10   7.0091118E-11   7.0091118E-11
   7.0091118E-11   4.6790130E-11   4.6790130E-11   4.6790130E-11   9.4446011E-11
   5.8476648E-11   5.8476648E-11   5.8476648E-11   1.3428818E-10   6.1514090E-10
   1.2397502E-09   1.2397502E-09   1.2397502E-09   4.9398757E-09   9.9123145E-09
   9.9123145E-09   9.9123145E-09   7.5362666E-07   7.5362666E-07   7.5362666E-07
   6.9702056E-10   1.9120373E-09   4.8418137E-10   4.8418137E-10   4.8418137E-10
   1.1675371E-08   1.3109010E-09   1.3109010E-09   1.3109010E-09   7.2048684E-10
   5.5582721E-09   2.7320024E-08   3.0755418E-08   1.5828817E-07   1.5828817E-07
   1.5828817E-07   5.2341690E-08   2.2892895E-08   2.2892895E-08   2.2892895E-08
   4.0250607E-08

   1.0915123E+03   2.7821611E+02   3.3344042E+08   1.9147175E+00   1.5184308E+01   2.6967212E+03   1.0000000E+00    13 
   1.2122114E-15   9.9552682E-17   9.9552682E-17   9.9552682E-17   7.0463645E-16
   2.6039031E-17   2.6039031E-17   2.6039031E-17   3.4268358E-17   8.1068155E-16
   2.1637033E-11   2.5656966E-11   8.0824711E-10   1.1719513E-10   1.1719513E-10
   1.1719513E-10   1.5458939E-10   1.5458939E-10   1.5458939E-10   4.5105624E-10
   9.4760540E-11   9.4760540E-11   9.4760540E-11   2.0107143E-10   2.3981796E-09
   1.6234139E-09   1.6234139E-09   1.6234139E-09   1.4711265E-08   2.6980040E-08
   2.6980040E-08   2.6980040E-08   9.0719149E-07   9.0719149E-07   9.0719149E-07
   8.4570804E-10   3.3050922E-09   5.8605862E-10   5.8605862E-10   5.8605862E-10
   1.4590576E-08   1.5967324E-09   1.5967324E-09   1.5967324E-09   8.5750392E-10
   7.7642144E-09   3.2047169E-08   3.5949217E-08   1.8358544E-07   1.8358544E-07
   1.8358544E-07   7.2444078E-08   2.6487984E-08   2.6487984E-08   2.6487984E-08
   5.3825708E-08

   8.2390322E+02   5.6564786E+02   6.0578738E+08   1.9422445E+00   2.4475638E+01   2.6052265E+03   1.0000000E+00    14 
   2.9197673E-15   3.8167642E-16   3.8167642E-16   3.8167642E-16   3.7510648E-15
   1.2976832E-16   1.2976832E-16   1.2976832E-16   2.8799292E-16   6.5728029E-15
   1.0512403E-10   1.6137982E-10   1.9754833E-09   2.8374181E-10   2.8374181E-10
   2.8374181E-10   6.4462775E-10   6.4462775E-10   6.4462775E-10   2.6158174E-09
   2.3147173E-10   2.3147173E-10   2.3147173E-10   6.0895987E-10   1.3526002E-08
   2.6588957E-09   2.6588957E-09   2.6588957E-09   5.4594020E-08   9.0599008E-08
   9.0599008E-08   9.0599008E-08   1.1796875E-06   1.1796875E-06   1.1796875E-06
   1.1669540E-09   1.0454967E-08   8.0208557E-10   8.0208557E-10   8.0208557E-10
   2.3155699E-08   2.2434203E-09   2.2434203E-09   2.2434203E-09   1.1146211E-09
   1.2176629E-08   4.0461214E-08   4.5610206E-08   2.2745766E-07   2.2745766E-07
   2.2745766E-07   1.1181769E-07   3.2974180E-08   3.2974180E-08   3.2974180E-08
   1.1240795E-07

   6.2602163E+02   1.2624122E+03   1.0976257E+09   1.9845700E+00   4.0636623E+01   2.4905748E+03   1.0000000E+00    15 
   1.1775318E-14   2.3213232E-15   2.3213232E-15   2.3213232E-15   2.9530541E-14
   1.0113580E-15   1.0113580E-15   1.0113580E-15   3.4255917E-15   7.2183850E-14
   6.5102103E-10   1.2880160E-09   5.0970746E-09   1.0706813E-09   1.0706813E-09
   1.0706813E-09   3.4392245E-09   3.4392245E-09   3.4392245E-09   1.7689526E-08
   9.4136260E-10   9.4136260E-10   9.4136260E-10   4.5066792E-09   9.2797391E-08
   6.8227718E-09   6.8227718E-09   6.8227718E-09   2.3804039E-07   3.4938757E-07
   3.4938757E-07   3.4938757E-07   1.7417465E-06   1.7417465E-06   1.7417465E-06
   2.4936931E-09   5.8085130E-08   1.5476051E-09   1.5476051E-09   1.5476051E-09
   6.7529565E-08   4.6003879E-09   4.6003879E-09   4.6003879E-09   1.8615547E-09
   2.6609186E-08   5.9470086E-08   7.0825321E-08   3.1935869E-07   3.1935869E-07
   3.1935869E-07   2.0268656E-07   4.8888830E-08   4.8888830E-08   4.8888830E-08
   4.6828143E-07

   4.7890745E+02   3.2566963E+03   1.9914092E+09   2.0523961E+00   6.1521235E+01   2.3458450E+03   1.0000000E+00    16 
   9.3065084E-14   2.5666158E-14   2.5666158E-14   2.5666158E-14   3.8268511E-13
   1.6011461E-14   1.6011461E-14   1.6011461E-14   6.0596825E-14   1.1096592E-12
   5.0135021E-09   1.2822379E-08   1.5397883E-08   5.8616102E-09   5.8616102E-09
   5.8616102E-09   2.3170186E-08   2.3170186E-08   2.3170186E-08   1.3492085E-07
   6.3066214E-09   6.3066214E-09   6.3066214E-09   4.5662338E-08   7.0793182E-07
   3.2115584E-08   3.2115584E-08   3.2115584E-08   1.1546177E-06   1.4132867E-06
   1.4132867E-06   1.4132867E-06   3.1482676E-06   3.1482676E-06   3.1482676E-06
   1.5503454E-08   4.3378566E-07   7.1184747E-09   7.1184747E-09   7.1184747E-09
   4.0040151E-07   2.0979346E-08   2.0979346E-08   2.0979346E-08   6.8824735E-09
   1.5119253E-07   1.2879603E-07   1.9611896E-07   5.8575956E-07   5.8575956E-07
   5.8575956E-07   6.4127719E-07   1.1875640E-07   1.1875640E-07   1.1875640E-07
   2.9513643E-06

   3.6959393E+02   9.3538227E+03   3.6315609E+09   2.1590312E+00   7.7689802E+01   2.1600962E+03   1.0000000E+00    17 
   1.6643882E-12   5.8507204E-13   5.8507204E-13   5.8507204E-13   9.1466564E-12
   6.0644115E-13   6.0644115E-13   6.0644115E-13   1.6844119E-12   2.4229027E-11
   4.8889857E-08   1.6548868E-07   7.9039199E-08   4.5044806E-08   4.5044806E-08
   4.5044806E-08   2.0364915E-07   2.0364915E-07   2.0364915E-07   1.1436232E-06
   7.0497372E-08   7.0497372E-08   7.0497372E-08   4.3620579E-07   5.8136434E-06
   2.4796431E-07   2.4796431E-07   2.4796431E-07   5.8682925E-06   5.7683118E-06
   5.7683118E-06   5.7683118E-06   7.4475897E-06   7.4475897E-06   7.4475897E-06
   2.1058364E-07   3.8489201E-06   9.0607854E-08   9.0607854E-08   9.0607854E-08
   3.3324299E-06   2.2175643E-07   2.2175643E-07   2.2175643E-07   6.7260131E-08
   1.4975752E-06   6.0517324E-07   1.3833540E-06   1.7936166E-06   1.7936166E-06
   1.7936166E-06   3.7505220E-06   6.5606549E-07   6.5606549E-07   6.5606549E-07
   2.0979127E-05

   2.8900439E+02   2.5655364E+04   6.6747743E+09   2.3126674E+00   8.4222045E+01   1.9223545E+03   1.0000000E+00    18 
   6.2976849E-11   2.5684524E-11   2.5684524E-11   2.5684524E-11   3.6790408E-10
   3.6146333E-11   3.6146333E-11   3.6146333E-11   7.7099848E-11   7.0415367E-10
   6.2253075E-07   2.6511478E-06   8.4038104E-07   4.8528748E-07   4.8528748E-07
   4.8528748E-07   2.2335869E-06   2.2335869E-06   2.2335869E-06   1.0382543E-05
   9.1156254E-07   9.1156254E-07   9.1156254E-07   3.5936915E-06   4.9026486E-05
   2.5549332E-06   2.5549332E-06   2.5549332E-06   2.9202260E-05   2.6186474E-05
   2.6186474E-05   2.6186474E-05   2.2894605E-05   2.2894605E-05   2.2894605E-05
   2.9683138E-06   3.7126032E-05   1.4509788E-06   1.4509788E-06   1.4509788E-06
   3.0070190E-05   2.8040482E-06   2.8040482E-06   2.8040482E-06   9.8825820E-07
   1.4010973E-05   5.3659886E-06   1.6106328E-05   9.7884547E-06   9.7884547E-06
   9.7884547E-06   2.5676792E-05   5.6505084E-06   5.6505084E-06   5.6505084E-06
   1.4241986E-04

   2.3028591E+02   6.1510347E+04   1.2204120E+10   2.5283629E+00   8.4249090E+01   1.6561071E+03   1.0000000E+00    19 
   5.0794957E-09   2.3188916E-09   2.3188916E-09   2.3188916E-09   2.5621854E-08
   3.5613736E-09   3.5613736E-09   3.5613736E-09   6.4506455E-09   3.5728536E-08
   1.2139070E-05   4.9680534E-05   1.5489753E-05   7.8064590E-06   7.8064590E-06
   7.8064590E-06   3.1169292E-05   3.1169292E-05   3.1169292E-05   1.1275681E-04
   1.3777581E-05   1.3777581E-05   1.3777581E-05   4.7629730E-05   4.4937016E-04
   3.0551547E-05   3.0551547E-05   3.0551547E-05   1.6649015E-04   1.5694658E-04
   1.5694658E-04   1.5694658E-04   9.4656403E-05   9.4656403E-05   9.4656403E-05
   4.3361455E-05   3.8530930E-04   2.4828308E-05   2.4828308E-05   2.4828308E-05
   2.8360443E-04   3.8325704E-05   3.8325704E-05   3.8325704E-05   1.7796294E-05
   1.4617218E-04   6.0924677E-05   2.1361860E-04   9.1788205E-05   9.1788205E-05
   9.1788205E-05   1.9792503E-04   5.5437760E-05   5.5437760E-05   5.5437760E-05
   9.3122436E-04

   1.8732298E+02   1.3479279E+05   2.2558788E+10   2.8072781E+00   8.1097964E+01   1.3541399E+03   1.0000000E+00    20 
   5.4065568E-07   2.8311329E-07   2.8311329E-07   2.8311329E-07   1.9847320E-06
   4.0940254E-07   4.0940254E-07   4.0940254E-07   6.7694632E-07   2.0936428E-06
   2.6426186E-04   8.5581890E-04   3.1004752E-04   1.4277299E-04   1.4277299E-04
   1.4277299E-04   4.5278902E-04   4.5278902E-04   4.5278902E-04   1.2779325E-03
   2.2243538E-04   2.2243538E-04   2.2243538E-04   7.3985009E-04   3.6402908E-03
   2.9014491E-04   2.9014491E-04   2.9014491E-04   1.0596190E-03   8.7165142E-04
   8.7165142E-04   8.7165142E-04   5.0399477E-04   5.0399477E-04   5.0399477E-04
   6.8014581E-04   3.4413258E-03   3.9770248E-04   3.9770248E-04   3.9770248E-04
   2.3519693E-03   4.8515881E-04   4.8515881E-04   4.8515881E-04   3.1857780E-04
   1.4773927E-03   6.4206826E-04   2.5044717E-03   1.0862823E-03   1.0862823E-03
   1.0862823E-03   1.5698803E-03   5.4342930E-04   5.4342930E-04   5.4342930E-04
   5.0684458E-03

   1.5629712E+02   2.8688260E+05   4.2646154E+10   3.1032329E+00   7.6517474E+01   1.0289587E+03   1.0000000E+00    21 
   2.6718042E-05   1.5849131E-05   1.5849131E-05   1.5849131E-05   6.7645527E-05
   2.1502397E-05   2.1502397E-05   2.1502397E-05   3.1675400E-05   6.3688940E-05
   2.7541290E-03   8.9896055E-03   3.0685182E-03   1.5267871E-03   1.5267871E-03
   1.5267871E-03   3.9771245E-03   3.9771245E-03   3.9771245E-03   8.4688202E-03
   2.1314230E-03   2.1314230E-03   2.1314230E-03   7.8547262E-03   1.7370880E-02
   1.7028055E-03   1.7028055E-03   1.7028055E-03   3.9675366E-03   3.2719362E-03
   3.2719362E-03   3.2719362E-03   2.5779473E-03   2.5779473E-03   2.5779473E-03
   5.2943251E-03   1.8344733E-02   3.9513930E-03   3.9513930E-03   3.9513930E-03
   1.2201100E-02   3.7790819E-03   3.7790819E-03   3.7790819E-03   3.7998441E-03
   1.0606398E-02   4.1164735E-03   1.6320718E-02   6.9068999E-03   6.9068999E-03
   6.9068999E-03   8.5594524E-03   3.9556692E-03   3.9556692E-03   3.9556692E-03
   1.7454276E-02

   1.3525275E+02   6.1094607E+05   8.0502317E+10   3.4279018E+00   6.9583208E+01   7.2792964E+02   1.0000000E+00    22 
   7.7907989E-04   5.7142289E-04   5.7142289E-04   5.7142289E-04   1.4118413E-03
   6.9139037E-04   6.9139037E-04   6.9139037E-04   7.8340847E-04   1.2362132E-03
   2.2666868E-02   5.9774327E-02   2.8059359E-02   1.2712916E-02   1.2712916E-02
   1.2712916E-02   2.4977351E-02   2.4977351E-02   2.4977351E-02   3.9827557E-02
   1.6314204E-02   1.6314204E-02   1.6314204E-02   3.9018119E-02   5.9349074E-02
   9.0331393E-03   9.0331393E-03   9.0331393E-03   1.2980793E-02   1.4041898E-02
   1.4041898E-02   1.4041898E-02   1.2029969E-02   1.2029969E-02   1.2029969E-02
   2.2690196E-02   6.5206556E-02   2.4692881E-02   2.4692881E-02   2.4692881E-02
   5.2444931E-02   2.2898585E-02   2.2898585E-02   2.2898585E-02   2.4865754E-02
   5.7119506E-02   1.8831660E-02   7.0376376E-02   3.4743076E-02   3.4743076E-02
   3.4743076E-02   3.5520789E-02   2.3744600E-02   2.3744600E-02   2.3744600E-02
   5.3520843E-02

   1.2356812E+02   1.0633845E+06   1.3634361E+11   3.6397230E+00   6.8165700E+01   5.1492786E+02   1.0000000E+00    23 
   4.3984320E-03   3.4850320E-03   3.4850320E-03   3.4850320E-03   6.7698306E-03
   4.1128891E-03   4.1128891E-03   4.1128891E-03   4.0635364E-03   6.6050180E-03
   7.1030757E-02   1.4726980E-01   8.3509562E-02   3.9748352E-02   3.9748352E-02
   3.9748352E-02   6.2966199E-02   6.2966199E-02   6.2966199E-02   8.0889364E-02
   4.9278596E-02   4.9278596E-02   4.9278596E-02   1.0674364E-01   1.1544597E-01
   2.4964115E-02   2.4964115E-02   2.4964115E-02   2.7483533E-02   3.5056889E-02
   3.5056889E-02   3.5056889E-02   2.9624158E-02   2.9624158E-02   2.9624158E-02
   4.7732968E-02   1.2009948E-01   6.2246509E-02   6.2246509E-02   6.2246509E-02
   1.1903644E-01   5.7945608E-02   5.7945608E-02   5.7945608E-02   5.4331975E-02
   1.5852880E-01   4.4298748E-02   1.2095769E-01   8.2191026E-02   8.2191026E-02
   8.2191026E-02   8.4297332E-02   5.7247198E-02   5.7247198E-02   5.7247198E-02
   1.0841734E-01

   1.1645889E+02   1.6220250E+06   2.1691488E+11   3.7978819E+00   7.1344238E+01   3.6438532E+02   1.0000000E+00    24 
   1.3408422E-02   1.1087285E-02   1.1087285E-02   1.1087285E-02   1.8583378E-02
   1.2845534E-02   1.2845534E-02   1.2845534E-02   1.1438385E-02   1.7839365E-02
   1.4768923E-01   2.4807235E-01   1.9093966E-01   7.9897999E-02   7.9897999E-02
   7.9897999E-02   1.1617549E-01   1.1617549E-01   1.1617549E-01   1.3777225E-01
   1.0183571E-01   1.0183571E-01   1.0183571E-01   1.9125792E-01   1.8982873E-01
   4.8042808E-02   4.8042808E-02   4.8042808E-02   4.9481360E-02   6.4094681E-02
   6.4094681E-02   6.4094681E-02   5.5020841E-02   5.5020841E-02   5.5020841E-02
   7.5945811E-02   1.7378133E-01   1.1039263E-01   1.1039263E-01   1.1039263E-01
   2.1997092E-01   1.0306302E-01   1.0306302E-01   1.0306302E-01   8.7308524E-02
   2.7642388E-01   7.7767636E-02   1.7776342E-01   1.5211353E-01   1.5211353E-01
   1.5211353E-01   1.3423382E-01   1.0144893E-01   1.0144893E-01   1.0144893E-01
   2.0327193E-01

   1.1191196E+02   2.2563885E+06   3.3092522E+11   3.9319166E+00   7.8255686E+01   2.5864938E+02   1.0000000E+00    25 
   3.1910124E-02   2.7638483E-02   2.7638483E-02   2.7638483E-02   4.1234953E-02
   3.1353064E-02   3.1353064E-02   3.1353064E-02   2.5155902E-02   3.7258248E-02
   2.5617794E-01   3.8126194E-01   3.7258391E-01   1.3722097E-01   1.3722097E-01
   1.3722097E-01   1.8729543E-01   1.8729543E-01   1.8729543E-01   2.2278721E-01
   1.7505850E-01   1.7505850E-01   1.7505850E-01   2.9539074E-01   2.8978220E-01
   8.0497665E-02   8.0497665E-02   8.0497665E-02   8.0195616E-02   1.0435245E-01
   1.0435245E-01   1.0435245E-01   8.8683932E-02   8.8683932E-02   8.8683932E-02
   1.0821057E-01   2.2947339E-01   1.7190867E-01   1.7190867E-01   1.7190867E-01
   3.8102961E-01   1.5923313E-01   1.5923313E-01   1.5923313E-01   1.2980360E-01
   3.8442544E-01   1.2260598E-01   2.6096002E-01   2.5643016E-01   2.5643016E-01
   2.5643016E-01   1.9463407E-01   1.5960660E-01   1.5960660E-01   1.5960660E-01
   3.4933136E-01

   1.0890312E+02   2.7949203E+06   4.9287427E+11   4.0198827E+00   9.3790598E+01   1.8338929E+02   1.0000000E+00    26 
   5.3672066E-02   4.8413797E-02   4.8413797E-02   4.8413797E-02   6.4969561E-02
   5.5953970E-02   5.5953970E-02   5.5953970E-02   4.0178240E-02   5.6681441E-02
   3.6088743E-01   4.7938283E-01   4.5728425E-01   1.9624800E-01   1.9624800E-01
   1.9624800E-01   2.5979659E-01   2.5979659E-01   2.5979659E-01   2.8826324E-01
   2.5129728E-01   2.5129728E-01   2.5129728E-01   3.8877379E-01   3.6660300E-01
   1.1598951E-01   1.1598951E-01   1.1598951E-01   1.1066366E-01   1.4961166E-01
   1.4961166E-01   1.4961166E-01   1.2370608E-01   1.2370608E-01   1.2370608E-01
   1.4025282E-01   2.5998495E-01   2.3954240E-01   2.3954240E-01   2.3954240E-01
   4.6625779E-01   2.2126602E-01   2.2126602E-01   2.2126602E-01   1.7410677E-01
   4.4349690E-01   1.7060416E-01   3.1494349E-01   3.5255218E-01   3.5255218E-01
   3.5255218E-01   2.4938099E-01   2.1950020E-01   2.1950020E-01   2.1950020E-01
   4.2056284E-01

   1.0686730E+02   3.1835691E+06   7.2115837E+11   4.0754363E+00   1.1961726E+02   1.3015632E+02   1.0000000E+00    27 
   7.3063041E-02   6.8152031E-02   6.8152031E-02   6.8152031E-02   8.3146611E-02
   7.9156793E-02   7.9156793E-02   7.9156793E-02   5.3676220E-02   7.0905731E-02
   4.3651451E-01   5.1858940E-01   4.5966175E-01   2.4293282E-01   2.4293282E-01
   2.4293282E-01   3.2180417E-01   3.2180417E-01   3.2180417E-01   3.2519258E-01
   3.0995789E-01   3.0995789E-01   3.0995789E-01   4.3048269E-01   4.1176307E-01
   1.4710973E-01   1.4710973E-01   1.4710973E-01   1.3534354E-01   1.8904771E-01
   1.8904771E-01   1.8904771E-01   1.5466361E-01   1.5466361E-01   1.5466361E-01
   1.7353179E-01   2.7378247E-01   3.0083629E-01   3.0083629E-01   3.0083629E-01
   4.8091180E-01   2.7893204E-01   2.7893204E-01   2.7893204E-01   2.1828139E-01
   4.6861319E-01   2.1277894E-01   3.3661946E-01   4.2042089E-01   4.2042089E-01
   4.2042089E-01   2.8716360E-01   2.6962300E-01   2.6962300E-01   2.6962300E-01
   4.3160399E-01

   1.0545841E+02   3.4248682E+06   1.0448504E+12   4.1113438E+00   1.5897761E+02   9.2249065E+01   1.0000000E+00    28 
   8.8705756E-02   8.4804549E-02   8.4804549E-02   8.4804549E-02   9.6166163E-02
   9.6392585E-02   9.6392585E-02   9.6392585E-02   6.5888952E-02   8.0913132E-02
   4.7411174E-01   5.2326448E-01   4.5530304E-01   2.7068660E-01   2.7068660E-01
   2.7068660E-01   3.6495984E-01   3.6495984E-01   3.6495984E-01   3.5008941E-01
   3.4300505E-01   3.4300505E-01   3.4300505E-01   4.2843080E-01   4.3746764E-01
   1.6959305E-01   1.6959305E-01   1.6959305E-01   1.4996339E-01   2.1587385E-01
   2.1587385E-01   2.1587385E-01   1.7836050E-01   1.7836050E-01   1.7836050E-01
   2.0834876E-01   2.8316304E-01   3.4567245E-01   3.4567245E-01   3.4567245E-01
   4.8062552E-01   3.2146353E-01   3.2146353E-01   3.2146353E-01   2.6020706E-01
   4.8349611E-01   2.4314074E-01   3.5263861E-01   4.5444534E-01   4.5444534E-01
   4.5444534E-01   3.1141125E-01   3.0342719E-01   3.0342719E-01   3.0342719E-01
   4.3373288E-01

   1.0447983E+02   3.5091951E+06   1.5062157E+12   4.1367293E+00   2.1867652E+02   6.5195373E+01   1.0000000E+00    29 
   1.0288696E-01   1.0000702E-01   1.0000702E-01   1.0000702E-01   1.0794965E-01
   1.0977374E-01   1.0977374E-01   1.0977374E-01   7.8962436E-02   9.0717436E-02
   4.8928137E-01   5.2645942E-01   4.8348759E-01   2.8735807E-01   2.8735807E-01
   2.8735807E-01   3.9144109E-01   3.9144109E-01   3.9144109E-01   3.7700972E-01
   3.6003601E-01   3.6003601E-01   3.6003601E-01   4.1789897E-01   4.5832344E-01
   1.8573526E-01   1.8573526E-01   1.8573526E-01   1.5908235E-01   2.3443782E-01
   2.3443782E-01   2.3443782E-01   1.9610552E-01   1.9610552E-01   1.9610552E-01
   2.4525203E-01   2.9902807E-01   3.7496680E-01   3.7496680E-01   3.7496680E-01
   4.9942847E-01   3.4910603E-01   3.4910603E-01   3.4910603E-01   2.9906227E-01
   5.0580858E-01   2.6609006E-01   3.8106680E-01   4.6820857E-01   4.6820857E-01
   4.6820857E-01   3.3309246E-01   3.2541739E-01   3.2541739E-01   3.2541739E-01
   4.5114148E-01

   1.0379966E+02   3.4374946E+06   2.1565909E+12   4.1586923E+00   3.0856049E+02   4.6131403E+01   1.0000000E+00    30 
   1.1995058E-01   1.1779338E-01   1.1779338E-01   1.1779338E-01   1.2341632E-01
   1.2547302E-01   1.2547302E-01   1.2547302E-01   9.6209796E-02   1.0492572E-01
   5.0175592E-01   5.4408170E-01   5.4370238E-01   3.0392116E-01   3.0392116E-01
   3.0392116E-01   4.1122812E-01   4.1122812E-01   4.1122812E-01   4.1050439E-01
   3.7599661E-01   3.7599661E-01   3.7599661E-01   4.2365015E-01   4.8208577E-01
   2.0125853E-01   2.0125853E-01   2.0125853E-01   1.7022955E-01   2.5260740E-01
   2.5260740E-01   2.5260740E-01   2.1230240E-01   2.1230240E-01   2.1230240E-01
   2.8540079E-01   3.2675453E-01   3.9792220E-01   3.9792220E-01   3.9792220E-01
   5.4003141E-01   3.7133419E-01   3.7133419E-01   3.7133419E-01   3.3616760E-01
   5.4455269E-01   2.8947175E-01   4.2173288E-01   4.7943869E-01   4.7943869E-01
   4.7943869E-01   3.5946682E-01   3.4550312E-01   3.4550312E-01   3.4550312E-01
   4.8242735E-01

   1.0333957E+02   3.1039117E+06   3.0138127E+12   4.1647579E+00   4.5283685E+02   3.3303524E+01   1.0000000E+00    31 
   1.3178921E-01   1.3013046E-01   1.3013046E-01   1.3013046E-01   1.3438350E-01
   1.3723660E-01   1.3723660E-01   1.3723660E-01   1.0939361E-01   1.1647162E-01
   4.9907653E-01   5.3444877E-01   5.9699408E-01   3.1330386E-01   3.1330386E-01
   3.1330386E-01   4.1670724E-01   4.1670724E-01   4.1670724E-01   4.3329913E-01
   3.8845672E-01   3.8845672E-01   3.8845672E-01   4.1940792E-01   4.9537939E-01
   2.1379410E-01   2.1379410E-01   2.1379410E-01   1.8195967E-01   2.6797255E-01
   2.6797255E-01   2.6797255E-01   2.2435169E-01   2.2435169E-01   2.2435169E-01
   3.1354103E-01   3.5254021E-01   4.1292788E-01   4.1292788E-01   4.1292788E-01
   5.7617936E-01   3.8734611E-01   3.8734611E-01   3.8734611E-01   3.5508990E-01
   5.8813313E-01   3.1095023E-01   4.5153102E-01   4.8231900E-01   4.8231900E-01
   4.8231900E-01   3.7779424E-01   3.6205398E-01   3.6205398E-01   3.6205398E-01
   5.0321420E-01

   1.0311115E+02   2.3610283E+06   4.3404685E+12   4.1308309E+00   7.7518494E+02   2.3225478E+01   1.0000000E+00    32 
   1.2008910E-01   1.1903895E-01   1.1903895E-01   1.1903895E-01   1.2183519E-01
   1.2511672E-01   1.2511672E-01   1.2511672E-01   1.0193806E-01   1.0747878E-01
   4.5824647E-01   4.7642244E-01   5.8911925E-01   2.9899569E-01   2.9899569E-01
   2.9899569E-01   3.9170236E-01   3.9170236E-01   3.9170236E-01   4.1952392E-01
   3.8346177E-01   3.8346177E-01   3.8346177E-01   3.7429676E-01   4.7653497E-01
   2.1549249E-01   2.1549249E-01   2.1549249E-01   1.9029562E-01   2.7124711E-01
   2.7124711E-01   2.7124711E-01   2.2440630E-01   2.2440630E-01   2.2440630E-01
   3.1748426E-01   3.5899710E-01   4.0763340E-01   4.0763340E-01   4.0763340E-01
   5.7478022E-01   3.8587861E-01   3.8587861E-01   3.8587861E-01   3.4662969E-01
   5.8550355E-01   3.2260245E-01   4.4980212E-01   4.6484687E-01   4.6484687E-01
   4.6484687E-01   3.7370558E-01   3.6683930E-01   3.6683930E-01   3.6683930E-01
   4.8141133E-01

   1.0303449E+02   1.7937558E+06   6.1655873E+12   4.1001680E+00   1.2694940E+03   1.6373496E+01   1.0000000E+00    33 
   1.0850118E-01   1.0786355E-01   1.0786355E-01   1.0786355E-01   1.0960969E-01
   1.1216405E-01   1.1216405E-01   1.1216405E-01   9.4565595E-02   9.8277140E-02
   4.2682370E-01   4.4394181E-01   5.7719984E-01   2.8637088E-01   2.8637088E-01
   2.8637088E-01   3.6902578E-01   3.6902578E-01   3.6902578E-01   4.0444948E-01
   3.7615301E-01   3.7615301E-01   3.7615301E-01   3.4920140E-01   4.6028501E-01
   2.1696267E-01   2.1696267E-01   2.1696267E-01   2.0056934E-01   2.7361908E-01
   2.7361908E-01   2.7361908E-01   2.2262830E-01   2.2262830E-01   2.2262830E-01
   3.2175645E-01   3.6299036E-01   3.9769596E-01   3.9769596E-01   3.9769596E-01
   5.7147064E-01   3.7985052E-01   3.7985052E-01   3.7985052E-01   3.4363440E-01
   5.7055549E-01   3.3138895E-01   4.4433758E-01   4.5227430E-01   4.5227430E-01
   4.5227430E-01   3.7112909E-01   3.6999660E-01   3.6999660E-01   3.6999660E-01
   4.5872405E-01

   1.0299255E+02   1.3606383E+06   8.5204921E+12   4.0740833E+00   1.9744664E+03   1.1856899E+01   1.0000000E+00    34 
   9.8975059E-02   9.8584222E-02   9.8584222E-02   9.8584222E-02   9.9726751E-02
   1.0161473E-01   1.0161473E-01   1.0161473E-01   8.8531567E-02   9.1181293E-02
   4.0239273E-01   4.1956685E-01   5.6846905E-01   2.7678513E-01   2.7678513E-01
   2.7678513E-01   3.4912273E-01   3.4912273E-01   3.4912273E-01   3.9114315E-01
   3.6919984E-01   3.6919984E-01   3.6919984E-01   3.3207976E-01   4.4584845E-01
   2.2084219E-01   2.2084219E-01   2.2084219E-01   2.1407702E-01   2.7824337E-01
   2.7824337E-01   2.7824337E-01   2.2184501E-01   2.2184501E-01   2.2184501E-01
   3.2560042E-01   3.6490658E-01   3.8722975E-01   3.8722975E-01   3.8722975E-01
   5.6948856E-01   3.7323667E-01   3.7323667E-01   3.7323667E-01   3.4204559E-01
   5.6136990E-01   3.3937291E-01   4.3784809E-01   4.4292036E-01   4.4292036E-01
   4.4292036E-01   3.6985840E-01   3.7436513E-01   3.7436513E-01   3.7436513E-01
   4.3978025E-01

   1.0296080E+02   9.8933482E+05   1.2172607E+13   4.0502574E+00   3.1409557E+03   8.3038406E+00   1.0000000E+00    35 
   9.0759046E-02   9.0534213E-02   9.0534213E-02   9.0534213E-02   9.1281754E-02
   9.2630165E-02   9.2630165E-02   9.2630165E-02   8.3402575E-02   8.5722629E-02
   3.8090707E-01   3.9570859E-01   5.6225233E-01   2.6946849E-01   2.6946849E-01
   2.6946849E-01   3.3016403E-01   3.3016403E-01   3.3016403E-01   3.7749169E-01
   3.6161835E-01   3.6161835E-01   3.6161835E-01   3.1790987E-01   4.2973727E-01
   2.2917763E-01   2.2917763E-01   2.2917763E-01   2.3368872E-01   2.8699822E-01
   2.8699822E-01   2.8699822E-01   2.2326144E-01   2.2326144E-01   2.2326144E-01
   3.2872829E-01   3.6429818E-01   3.7538291E-01   3.7538291E-01   3.7538291E-01
   5.6791173E-01   3.6538358E-01   3.6538358E-01   3.6538358E-01   3.4025765E-01
   5.5747787E-01   3.4820131E-01   4.2871773E-01   4.3459010E-01   4.3459010E-01
   4.3459010E-01   3.6912382E-01   3.8119934E-01   3.8119934E-01   3.8119934E-01
   4.2259112E-01

   1.0292345E+02   7.0436697E+05   1.7206312E+13   4.0269935E+00   4.8962205E+03   5.8782133E+00   1.0000000E+00    36 
   8.2629779E-02   8.2507546E-02   8.2507546E-02   8.2507546E-02   8.3012380E-02
   8.3907356E-02   8.3907356E-02   8.3907356E-02   7.7968174E-02   8.1071344E-02
   3.5795946E-01   3.5987483E-01   5.4968170E-01   2.6245288E-01   2.6245288E-01
   2.6245288E-01   3.1190639E-01   3.1190639E-01   3.1190639E-01   3.5858169E-01
   3.4793899E-01   3.4793899E-01   3.4793899E-01   2.9922392E-01   4.0525477E-01
   2.4090059E-01   2.4090059E-01   2.4090059E-01   2.5660769E-01   2.9732505E-01
   2.9732505E-01   2.9732505E-01   2.2717996E-01   2.2717996E-01   2.2717996E-01
   3.2557795E-01   3.5578779E-01   3.5716612E-01   3.5716612E-01   3.5716612E-01
   5.5891600E-01   3.5109134E-01   3.5109134E-01   3.5109134E-01   3.3274586E-01
   5.5205074E-01   3.5568827E-01   4.1088630E-01   4.2345819E-01   4.2345819E-01
   4.2345819E-01   3.6422570E-01   3.8890973E-01   3.8890973E-01   3.8890973E-01
   4.0635106E-01

   1.0287946E+02   5.3059670E+05   2.4301188E+13   4.0169257E+00   7.2037526E+03   4.1651427E+00   1.0000000E+00    37 
   7.9167519E-02   7.9096648E-02   7.9096648E-02   7.9096648E-02   7.9459203E-02
   8.0056543E-02   8.0056543E-02   8.0056543E-02   7.6137684E-02   8.0399777E-02
   3.4123575E-01   3.2307928E-01   5.3856684E-01   2.6115753E-01   2.6115753E-01
   2.6115753E-01   3.0470894E-01   3.0470894E-01   3.0470894E-01   3.4243408E-01
   3.3483869E-01   3.3483869E-01   3.3483869E-01   2.8472274E-01   3.8203490E-01
   2.5706617E-01   2.5706617E-01   2.5706617E-01   2.8068725E-01   3.1005859E-01
   3.1005859E-01   3.1005859E-01   2.3703272E-01   2.3703272E-01   2.3703272E-01
   3.2043101E-01   3.4627748E-01   3.4149065E-01   3.4149065E-01   3.4149065E-01
   5.4836172E-01   3.3803883E-01   3.3803883E-01   3.3803883E-01   3.2501063E-01
   5.4543729E-01   3.6599120E-01   3.9420295E-01   4.1540753E-01   4.1540753E-01
   4.1540753E-01   3.5845363E-01   3.9996260E-01   3.9996260E-01   3.9996260E-01
   3.9806533E-01

   1.0282819E+02   4.6943514E+05   3.4304587E+13   4.0320141E+00   9.4226692E+03   2.9531994E+00   1.0000000E+00    38 
   8.3115224E-02   8.3068571E-02   8.3068571E-02   8.3068571E-02   8.3334091E-02
   8.3690903E-02   8.3690903E-02   8.3690903E-02   8.0906314E-02   8.5953191E-02
   3.4087663E-01   3.0563937E-01   5.3228685E-01   2.7134977E-01   2.7134977E-01
   2.7134977E-01   3.1554882E-01   3.1554882E-01   3.1554882E-01   3.4104796E-01
   3.3488109E-01   3.3488109E-01   3.3488109E-01   2.8266592E-01   3.7162716E-01
   2.7897211E-01   2.7897211E-01   2.7897211E-01   3.0731548E-01   3.2825104E-01
   3.2825104E-01   3.2825104E-01   2.5571184E-01   2.5571184E-01   2.5571184E-01
   3.2589016E-01   3.4791780E-01   3.4037151E-01   3.4037151E-01   3.4037151E-01
   5.3902888E-01   3.3838474E-01   3.3838474E-01   3.3838474E-01   3.2911277E-01
   5.3478571E-01   3.8314094E-01   3.9106555E-01   4.1888716E-01   4.1888716E-01
   4.1888716E-01   3.6271982E-01   4.1735463E-01   4.1735463E-01   4.1735463E-01
   3.9978354E-01

   1.0276873E+02   5.4425408E+05   4.8428475E+13   4.0821261E+00   1.0299278E+04   2.0941743E+00   1.0000000E+00    39 
   9.6810327E-02   9.6777187E-02   9.6777187E-02   9.6777187E-02   9.6967253E-02
   9.7133301E-02   9.7133301E-02   9.7133301E-02   9.5047940E-02   1.0020895E-01
   3.6416095E-01   3.2113380E-01   5.2916573E-01   2.9809837E-01   2.9809837E-01
   2.9809837E-01   3.4638319E-01   3.4638319E-01   3.4638319E-01   3.6261428E-01
   3.5717903E-01   3.5717903E-01   3.5717903E-01   2.9921035E-01   3.8256824E-01
   3.0916312E-01   3.0916312E-01   3.0916312E-01   3.4279782E-01   3.5707074E-01
   3.5707074E-01   3.5707074E-01   2.8549692E-01   2.8549692E-01   2.8549692E-01
   3.5199196E-01   3.7037233E-01   3.6208807E-01   3.6208807E-01   3.6208807E-01
   5.2992997E-01   3.6088878E-01   3.6088878E-01   3.6088878E-01   3.5451810E-01
   5.2015515E-01   4.1097437E-01   4.0872506E-01   4.3935496E-01   4.3935496E-01
   4.3935496E-01   3.8591208E-01   4.4324093E-01   4.4324093E-01   4.4324093E-01
   4.1219539E-01

   1.0270049E+02   8.8577895E+05   6.8401838E+13   4.1734515E+00   9.0623251E+03   1.4846026E+00   1.0000000E+00    40 
   1.2375629E-01   1.2373369E-01   1.2373369E-01   1.2373369E-01   1.2386331E-01
   1.2389149E-01   1.2389149E-01   1.2389149E-01   1.2238909E-01   1.2712535E-01
   4.1180589E-01   3.7094624E-01   5.3208726E-01   3.4473572E-01   3.4473572E-01
   3.4473572E-01   3.9760364E-01   3.9760364E-01   3.9760364E-01   4.0785151E-01
   4.0286419E-01   4.0286419E-01   4.0286419E-01   3.3896675E-01   4.1636977E-01
   3.4879293E-01   3.4879293E-01   3.4879293E-01   3.9174194E-01   3.9903157E-01
   3.9903157E-01   3.9903157E-01   3.2761478E-01   3.2761478E-01   3.2761478E-01
   4.0085111E-01   4.1559620E-01   4.0749151E-01   4.0749151E-01   4.0749151E-01
   5.2588045E-01   4.0671128E-01   4.0671128E-01   4.0671128E-01   4.0316727E-01
   5.1462981E-01   4.5205790E-01   4.4845037E-01   4.7602898E-01   4.7602898E-01
   4.7602898E-01   4.3005362E-01   4.7783315E-01   4.7783315E-01   4.7783315E-01
   4.3848759E-01

   1.0262342E+02   2.0685177E+06   9.6467906E+13   4.3089426E+00   6.3223741E+03   1.0542925E+00   1.0000000E+00    41 
   1.6804817E-01   1.6803583E-01   1.6803583E-01   1.6803583E-01   1.6812099E-01
   1.6807988E-01   1.6807988E-01   1.6807988E-01   1.6713247E-01   1.7104354E-01
   4.8062701E-01   4.5236137E-01   5.5264304E-01   4.1260914E-01   4.1260914E-01
   4.1260914E-01   4.6712250E-01   4.6712250E-01   4.6712250E-01   4.7303153E-01
   4.6846834E-01   4.6846834E-01   4.6846834E-01   4.0349655E-01   4.6844482E-01
   3.9553846E-01   3.9553846E-01   3.9553846E-01   4.5359202E-01   4.5160782E-01
   4.5160782E-01   4.5160782E-01   3.8034073E-01   3.8034073E-01   3.8034073E-01
   4.6906495E-01   4.7982321E-01   4.7270121E-01   4.7270121E-01   4.7270121E-01
   5.3889789E-01   4.7227285E-01   4.7227285E-01   4.7227285E-01   4.7162208E-01
   5.3177273E-01   5.0586612E-01   5.0783402E-01   5.2477361E-01   5.2477361E-01
   5.2477361E-01   4.9253178E-01   5.1878579E-01   5.1878579E-01   5.1878579E-01
   4.8262519E-01

   1.0254756E+02   5.8949070E+06   1.3061232E+14   4.4695166E+00   3.7694831E+03   7.7989620E-01   1.0000000E+00    42 
   2.2605256E-01   2.2604890E-01   2.2604890E-01   2.2604890E-01   2.2610624E-01
   2.2605337E-01   2.2605337E-01   2.2605337E-01   2.2550810E-01   2.2834876E-01
   5.5581584E-01   5.5203678E-01   5.9832099E-01   4.9115105E-01   4.9115105E-01
   4.9115105E-01   5.4136764E-01   5.4136764E-01   5.4136764E-01   5.4329062E-01
   5.3866260E-01   5.3866260E-01   5.3866260E-01   4.7935865E-01   5.2409772E-01
   4.4152418E-01   4.4152418E-01   4.4152418E-01   5.1721692E-01   5.0398994E-01
   5.0398994E-01   5.0398994E-01   4.3401296E-01   4.3401296E-01   4.3401296E-01
   5.4083207E-01   5.4750129E-01   5.4180176E-01   5.4180176E-01   5.4180176E-01
   5.7397753E-01   5.4203207E-01   5.4203207E-01   5.4203207E-01   5.4413116E-01
   5.6782039E-01   5.6268641E-01   5.7362709E-01   5.7468410E-01   5.7468410E-01
   5.7468410E-01   5.5988868E-01   5.5904453E-01   5.5904453E-01   5.5904453E-01
   5.3884160E-01

   1.0247369E+02   1.8555475E+07   1.7125313E+14   4.6495378E+00   2.0322468E+03   5.9573726E-01   1.0000000E+00    43 
   2.9632641E-01   2.9632928E-01   2.9632928E-01   2.9632928E-01   2.9636740E-01
   2.9632539E-01   2.9632539E-01   2.9632539E-01   2.9602576E-01   2.9790939E-01
   6.3050263E-01   6.6271601E-01   6.6595120E-01   5.7587366E-01   5.7587366E-01
   5.7587366E-01   6.1590225E-01   6.1590225E-01   6.1590225E-01   6.1279852E-01
   6.0588887E-01   6.0588887E-01   6.0588887E-01   5.5529246E-01   5.7682279E-01
   4.8910615E-01   4.8910615E-01   4.8910615E-01   5.8053881E-01   5.5534492E-01
   5.5534492E-01   5.5534492E-01   4.8854035E-01   4.8854035E-01   4.8854035E-01
   6.0868993E-01   6.1134376E-01   6.0641649E-01   6.0641649E-01   6.0641649E-01
   6.2585399E-01   6.0810808E-01   6.0810808E-01   6.0810808E-01   6.1347955E-01
   6.1386450E-01   6.1963478E-01   6.3915331E-01   6.2246417E-01   6.2246417E-01
   6.2246417E-01   6.2652251E-01   5.9975241E-01   5.9975241E-01   5.9975241E-01
   6.0116258E-01

   1.0239913E+02   6.2902660E+07   2.2107639E+14   4.8537518E+00   1.0006143E+03   4.6220706E-01   1.0000000E+00    44 
   3.7909190E-01   3.7909852E-01   3.7909852E-01   3.7909852E-01   3.7912197E-01
   3.7909209E-01   3.7909209E-01   3.7909209E-01   3.7893747E-01   3.8007532E-01
   7.0166045E-01   7.7274540E-01   7.4173665E-01   6.6506889E-01   6.6506889E-01
   6.6506889E-01   6.9120532E-01   6.9120532E-01   6.9120532E-01   6.8167074E-01
   6.6730989E-01   6.6730989E-01   6.6730989E-01   6.2683741E-01   6.2583125E-01
   5.4455875E-01   5.4455875E-01   5.4455875E-01   6.4506603E-01   6.0942756E-01
   6.0942756E-01   6.0942756E-01   5.4871272E-01   5.4871272E-01   5.4871272E-01
   6.6968198E-01   6.6966681E-01   6.6281189E-01   6.6281189E-01   6.6281189E-01
   6.8511648E-01   6.6723341E-01   6.6723341E-01   6.6723341E-01   6.7717069E-01
   6.6172179E-01   6.7719050E-01   7.0137590E-01   6.6865145E-01   6.6865145E-01
   6.6865145E-01   6.8969431E-01   6.4566017E-01   6.4566017E-01   6.4566017E-01
   6.6377410E-01

   1.0232234E+02   2.2290957E+08   2.8366900E+14   5.0864571E+00   4.5418409E+02   3.6080620E-01   1.0000000E+00    45 
   4.7262153E-01   4.7262884E-01   4.7262884E-01   4.7262884E-01   4.7264206E-01
   4.7261915E-01   4.7261915E-01   4.7261915E-01   4.7254917E-01   4.7315373E-01
   7.6526644E-01   8.5643290E-01   8.1062491E-01   7.5149976E-01   7.5149976E-01
   7.5149976E-01   7.6460300E-01   7.6460300E-01   7.6460300E-01   7.5038233E-01
   7.2190012E-01   7.2190012E-01   7.2190012E-01   6.9328325E-01   6.7479888E-01
   6.1167476E-01   6.1167476E-01   6.1167476E-01   7.0821851E-01   6.6768991E-01
   6.6768991E-01   6.6768991E-01   6.1769030E-01   6.1769030E-01   6.1769030E-01
   7.2221766E-01   7.2372361E-01   7.1008948E-01   7.1008948E-01   7.1008948E-01
   7.4420210E-01   7.1812103E-01   7.1812103E-01   7.1812103E-01   7.3364420E-01
   7.0857581E-01   7.3425511E-01   7.5762270E-01   7.1513314E-01   7.1513314E-01
   7.1513314E-01   7.4618308E-01   7.0066606E-01   7.0066606E-01   7.0066606E-01
   7.2267646E-01

   1.0224233E+02   8.0363686E+08   3.6389853E+14   5.3518948E+00   1.9218943E+02   2.8173224E-01   1.0000000E+00    46 
   5.7331695E-01   5.7332283E-01   5.7332283E-01   5.7332283E-01   5.7332969E-01
   5.7330995E-01   5.7330995E-01   5.7330995E-01   5.7328788E-01   5.7356279E-01
   8.1879661E-01   8.9510507E-01   8.5783323E-01   8.2208213E-01   8.2208213E-01
   8.2208213E-01   8.2696852E-01   8.2696852E-01   8.2696852E-01   8.1361934E-01
   7.7235244E-01   7.7235244E-01   7.7235244E-01   7.5631064E-01   7.2997223E-01
   6.8957900E-01   6.8957900E-01   6.8957900E-01   7.6289326E-01   7.2805057E-01
   7.2805057E-01   7.2805057E-01   6.9457123E-01   6.9457123E-01   6.9457123E-01
   7.6855956E-01   7.7620896E-01   7.5322904E-01   7.5322904E-01   7.5322904E-01
   7.9631410E-01   7.6363118E-01   7.6363118E-01   7.6363118E-01   7.8370452E-01
   7.5665269E-01   7.8658923E-01   8.0449236E-01   7.6480946E-01   7.6480946E-01
   7.6480946E-01   7.9430612E-01   7.6309309E-01   7.6309309E-01   7.6309309E-01
   7.7664481E-01

   1.0215847E+02   2.8916399E+09   4.6839809E+14   5.6536814E+00   7.6842179E+01   2.1925969E-01   1.0000000E+00    47 
   6.7416328E-01   6.7416694E-01   6.7416694E-01   6.7416694E-01   6.7417017E-01
   6.7415337E-01   6.7415337E-01   6.7415337E-01   6.7415597E-01   6.7425796E-01
   8.6096168E-01   9.0098336E-01   8.8096847E-01   8.6939914E-01   8.6939914E-01
   8.6939914E-01   8.6998851E-01   8.6998851E-01   8.6998851E-01   8.6075600E-01
   8.2084727E-01   8.2084727E-01   8.2084727E-01   8.1565492E-01   7.9221863E-01
   7.7131911E-01   7.7131911E-01   7.7131911E-01   8.0866661E-01   7.8831966E-01
   7.8831966E-01   7.8831966E-01   7.7334902E-01   7.7334902E-01   7.7334902E-01
   8.1327355E-01   8.2624137E-01   7.9952440E-01   7.9952440E-01   7.9952440E-01
   8.3883843E-01   8.0873422E-01   8.0873422E-01   8.0873422E-01   8.2861266E-01
   8.0867900E-01   8.3194743E-01   8.4008156E-01   8.1784777E-01   8.1784777E-01
   8.1784777E-01   8.3478613E-01   8.2283480E-01   8.2283480E-01   8.2283480E-01
   8.2640857E-01

   1.0207031E+02   1.0205950E+10   6.0665428E+14   5.9947117E+00   2.9557508E+01   1.6959821E-01   1.0000000E+00    48 
   7.6645672E-01   7.6645798E-01   7.6645798E-01   7.6645798E-01   7.6645968E-01
   7.6644662E-01   7.6644662E-01   7.6644662E-01   7.6645846E-01   7.6648619E-01
   8.9332395E-01   9.0477063E-01   8.9698346E-01   8.9898622E-01   8.9898622E-01
   8.9898622E-01   8.9776317E-01   8.9776317E-01   8.9776317E-01   8.9197142E-01
   8.6642250E-01   8.6642250E-01   8.6642250E-01   8.6828742E-01   8.5407556E-01
   8.4360053E-01   8.4360053E-01   8.4360053E-01   8.5502303E-01   8.4645598E-01
   8.4645598E-01   8.4645598E-01   8.4325917E-01   8.4325917E-01   8.4325917E-01
   8.6058840E-01   8.7123534E-01   8.5083013E-01   8.5083013E-01   8.5083013E-01
   8.7653158E-01   8.5662186E-01   8.5662186E-01   8.5662186E-01   8.6986972E-01
   8.6370334E-01   8.7270897E-01   8.7203058E-01   8.6868021E-01   8.6868021E-01
   8.6868021E-01   8.7277998E-01   8.7201432E-01   8.7201432E-01   8.7201432E-01
   8.7165682E-01

   1.0197771E+02   3.4106067E+10   7.9229842E+14   6.3764186E+00   1.1221056E+01   1.3010766E-01   1.0000000E+00    49 
   8.4390920E-01   8.4390824E-01   8.4390824E-01   8.4390824E-01   8.4390995E-01
   8.4390019E-01   8.4390019E-01   8.4390019E-01   8.4391228E-01   8.4391850E-01
   9.2078832E-01   9.2183466E-01   9.1950384E-01   9.2256777E-01   9.2256777E-01
   9.2256777E-01   9.2121910E-01   9.2121910E-01   9.2121910E-01   9.1874713E-01
   9.0773843E-01   9.0773843E-01   9.0773843E-01   9.1202473E-01   9.0589233E-01
   8.9932341E-01   8.9932341E-01   8.9932341E-01   9.0241010E-01   8.9872910E-01
   8.9872910E-01   8.9872910E-01   8.9860801E-01   8.9860801E-01   8.9860801E-01
   9.0693043E-01   9.1123598E-01   9.0064990E-01   9.0064990E-01   9.0064990E-01
   9.1248279E-01   9.0356502E-01   9.0356502E-01   9.0356502E-01   9.0921524E-01
   9.1119575E-01   9.1030576E-01   9.0823709E-01   9.1098529E-01   9.1098529E-01
   9.1098529E-01   9.1133436E-01   9.1189542E-01   9.1189542E-01   9.1189542E-01
   9.1268276E-01

   1.0188086E+02   1.0111303E+11   1.0438498E+15   6.7995322E+00   4.3104287E+00   9.8953532E-02   1.0000000E+00    50 
   9.0418155E-01   9.0417918E-01   9.0417918E-01   9.0417918E-01   9.0418131E-01
   9.0417357E-01   9.0417357E-01   9.0417357E-01   9.0418314E-01   9.0418618E-01
   9.4656351E-01   9.4589233E-01   9.4547119E-01   9.4660532E-01   9.4660532E-01
   9.4660532E-01   9.4563257E-01   9.4563257E-01   9.4563257E-01   9.4544142E-01
   9.4277536E-01   9.4277536E-01   9.4277536E-01   9.4686710E-01   9.4459949E-01
   9.4012044E-01   9.4012044E-01   9.4012044E-01   9.4117473E-01   9.3997717E-01
   9.3997717E-01   9.3997717E-01   9.4019694E-01   9.4019694E-01   9.4019694E-01
   9.4479928E-01   9.4587248E-01   9.4114276E-01   9.4114276E-01   9.4114276E-01
   9.4460187E-01   9.4219599E-01   9.4219599E-01   9.4219599E-01   9.4499681E-01
   9.4614350E-01   9.4385923E-01   9.4367375E-01   9.4520910E-01   9.4520910E-01
   9.4520910E-01   9.4586114E-01   9.4549064E-01   9.4549064E-01   9.4549064E-01
   9.4716663E-01

   1.0178030E+02   2.4452003E+11   1.3817440E+15   7.2649271E+00   1.7003096E+00   7.4914494E-02   1.0000000E+00    51 
   9.4685818E-01   9.4685547E-01   9.4685547E-01   9.4685547E-01   9.4685764E-01
   9.4685125E-01   9.4685125E-01   9.4685125E-01   9.4685860E-01   9.4685959E-01
   9.6832751E-01   9.6769777E-01   9.6776449E-01   9.6805629E-01   9.6805629E-01
   9.6805629E-01   9.6746011E-01   9.6746011E-01   9.6746011E-01   9.6782563E-01
   9.6871167E-01   9.6871167E-01   9.6871167E-01   9.7145113E-01   9.7079608E-01
   9.6807876E-01   9.6807876E-01   9.6807876E-01   9.6831944E-01   9.6816064E-01
   9.6816064E-01   9.6816064E-01   9.6869800E-01   9.6869800E-01   9.6869800E-01
   9.7118472E-01   9.7132175E-01   9.6892194E-01   9.6892194E-01   9.6892194E-01
   9.6935195E-01   9.6918986E-01   9.6918986E-01   9.6918986E-01   9.7133900E-01
   9.7086484E-01   9.6951876E-01   9.6998435E-01   9.7051632E-01   9.7051632E-01
   9.7051632E-01   9.7101868E-01   9.7069742E-01   9.7069742E-01   9.7069742E-01
   9.7171436E-01

   1.0167649E+02   4.5936484E+11   1.8255239E+15   7.7749293E+00   6.9149172E-01   5.6827558E-02   1.0000000E+00    52 
   9.7272196E-01   9.7271962E-01   9.7271962E-01   9.7271962E-01   9.7272149E-01
   9.7271610E-01   9.7271610E-01   9.7271610E-01   9.7272223E-01   9.7271907E-01
   9.8326095E-01   9.8284143E-01   9.8296751E-01   9.8303099E-01   9.8303099E-01
   9.8303099E-01   9.8268224E-01   9.8268224E-01   9.8268224E-01   9.8304612E-01
   9.8473366E-01   9.8473366E-01   9.8473366E-01   9.8602149E-01   9.8601697E-01
   9.8471175E-01   9.8471175E-01   9.8471175E-01   9.8466613E-01   9.8477614E-01
   9.8477614E-01   9.8477614E-01   9.8531519E-01   9.8531519E-01   9.8531519E-01
   9.8647368E-01   9.8636381E-01   9.8522885E-01   9.8522885E-01   9.8522885E-01
   9.8485208E-01   9.8521625E-01   9.8521625E-01   9.8521625E-01   9.8658220E-01
   9.8588834E-01   9.8519935E-01   9.8553625E-01   9.8580450E-01   9.8580450E-01
   9.8580450E-01   9.8600981E-01   9.8591686E-01   9.8591686E-01   9.8591686E-01
   9.8631923E-01

   1.0156938E+02   6.8325068E+11   2.3938737E+15   8.3330665E+00   2.9072071E-01   4.3432605E-02   1.0000000E+00    53 
   9.8590815E-01   9.8590634E-01   9.8590634E-01   9.8590634E-01   9.8590782E-01
   9.8590292E-01   9.8590292E-01   9.8590292E-01   9.8590870E-01   9.8590078E-01
   9.9177408E-01   9.9151380E-01   9.9161353E-01   9.9161218E-01   9.9161218E-01
   9.9161218E-01   9.9138699E-01   9.9138699E-01   9.9138699E-01   9.9168129E-01
   9.9305583E-01   9.9305583E-01   9.9305583E-01   9.9347859E-01   9.9365747E-01
   9.9313881E-01   9.9313881E-01   9.9313881E-01   9.9306153E-01   9.9316885E-01
   9.9316885E-01   9.9316885E-01   9.9353176E-01   9.9353176E-01   9.9353176E-01
   9.9401034E-01   9.9386221E-01   9.9340570E-01   9.9340570E-01   9.9340570E-01
   9.9295172E-01   9.9333838E-01   9.9333838E-01   9.9333838E-01   9.9402329E-01
   9.9359014E-01   9.9319374E-01   9.9341105E-01   9.9352864E-01   9.9352864E-01
   9.9352864E-01   9.9363601E-01   9.9358717E-01   9.9358717E-01   9.9358717E-01
   9.9376471E-01

   1.0145830E+02   8.2950911E+11   3.1116339E+15   8.9428295E+00   1.2723324E-01   3.3491228E-02   1.0000000E+00    54 
   9.9201351E-01   9.9201224E-01   9.9201224E-01   9.9201224E-01   9.9201319E-01
   9.9200843E-01   9.9200843E-01   9.9200843E-01   9.9201424E-01   9.9200216E-01
   9.9614738E-01   9.9596865E-01   9.9603432E-01   9.9604451E-01   9.9604451E-01
   9.9604451E-01   9.9587506E-01   9.9587506E-01   9.9587506E-01   9.9607720E-01
   9.9694698E-01   9.9694698E-01   9.9694698E-01   9.9699103E-01   9.9715733E-01
   9.9701345E-01   9.9701345E-01   9.9701345E-01   9.9695817E-01   9.9701583E-01
   9.9701583E-01   9.9701583E-01   9.9724069E-01   9.9724069E-01   9.9724069E-01
   9.9738032E-01   9.9727156E-01   9.9711032E-01   9.9711032E-01   9.9711032E-01
   9.9677513E-01   9.9707602E-01   9.9707602E-01   9.9707602E-01   9.9735527E-01
   9.9715451E-01   9.9691572E-01   9.9706894E-01   9.9708594E-01   9.9708594E-01
   9.9708594E-01   9.9716664E-01   9.9711312E-01   9.9711312E-01   9.9711312E-01
   9.9721258E-01

   1.0134230E+02   8.0818177E+11   4.0150075E+15   9.6077847E+00   5.8347128E-02   2.6018932E-02   1.0000000E+00    55 
   9.9476994E-01   9.9476944E-01   9.9476944E-01   9.9476944E-01   9.9476939E-01
   9.9476482E-01   9.9476482E-01   9.9476482E-01   9.9477072E-01   9.9475452E-01
   9.9825629E-01   9.9812013E-01   9.9815881E-01   9.9821451E-01   9.9821451E-01
   9.9821451E-01   9.9808045E-01   9.9808045E-01   9.9808045E-01   9.9817810E-01
   9.9864853E-01   9.9864853E-01   9.9864853E-01   9.9856764E-01   9.9867709E-01
   9.9870966E-01   9.9870966E-01   9.9870966E-01   9.9866109E-01   9.9868918E-01
   9.9868918E-01   9.9868918E-01   9.9885391E-01   9.9885391E-01   9.9885391E-01
   9.9880052E-01   9.9874709E-01   9.9870123E-01   9.9870123E-01   9.9870123E-01
   9.9848881E-01   9.9869302E-01   9.9869302E-01   9.9869302E-01   9.9877101E-01
   9.9872096E-01   9.9858856E-01   9.9866629E-01   9.9866651E-01   9.9866651E-01
   9.9866651E-01   9.9869886E-01   9.9867915E-01   9.9867915E-01   9.9867915E-01
   9.9871236E-01

   1.0122043E+02   6.1899838E+11   5.1498192E+15   1.0331288E+01   2.8152620E-02   2.0337346E-02   1.0000000E+00    56 
   9.9606640E-01   9.9606638E-01   9.9606638E-01   9.9606638E-01   9.9606577E-01
   9.9606111E-01   9.9606111E-01   9.9606111E-01   9.9606858E-01   9.9604768E-01
   9.9910067E-01   9.9900136E-01   9.9901681E-01   9.9911464E-01   9.9911464E-01
   9.9911464E-01   9.9901935E-01   9.9901935E-01   9.9901935E-01   9.9902187E-01
   9.9924613E-01   9.9924613E-01   9.9924613E-01   9.9907511E-01   9.9919680E-01
   9.9933287E-01   9.9933287E-01   9.9933287E-01   9.9926864E-01   9.9928383E-01
   9.9928383E-01   9.9928383E-01   9.9945574E-01   9.9945574E-01   9.9945574E-01
   9.9926708E-01   9.9923223E-01   9.9925358E-01   9.9925358E-01   9.9925358E-01
   9.9910487E-01   9.9924989E-01   9.9924989E-01   9.9924989E-01   9.9923743E-01
   9.9927361E-01   9.9923631E-01   9.9922582E-01   9.9926678E-01   9.9926678E-01
   9.9926678E-01   9.9922243E-01   9.9927427E-01   9.9927427E-01   9.9927427E-01
   9.9922532E-01

   1.0109170E+02   3.9490333E+11   6.5786482E+15   1.1117055E+01   1.4329269E-02   1.5962558E-02   1.0000000E+00    57 
   9.9692851E-01   9.9692714E-01   9.9692714E-01   9.9692714E-01   9.9692914E-01
   9.9692224E-01   9.9692224E-01   9.9692224E-01   9.9693478E-01   9.9691149E-01
   9.9932747E-01   9.9930079E-01   9.9928252E-01   9.9936545E-01   9.9936545E-01
   9.9936545E-01   9.9930716E-01   9.9930716E-01   9.9930716E-01   9.9928017E-01
   9.9937195E-01   9.9937195E-01   9.9937195E-01   9.9922553E-01   9.9933587E-01
   9.9948126E-01   9.9948126E-01   9.9948126E-01   9.9940812E-01   9.9941456E-01
   9.9941456E-01   9.9941456E-01   9.9960496E-01   9.9960496E-01   9.9960496E-01
   9.9936813E-01   9.9935810E-01   9.9935998E-01   9.9935998E-01   9.9935998E-01
   9.9929217E-01   9.9936119E-01   9.9936119E-01   9.9936119E-01   9.9934596E-01
   9.9941011E-01   9.9941107E-01   9.9938341E-01   9.9941623E-01   9.9941623E-01
   9.9941623E-01   9.9935790E-01   9.9942164E-01   9.9942164E-01   9.9942164E-01
   9.9935900E-01

   1.0095493E+02   2.3362364E+11   8.4026701E+15   1.1969203E+01   7.7189683E-03   1.2532095E-02   1.0000000E+00    58 
   9.9788943E-01   9.9788622E-01   9.9788622E-01   9.9788622E-01   9.9789102E-01
   9.9788179E-01   9.9788179E-01   9.9788179E-01   9.9789902E-01   9.9787480E-01
   9.9949524E-01   9.9954240E-01   9.9948961E-01   9.9953020E-01   9.9953020E-01
   9.9953020E-01   9.9949498E-01   9.9949498E-01   9.9949498E-01   9.9947469E-01
   9.9951194E-01   9.9951194E-01   9.9951194E-01   9.9943945E-01   9.9950864E-01
   9.9960919E-01   9.9960919E-01   9.9960919E-01   9.9956532E-01   9.9955861E-01
   9.9955861E-01   9.9955861E-01   9.9971070E-01   9.9971070E-01   9.9971070E-01
   9.9950747E-01   9.9952370E-01   9.9949026E-01   9.9949026E-01   9.9949026E-01
   9.9949851E-01   9.9950534E-01   9.9950534E-01   9.9950534E-01   9.9949324E-01
   9.9959091E-01   9.9956561E-01   9.9956071E-01   9.9955592E-01   9.9955592E-01
   9.9955592E-01   9.9952592E-01   9.9955729E-01   9.9955729E-01   9.9955729E-01
   9.9952188E-01

   1.0080607E+02   1.3781034E+11   1.0834728E+16   1.2911718E+01   4.3654431E-03   9.7480358E-03   1.0000000E+00    59 
   9.9874357E-01   9.9874033E-01   9.9874033E-01   9.9874033E-01   9.9874528E-01
   9.9873514E-01   9.9873514E-01   9.9873514E-01   9.9875469E-01   9.9873246E-01
   9.9968164E-01   9.9974652E-01   9.9968155E-01   9.9971225E-01   9.9971225E-01
   9.9971225E-01   9.9968215E-01   9.9968215E-01   9.9968215E-01   9.9966531E-01
   9.9968591E-01   9.9968591E-01   9.9968591E-01   9.9964801E-01   9.9969589E-01
   9.9975988E-01   9.9975988E-01   9.9975988E-01   9.9974575E-01   9.9973877E-01
   9.9973877E-01   9.9973877E-01   9.9982594E-01   9.9982594E-01   9.9982594E-01
   9.9968430E-01   9.9970394E-01   9.9966918E-01   9.9966918E-01   9.9966918E-01
   9.9970561E-01   9.9968669E-01   9.9968669E-01   9.9968669E-01   9.9967744E-01
   9.9979534E-01   9.9973892E-01   9.9973853E-01   9.9972897E-01   9.9972897E-01
   9.9972897E-01   9.9971931E-01   9.9973209E-01   9.9973209E-01   9.9973209E-01
   9.9971555E-01

   1.0068651E+02   9.5280272E+10   1.3198529E+16   1.3679974E+01   2.9508999E-03   8.0213027E-03   1.0000000E+00    60 
   9.9921411E-01   9.9921417E-01   9.9921417E-01   9.9921417E-01   9.9921842E-01
   9.9920938E-01   9.9920938E-01   9.9920938E-01   9.9922822E-01   9.9921388E-01
   9.9979766E-01   9.9982109E-01   9.9978518E-01   9.9982508E-01   9.9982508E-01
   9.9982508E-01   9.9979646E-01   9.9979646E-01   9.9979646E-01   9.9978271E-01
   9.9979569E-01   9.9979569E-01   9.9979569E-01   9.9974964E-01   9.9980718E-01
   9.9985325E-01   9.9985325E-01   9.9985325E-01   9.9984886E-01   9.9984610E-01
   9.9984610E-01   9.9984610E-01   9.9989608E-01   9.9989608E-01   9.9989608E-01
   9.9979935E-01   9.9981013E-01   9.9978744E-01   9.9978744E-01   9.9978744E-01
   9.9981576E-01   9.9979838E-01   9.9979838E-01   9.9979838E-01   9.9979558E-01
   9.9990655E-01   9.9984502E-01   9.9984095E-01   9.9984118E-01   9.9984118E-01
   9.9984118E-01   9.9983972E-01   9.9984876E-01   9.9984876E-01   9.9984876E-01
   9.9983121E-01

   1.0062098E+02   7.9553189E+10   1.4678757E+16   1.4105755E+01   2.4334361E-03   7.2218434E-03   1.0000000E+00    61 
   9.9940035E-01   9.9940282E-01   9.9940282E-01   9.9940282E-01   9.9940750E-01
   9.9939869E-01   9.9939869E-01   9.9939869E-01   9.9941723E-01   9.9940816E-01
   9.9984196E-01   9.9981670E-01   9.9982217E-01   9.9986841E-01   9.9986841E-01
   9.9986841E-01   9.9984226E-01   9.9984226E-01   9.9984226E-01   9.9982982E-01
   9.9983791E-01   9.9983791E-01   9.9983791E-01   9.9978032E-01   9.9984776E-01
   9.9988822E-01   9.9988822E-01   9.9988822E-01   9.9988233E-01   9.9988279E-01
   9.9988279E-01   9.9988279E-01   9.9992192E-01   9.9992192E-01   9.9992192E-01
   9.9984473E-01   9.9985116E-01   9.9983445E-01   9.9983445E-01   9.9983445E-01
   9.9984984E-01   9.9983961E-01   9.9983961E-01   9.9983961E-01   9.9984310E-01
   9.9993203E-01   9.9988571E-01   9.9987774E-01   9.9988521E-01   9.9988521E-01
   9.9988521E-01   9.9988342E-01   9.9989506E-01   9.9989506E-01   9.9989506E-01
   9.9987272E-01

   1.0058758E+02   7.2985455E+10   1.5489991E+16   1.4324159E+01   2.2175593E-03   6.8481798E-03   1.0000000E+00    62 
   9.9937441E-01   9.9937844E-01   9.9937844E-01   9.9937844E-01   9.9938435E-01
   9.9937414E-01   9.9937414E-01   9.9937414E-01   9.9939559E-01   9.9938849E-01
   9.9983091E-01   9.9977925E-01   9.9980743E-01   9.9986246E-01   9.9986246E-01
   9.9986246E-01   9.9983299E-01   9.9983299E-01   9.9983299E-01   9.9981886E-01
   9.9982548E-01   9.9982548E-01   9.9982548E-01   9.9975631E-01   9.9983653E-01
   9.9988209E-01   9.9988209E-01   9.9988209E-01   9.9987282E-01   9.9987545E-01
   9.9987545E-01   9.9987545E-01   9.9991799E-01   9.9991799E-01   9.9991799E-01
   9.9983500E-01   9.9984174E-01   9.9982391E-01   9.9982391E-01   9.9982391E-01
   9.9983694E-01   9.9982676E-01   9.9982676E-01   9.9982676E-01   9.9983454E-01
   9.9992662E-01   9.9988212E-01   9.9987081E-01   9.9988317E-01   9.9988317E-01
   9.9988317E-01   9.9988019E-01   9.9989618E-01   9.9989618E-01   9.9989618E-01
   9.9986670E-01

   1.0057637E+02   7.0885845E+10   1.5772185E+16   1.4397884E+01   2.1500957E-03   6.7271547E-03   1.0000000E+00    63 
   9.9877499E-01   9.9890701E-01   9.9890701E-01   9.9890701E-01   9.9900396E-01
   9.9900619E-01   9.9900619E-01   9.9900619E-01   9.9906079E-01   9.9907623E-01
   9.9971957E-01   9.9966631E-01   1.0000126E+00   1.0000276E+00   1.0000276E+00
   1.0000276E+00   1.0001928E+00   1.0001928E+00   1.0001928E+00   9.9996139E-01
   9.9964237E-01   9.9964237E-01   9.9964237E-01   9.9963483E-01   9.9979376E-01
   9.9993829E-01   9.9993829E-01   9.9993829E-01   9.9976820E-01   9.9986829E-01
   9.9986829E-01   9.9986829E-01   9.9999427E-01   9.9999427E-01   9.9999427E-01
   9.9982661E-01   9.9991333E-01   9.9997911E-01   9.9997911E-01   9.9997911E-01
   9.9979146E-01   9.9974507E-01   9.9974507E-01   9.9974507E-01   1.0000533E+00
   9.9990226E-01   9.9995429E-01   9.9976726E-01   1.0000272E+00   1.0000272E+00
   1.0000272E+00   9.9985461E-01   1.0001801E+00   1.0001801E+00   1.0001801E+00
   9.9991836E-01
