
 24-FEB-2004                           !Format date

   1.0057637E+02     1.0810E+06       90       63

   1.1341482E+04   2.7817878E-02   2.8249382E+06   1.8495937E+00   6.0182050E-05   2.9481942E+03   1.0000000E+00     1 
   4.5482364E-03   9.4853905E-03   9.4853905E-03   9.4853905E-03   1.3885362E-05
   3.3573122E-05   1.5672972E-05   1.5672972E-05   1.5672972E-05   5.5371204E-05
   5.5371204E-05   5.5371204E-05   7.0125045E-06   1.2208769E-05   6.1873938E-05
   7.8521961E-05   3.6947961E-04   3.6947961E-04   3.6947961E-04   3.1796697E-03
   3.6947961E-04   3.6947961E-04   3.6947961E-04   3.1796697E-03   1.3110989E-05
   1.3110989E-05   1.3110989E-05   1.3110989E-05   1.3110989E-05   1.3110989E-05
   7.6321768E-06   2.1793208E-03   2.1793208E-03   2.1793208E-03   3.5532950E-03
   3.9911412E-04   3.9911412E-04   3.9911412E-04   9.1206992E-03   2.2487278E-02
   5.6092624E-04   9.1206992E-03   9.1206992E-03   3.9911412E-04   3.9911412E-04
   3.9911412E-04   4.0078072E-03   4.0078072E-03   4.0078072E-03   1.8459831E-02
   3.5287627E-02   3.5287627E-02   3.5287627E-02   1.4039603E-03   1.4039603E-03
   2.2105417E-03   2.2105417E-03   2.2105417E-03   3.5287627E-02   3.5287627E-02
   3.5287627E-02   1.4039603E-03   3.5287627E-02   3.5287627E-02   3.5287627E-02
   1.2419831E-01   3.5287627E-02   3.5287627E-02   3.5287627E-02   1.4039603E-03
   3.5287627E-02   3.5287627E-02   1.4039603E-03   2.2105417E-03   2.2105417E-03
   2.2105417E-03   1.2419831E-01   1.9987867E-03   7.6383332E-02   7.6383332E-02
   7.6383332E-02   1.9987867E-03   8.5140807E-04   8.5140807E-04   8.5140807E-04
   1.9987867E-03   7.6383332E-02   7.6383332E-02   7.6383332E-02   8.6723769E-04

   1.1234034E+04   2.8340014E-02   2.8794849E+06   1.8496862E+00   6.0175703E-05   2.9479382E+03   1.0000000E+00     2 
   4.4691195E-03   9.3186948E-03   9.3186948E-03   9.3186948E-03   1.3903971E-05
   3.3602265E-05   1.5688996E-05   1.5688996E-05   1.5688996E-05   5.5418150E-05
   5.5418150E-05   5.5418150E-05   7.0181491E-06   1.2218289E-05   6.1983911E-05
   7.8579831E-05   3.6971743E-04   3.6971743E-04   3.6971743E-04   3.1810726E-03
   3.6971743E-04   3.6971743E-04   3.6971743E-04   3.1810726E-03   1.3119923E-05
   1.3119923E-05   1.3119923E-05   1.3119923E-05   1.3119923E-05   1.3119923E-05
   7.6427545E-06   2.1804703E-03   2.1804703E-03   2.1804703E-03   3.5553393E-03
   3.9930300E-04   3.9930300E-04   3.9930300E-04   9.1233718E-03   2.2497059E-02
   5.6175383E-04   9.1233718E-03   9.1233718E-03   3.9930300E-04   3.9930300E-04
   3.9930300E-04   4.0093831E-03   4.0093831E-03   4.0093831E-03   1.8487730E-02
   3.5298609E-02   3.5298609E-02   3.5298609E-02   1.4045004E-03   1.4045004E-03
   2.2112477E-03   2.2112477E-03   2.2112477E-03   3.5298609E-02   3.5298609E-02
   3.5298609E-02   1.4045004E-03   3.5298609E-02   3.5298609E-02   3.5298609E-02
   1.2423244E-01   3.5298609E-02   3.5298609E-02   3.5298609E-02   1.4045004E-03
   3.5298609E-02   3.5298609E-02   1.4045004E-03   2.2112477E-03   2.2112477E-03
   2.2112477E-03   1.2423244E-01   1.9995389E-03   7.6400085E-02   7.6400085E-02
   7.6400085E-02   1.9995389E-03   8.5171701E-04   8.5171701E-04   8.5171701E-04
   1.9995389E-03   7.6400085E-02   7.6400085E-02   7.6400085E-02   8.6749511E-04

   1.1021993E+04   2.9414576E-02   2.9918700E+06   1.8498852E+00   6.0163004E-05   2.9474172E+03   1.0000000E+00     3 
   4.3159319E-03   8.9955980E-03   8.9955980E-03   8.9955980E-03   1.3943689E-05
   3.3666045E-05   1.5723521E-05   1.5723521E-05   1.5723521E-05   5.5519768E-05
   5.5519768E-05   5.5519768E-05   7.0309184E-06   1.2239568E-05   6.2202452E-05
   7.8704736E-05   3.7023007E-04   3.7023007E-04   3.7023007E-04   3.1841882E-03
   3.7023007E-04   3.7023007E-04   3.7023007E-04   3.1841882E-03   1.3139044E-05
   1.3139044E-05   1.3139044E-05   1.3139044E-05   1.3139044E-05   1.3139044E-05
   7.6650906E-06   2.1829424E-03   2.1829424E-03   2.1829424E-03   3.5597942E-03
   3.9971000E-04   3.9971000E-04   3.9971000E-04   9.1300600E-03   2.2518174E-02
   5.6337134E-04   9.1300600E-03   9.1300600E-03   3.9971000E-04   3.9971000E-04
   3.9971000E-04   4.0127819E-03   4.0127819E-03   4.0127819E-03   1.8540837E-02
   3.5322318E-02   3.5322318E-02   3.5322318E-02   1.4057077E-03   1.4057077E-03
   2.2127692E-03   2.2127692E-03   2.2127692E-03   3.5322318E-02   3.5322318E-02
   3.5322318E-02   1.4057077E-03   3.5322318E-02   3.5322318E-02   3.5322318E-02
   1.2431232E-01   3.5322318E-02   3.5322318E-02   3.5322318E-02   1.4057077E-03
   3.5322318E-02   3.5322318E-02   1.4057077E-03   2.2127692E-03   2.2127692E-03
   2.2127692E-03   1.2431232E-01   2.0011348E-03   7.6436331E-02   7.6436331E-02
   7.6436331E-02   2.0011348E-03   8.5237249E-04   8.5237249E-04   8.5237249E-04
   2.0011348E-03   7.6436331E-02   7.6436331E-02   7.6436331E-02   8.6804445E-04

   1.0610344E+04   3.1676560E-02   3.2296947E+06   1.8503157E+00   6.0134559E-05   2.9463495E+03   1.0000000E+00     4 
   4.0276261E-03   8.3873070E-03   8.3873070E-03   8.3873070E-03   1.4030061E-05
   3.3804881E-05   1.5798351E-05   1.5798351E-05   1.5798351E-05   5.5740427E-05
   5.5740427E-05   5.5740427E-05   7.0588145E-06   1.2285836E-05   6.2672589E-05
   7.8974085E-05   3.7133815E-04   3.7133815E-04   3.7133815E-04   3.1909894E-03
   3.7133815E-04   3.7133815E-04   3.7133815E-04   3.1909894E-03   1.3180257E-05
   1.3180257E-05   1.3180257E-05   1.3180257E-05   1.3180257E-05   1.3180257E-05
   7.7128081E-06   2.1882708E-03   2.1882708E-03   2.1882708E-03   3.5693062E-03
   4.0058883E-04   4.0058883E-04   4.0058883E-04   9.1449190E-03   2.2563739E-02
   5.6671930E-04   9.1449190E-03   9.1449190E-03   4.0058883E-04   4.0058883E-04
   4.0058883E-04   4.0201187E-03   4.0201187E-03   4.0201187E-03   1.8649518E-02
   3.5373453E-02   3.5373453E-02   3.5373453E-02   1.4082955E-03   1.4082955E-03
   2.2160446E-03   2.2160446E-03   2.2160446E-03   3.5373453E-02   3.5373453E-02
   3.5373453E-02   1.4082955E-03   3.5373453E-02   3.5373453E-02   3.5373453E-02
   1.2448338E-01   3.5373453E-02   3.5373453E-02   3.5373453E-02   1.4082955E-03
   3.5373453E-02   3.5373453E-02   1.4082955E-03   2.2160446E-03   2.2160446E-03
   2.2160446E-03   1.2448338E-01   2.0045652E-03   7.6514206E-02   7.6514206E-02
   7.6514206E-02   2.0045652E-03   8.5378102E-04   8.5378102E-04   8.5378102E-04
   2.0045652E-03   7.6514206E-02   7.6514206E-02   7.6514206E-02   8.6922774E-04

   9.8324823E+03   3.6721635E-02   3.7637926E+06   1.8512146E+00   6.0070395E-05   2.9441008E+03   1.0000000E+00     5 
   3.5092386E-03   7.2946740E-03   7.2946740E-03   7.2946740E-03   1.4214061E-05
   3.4095798E-05   1.5955282E-05   1.5955282E-05   1.5955282E-05   5.6201021E-05
   5.6201021E-05   5.6201021E-05   7.1187510E-06   1.2384874E-05   6.3711640E-05
   7.9554020E-05   3.7364962E-04   3.7364962E-04   3.7364962E-04   3.2051195E-03
   3.7364962E-04   3.7364962E-04   3.7364962E-04   3.2051195E-03   1.3267414E-05
   1.3267414E-05   1.3267414E-05   1.3267414E-05   1.3267414E-05   1.3267414E-05
   7.8174577E-06   2.1993640E-03   2.1993640E-03   2.1993640E-03   3.5897624E-03
   4.0242155E-04   4.0242155E-04   4.0242155E-04   9.1773045E-03   2.2658147E-02
   5.7439478E-04   9.1773045E-03   9.1773045E-03   4.0242155E-04   4.0242155E-04
   4.0242155E-04   4.0353804E-03   4.0353804E-03   4.0353804E-03   1.8902363E-02
   3.5479481E-02   3.5479481E-02   3.5479481E-02   1.4137916E-03   1.4137916E-03
   2.2228294E-03   2.2228294E-03   2.2228294E-03   3.5479481E-02   3.5479481E-02
   3.5479481E-02   1.4137916E-03   3.5479481E-02   3.5479481E-02   3.5479481E-02
   1.2484177E-01   3.5479481E-02   3.5479481E-02   3.5479481E-02   1.4137916E-03
   3.5479481E-02   3.5479481E-02   1.4137916E-03   2.2228294E-03   2.2228294E-03
   2.2228294E-03   1.2484177E-01   2.0119168E-03   7.6673597E-02   7.6673597E-02
   7.6673597E-02   2.0119168E-03   8.5679655E-04   8.5679655E-04   8.5679655E-04
   2.0119168E-03   7.6673597E-02   7.6673597E-02   7.6673597E-02   8.7173370E-04

   8.4398396E+03   4.9299278E-02   5.1172808E+06   1.8530458E+00   5.9919818E-05   2.9389838E+03   1.0000000E+00     6 
   2.6614920E-03   5.5138223E-03   5.5138223E-03   5.5138223E-03   1.4582614E-05
   3.4682095E-05   1.6276926E-05   1.6276926E-05   1.6276926E-05   5.7132793E-05
   5.7132793E-05   5.7132793E-05   7.2466066E-06   1.2596262E-05   6.6063106E-05
   8.0784489E-05   3.7836009E-04   3.7836009E-04   3.7836009E-04   3.2326251E-03
   3.7836009E-04   3.7836009E-04   3.7836009E-04   3.2326251E-03   1.3453034E-05
   1.3453034E-05   1.3453034E-05   1.3453034E-05   1.3453034E-05   1.3453034E-05
   8.0647679E-06   2.2219846E-03   2.2219846E-03   2.2219846E-03   3.6334638E-03
   4.0616219E-04   4.0616219E-04   4.0616219E-04   9.2464812E-03   2.2847752E-02
   5.9252191E-04   9.2464812E-03   9.2464812E-03   4.0616219E-04   4.0616219E-04
   4.0616219E-04   4.0663309E-03   4.0663309E-03   4.0663309E-03   1.9501953E-02
   3.5693067E-02   3.5693067E-02   3.5693067E-02   1.4255975E-03   1.4255975E-03
   2.2365281E-03   2.2365281E-03   2.2365281E-03   3.5693067E-02   3.5693067E-02
   3.5693067E-02   1.4255975E-03   3.5693067E-02   3.5693067E-02   3.5693067E-02
   1.2557863E-01   3.5693067E-02   3.5693067E-02   3.5693067E-02   1.4255975E-03
   3.5693067E-02   3.5693067E-02   1.4255975E-03   2.2365281E-03   2.2365281E-03
   2.2365281E-03   1.2557863E-01   2.0281677E-03   7.6986382E-02   7.6986382E-02
   7.6986382E-02   2.0281677E-03   8.6345268E-04   8.6345268E-04   8.6345268E-04
   2.0281677E-03   7.6986382E-02   7.6986382E-02   7.6986382E-02   8.7708252E-04

   6.2778820E+03   8.7933531E-02   9.2882207E+06   1.8563132E+00   5.9654265E-05   2.9264839E+03   1.0000000E+00     7 
   1.5484749E-03   3.1930544E-03   3.1930544E-03   3.1930544E-03   1.5251738E-05
   3.5637747E-05   1.6869267E-05   1.6869267E-05   1.6869267E-05   5.8780066E-05
   5.8780066E-05   5.8780066E-05   7.4661105E-06   1.2984051E-05   7.1356161E-05
   8.2967950E-05   3.8697141E-04   3.8697141E-04   3.8697141E-04   3.2713931E-03
   3.8697141E-04   3.8697141E-04   3.8697141E-04   3.2713931E-03   1.3842195E-05
   1.3842195E-05   1.3842195E-05   1.3842195E-05   1.3842195E-05   1.3842195E-05
   8.7225463E-06   2.2643422E-03   2.2643422E-03   2.2643422E-03   3.7140733E-03
   4.1308817E-04   4.1308817E-04   4.1308817E-04   9.3362317E-03   2.3188539E-02
   6.3267875E-04   9.3362317E-03   9.3362317E-03   4.1308817E-04   4.1308817E-04
   4.1308817E-04   4.1227532E-03   4.1227532E-03   4.1227532E-03   2.0770035E-02
   3.6079288E-02   3.6079288E-02   3.6079288E-02   1.4500066E-03   1.4500066E-03
   2.2621744E-03   2.2621744E-03   2.2621744E-03   3.6079288E-02   3.6079288E-02
   3.6079288E-02   1.4500066E-03   3.6079288E-02   3.6079288E-02   3.6079288E-02
   1.2686697E-01   3.6079288E-02   3.6079288E-02   3.6079288E-02   1.4500066E-03
   3.6079288E-02   3.6079288E-02   1.4500066E-03   2.2621744E-03   2.2621744E-03
   2.2621744E-03   1.2686697E-01   2.0654442E-03   7.7546085E-02   7.7546085E-02
   7.7546085E-02   2.0654442E-03   8.7865137E-04   8.7865137E-04   8.7865137E-04
   2.0654442E-03   7.7546085E-02   7.7546085E-02   7.7546085E-02   8.8819912E-04

   4.6756742E+03   1.5534417E-01   1.6838946E+07   1.8603975E+00   5.9311522E-05   2.9100589E+03   1.0000000E+00     8 
   9.1387430E-04   1.8740498E-03   1.8740498E-03   1.8740498E-03   1.6204503E-05
   3.6798311E-05   1.7628657E-05   1.7628657E-05   1.7628657E-05   6.0873989E-05
   6.0873989E-05   6.0873989E-05   7.7461484E-06   1.3514860E-05   7.8470279E-05
   8.5745428E-05   3.9796074E-04   3.9796074E-04   3.9796074E-04   3.3141295E-03
   3.9796074E-04   3.9796074E-04   3.9796074E-04   3.3141295E-03   1.4409859E-05
   1.4409859E-05   1.4409859E-05   1.4409859E-05   1.4409859E-05   1.4409859E-05
   9.8418925E-06   2.3182650E-03   2.3182650E-03   2.3182650E-03   3.8188414E-03
   4.2209015E-04   4.2209015E-04   4.2209015E-04   9.4243842E-03   2.3613406E-02
   6.8703530E-04   9.4243842E-03   9.4243842E-03   4.2209015E-04   4.2209015E-04
   4.2209015E-04   4.1947405E-03   4.1947405E-03   4.1947405E-03   2.2328305E-02
   3.6566724E-02   3.6566724E-02   3.6566724E-02   1.4868828E-03   1.4868828E-03
   2.2963182E-03   2.2963182E-03   2.2963182E-03   3.6566724E-02   3.6566724E-02
   3.6566724E-02   1.4868828E-03   3.6566724E-02   3.6566724E-02   3.6566724E-02
   1.2864574E-01   3.6566724E-02   3.6566724E-02   3.6566724E-02   1.4868828E-03
   3.6566724E-02   3.6566724E-02   1.4868828E-03   2.2963182E-03   2.2963182E-03
   2.2963182E-03   1.2864574E-01   2.1234992E-03   7.8264480E-02   7.8264480E-02
   7.8264480E-02   2.1234992E-03   9.0204742E-04   9.0204742E-04   9.0204742E-04
   2.1234992E-03   7.8264480E-02   7.8264480E-02   7.8264480E-02   9.0418766E-04

   3.4842997E+03   2.7147372E-01   3.0552823E+07   1.8657246E+00   5.8882638E-05   2.8881725E+03   1.0000000E+00     9 
   5.5003405E-04   1.1187607E-03   1.1187607E-03   1.1187607E-03   1.7565361E-05
   3.8417055E-05   1.8668915E-05   1.8668915E-05   1.8668915E-05   6.3685491E-05
   6.3685491E-05   6.3685491E-05   8.1901672E-06   1.4371190E-05   8.9122361E-05
   9.0032214E-05   4.1266361E-04   4.1266361E-04   4.1266361E-04   3.3743006E-03
   4.1266361E-04   4.1266361E-04   4.1266361E-04   3.3743006E-03   1.5293612E-05
   1.5293612E-05   1.5293612E-05   1.5293612E-05   1.5293612E-05   1.5293612E-05
   1.1808066E-05   2.3890790E-03   2.3890790E-03   2.3890790E-03   3.9721232E-03
   4.3446463E-04   4.3446463E-04   4.3446463E-04   9.5806875E-03   2.4165625E-02
   7.7342826E-04   9.5806875E-03   9.5806875E-03   4.3446463E-04   4.3446463E-04
   4.3446463E-04   4.2918818E-03   4.2918818E-03   4.2918818E-03   2.4658550E-02
   3.7217433E-02   3.7217433E-02   3.7217433E-02   1.5458755E-03   1.5458755E-03
   2.3423527E-03   2.3423527E-03   2.3423527E-03   3.7217433E-02   3.7217433E-02
   3.7217433E-02   1.5458755E-03   3.7217433E-02   3.7217433E-02   3.7217433E-02
   1.3125028E-01   3.7217433E-02   3.7217433E-02   3.7217433E-02   1.5458755E-03
   3.7217433E-02   3.7217433E-02   1.5458755E-03   2.3423527E-03   2.3423527E-03
   2.3423527E-03   1.3125028E-01   2.2186531E-03   7.9158557E-02   7.9158557E-02
   7.9158557E-02   2.2186531E-03   9.3974118E-04   9.3974118E-04   9.3974118E-04
   2.2186531E-03   7.9158557E-02   7.9158557E-02   7.9158557E-02   9.2855107E-04

   2.5985463E+03   4.6781417E-01   5.5496119E+07   1.8726938E+00   5.8251244E-05   2.8587913E+03   1.0000000E+00    10 
   3.3906272E-04   6.8262867E-04   6.8262867E-04   6.8262867E-04   1.9355986E-05
   4.0615132E-05   2.0108748E-05   2.0108748E-05   2.0108748E-05   6.7488616E-05
   6.7488616E-05   6.7488616E-05   8.8587328E-06   1.5714956E-05   1.0493648E-04
   9.6256096E-05   4.3242893E-04   4.3242893E-04   4.3242893E-04   3.4522335E-03
   4.3242893E-04   4.3242893E-04   4.3242893E-04   3.4522335E-03   1.6712448E-05
   1.6712448E-05   1.6712448E-05   1.6712448E-05   1.6712448E-05   1.6712448E-05
   1.5287926E-05   2.4831228E-03   2.4831228E-03   2.4831228E-03   4.1748357E-03
   4.5158806E-04   4.5158806E-04   4.5158806E-04   9.7864906E-03   2.4877071E-02
   9.0038032E-04   9.7864906E-03   9.7864906E-03   4.5158806E-04   4.5158806E-04
   4.5158806E-04   4.4226358E-03   4.4226358E-03   4.4226358E-03   2.7666194E-02
   3.8074929E-02   3.8074929E-02   3.8074929E-02   1.6371886E-03   1.6371886E-03
   2.4049133E-03   2.4049133E-03   2.4049133E-03   3.8074929E-02   3.8074929E-02
   3.8074929E-02   1.6371886E-03   3.8074929E-02   3.8074929E-02   3.8074929E-02
   1.3452824E-01   3.8074929E-02   3.8074929E-02   3.8074929E-02   1.6371886E-03
   3.8074929E-02   3.8074929E-02   1.6371886E-03   2.4049133E-03   2.4049133E-03
   2.4049133E-03   1.3452824E-01   2.3771845E-03   8.0237222E-02   8.0237222E-02
   8.0237222E-02   2.3771845E-03   1.0016838E-03   1.0016838E-03   1.0016838E-03
   2.3771845E-03   8.0237222E-02   8.0237222E-02   8.0237222E-02   9.6674431E-04

   1.9408575E+03   7.9134059E-01   1.0087043E+08   1.8822690E+00   5.7435479E-05   2.8193933E+03   1.0000000E+00    11 
   2.1775317E-04   4.3162708E-04   4.3162708E-04   4.3162708E-04   2.2105981E-05
   4.3860918E-05   2.2255594E-05   2.2255594E-05   2.2255594E-05   7.3036806E-05
   7.3036806E-05   7.3036806E-05   9.9344642E-06   1.7989027E-05   1.2976880E-04
   1.0543483E-04   4.6071811E-04   4.6071811E-04   4.6071811E-04   3.5652408E-03
   4.6071811E-04   4.6071811E-04   4.6071811E-04   3.5652408E-03   1.9125737E-05
   1.9125737E-05   1.9125737E-05   1.9125737E-05   1.9125737E-05   1.9125737E-05
   2.1582646E-05   2.6162303E-03   2.6162303E-03   2.6162303E-03   4.4414538E-03
   4.7682144E-04   4.7682144E-04   4.7682144E-04   1.0062805E-02   2.5847017E-02
   1.0736700E-03   1.0062805E-02   1.0062805E-02   4.7682144E-04   4.7682144E-04
   4.7682144E-04   4.6092621E-03   4.6092621E-03   4.6092621E-03   3.0645761E-02
   3.9267876E-02   3.9267876E-02   3.9267876E-02   1.7882000E-03   1.7882000E-03
   2.4965120E-03   2.4965120E-03   2.4965120E-03   3.9267876E-02   3.9267876E-02
   3.9267876E-02   1.7882000E-03   3.9267876E-02   3.9267876E-02   3.9267876E-02
   1.3900485E-01   3.9267876E-02   3.9267876E-02   3.9267876E-02   1.7882000E-03
   3.9267876E-02   3.9267876E-02   1.7882000E-03   2.4965120E-03   2.4965120E-03
   2.4965120E-03   1.3900485E-01   2.6506547E-03   8.1640524E-02   8.1640524E-02
   8.1640524E-02   2.6506547E-03   1.1061115E-03   1.1061115E-03   1.1061115E-03
   2.6506547E-03   8.1640524E-02   8.1640524E-02   8.1640524E-02   1.0293209E-03

   1.4530208E+03   1.3066325E+00   1.8340066E+08   1.8957601E+00   5.6220251E-05   2.7667114E+03   1.0000000E+00    12 
   1.4828814E-04   2.8749886E-04   2.8749886E-04   2.8749886E-04   2.6436000E-05
   4.8747733E-05   2.5598254E-05   2.5598254E-05   2.5598254E-05   8.1461998E-05
   8.1461998E-05   8.1461998E-05   1.1776424E-05   2.2030500E-05   1.7033446E-04
   1.2016928E-04   5.0236426E-04   5.0236426E-04   5.0236426E-04   3.7207141E-03
   5.0236426E-04   5.0236426E-04   5.0236426E-04   3.7207141E-03   2.3386365E-05
   2.3386365E-05   2.3386365E-05   2.3386365E-05   2.3386365E-05   2.3386365E-05
   3.3107441E-05   2.8103436E-03   2.8103436E-03   2.8103436E-03   4.8288119E-03
   5.1486100E-04   5.1486100E-04   5.1486100E-04   1.0415085E-02   2.7180002E-02
   1.3690870E-03   1.0415085E-02   1.0415085E-02   5.1486100E-04   5.1486100E-04
   5.1486100E-04   4.8787983E-03   4.8787983E-03   4.8787983E-03   3.5032906E-02
   4.0917725E-02   4.0917725E-02   4.0917725E-02   2.0426311E-03   2.0426311E-03
   2.6324056E-03   2.6324056E-03   2.6324056E-03   4.0917725E-02   4.0917725E-02
   4.0917725E-02   2.0426311E-03   4.0917725E-02   4.0917725E-02   4.0917725E-02
   1.4493384E-01   4.0917725E-02   4.0917725E-02   4.0917725E-02   2.0426311E-03
   4.0917725E-02   4.0917725E-02   2.0426311E-03   2.6324056E-03   2.6324056E-03
   2.6324056E-03   1.4493384E-01   3.1290954E-03   8.3378487E-02   8.3378487E-02
   8.3378487E-02   3.1290954E-03   1.2843900E-03   1.2843900E-03   1.2843900E-03
   3.1290954E-03   8.3378487E-02   8.3378487E-02   8.3378487E-02   1.1344470E-03

   1.0915123E+03   2.0906355E+00   3.3344042E+08   1.9147175E+00   5.4434622E-05   2.6967212E+03   1.0000000E+00    13 
   1.0926689E-04   2.0545498E-04   2.0545498E-04   2.0545498E-04   3.3419827E-05
   5.6174661E-05   3.0999580E-05   3.0999580E-05   3.0999580E-05   9.4593877E-05
   9.4593877E-05   9.4593877E-05   1.5075768E-05   2.9533916E-05   2.3702110E-04
   1.4249688E-04   5.6402190E-04   5.6402190E-04   5.6402190E-04   3.9268891E-03
   5.6402190E-04   5.6402190E-04   5.6402190E-04   3.9268891E-03   3.1192366E-05
   3.1192366E-05   3.1192366E-05   3.1192366E-05   3.1192366E-05   3.1192366E-05
   5.4393365E-05   3.0882268E-03   3.0882268E-03   3.0882268E-03   5.3510656E-03
   5.7339699E-04   5.7339699E-04   5.7339699E-04   1.0825919E-02   2.8952008E-02
   1.8295761E-03   1.0825919E-02   1.0825919E-02   5.7339699E-04   5.7339699E-04
   5.7339699E-04   5.2705472E-03   5.2705472E-03   5.2705472E-03   3.9344111E-02
   4.3173928E-02   4.3173928E-02   4.3173928E-02   2.4750703E-03   2.4750703E-03
   2.8401625E-03   2.8401625E-03   2.8401625E-03   4.3173928E-02   4.3173928E-02
   4.3173928E-02   2.4750703E-03   4.3173928E-02   4.3173928E-02   4.3173928E-02
   1.5250143E-01   4.3173928E-02   4.3173928E-02   4.3173928E-02   2.4750703E-03
   4.3173928E-02   4.3173928E-02   2.4750703E-03   2.8401625E-03   2.8401625E-03
   2.8401625E-03   1.5250143E-01   3.9644729E-03   8.5532684E-02   8.5532684E-02
   8.5532684E-02   3.9644729E-03   1.5909134E-03   1.5909134E-03   1.5909134E-03
   3.9644729E-03   8.5532684E-02   8.5532684E-02   8.5532684E-02   1.3131628E-03

   8.2390322E+02   3.2086909E+00   6.0578738E+08   1.9422445E+00   5.1877133E-05   2.6052265E+03   1.0000000E+00    14 
   9.0815921E-05   1.6369841E-04   1.6369841E-04   1.6369841E-04   4.5714905E-05
   6.8368827E-05   4.0465752E-05   4.0465752E-05   4.0465752E-05   1.1703843E-04
   1.1703843E-04   1.1703843E-04   2.1834083E-05   4.4748092E-05   3.5256333E-04
   1.7865196E-04   6.6154094E-04   6.6154094E-04   6.6154094E-04   4.2058535E-03
   6.6154094E-04   6.6154094E-04   6.6154094E-04   4.2058535E-03   4.6303694E-05
   4.6303694E-05   4.6303694E-05   4.6303694E-05   4.6303694E-05   4.6303694E-05
   9.4342975E-05   3.5160289E-03   3.5160289E-03   3.5160289E-03   6.1529567E-03
   6.6779089E-04   6.6779089E-04   6.6779089E-04   1.1476653E-02   3.1543345E-02
   2.6597814E-03   1.1476653E-02   1.1476653E-02   6.6779089E-04   6.6779089E-04
   6.6779089E-04   5.8554181E-03   5.8554181E-03   5.8554181E-03   4.5736039E-02
   4.6249038E-02   4.6249038E-02   4.6249038E-02   3.2195356E-03   3.2195356E-03
   3.1822079E-03   3.1822079E-03   3.1822079E-03   4.6249038E-02   4.6249038E-02
   4.6249038E-02   3.2195356E-03   4.6249038E-02   4.6249038E-02   4.6249038E-02
   1.6242949E-01   4.6249038E-02   4.6249038E-02   4.6249038E-02   3.2195356E-03
   4.6249038E-02   4.6249038E-02   3.2195356E-03   3.1822079E-03   3.1822079E-03
   3.1822079E-03   1.6242949E-01   5.4196030E-03   8.8547482E-02   8.8547482E-02
   8.8547482E-02   5.4196030E-03   2.1267556E-03   2.1267556E-03   2.1267556E-03
   5.4196030E-03   8.8547482E-02   8.8547482E-02   8.8547482E-02   1.6219943E-03

   6.2602163E+02   4.6506817E+00   1.0976257E+09   1.9845700E+00   4.8296415E-05   2.4905748E+03   1.0000000E+00    15 
   9.2399953E-05   1.5626562E-04   1.5626562E-04   1.5626562E-04   7.1668691E-05
   9.1134604E-05   5.9759528E-05   5.9759528E-05   5.9759528E-05   1.6106678E-04
   1.6106678E-04   1.6106678E-04   3.7839953E-05   7.9243785E-05   5.7371433E-04
   2.3951008E-04   8.3423266E-04   8.3423266E-04   8.3423266E-04   4.6082532E-03
   8.3423266E-04   8.3423266E-04   8.3423266E-04   4.6082532E-03   7.8330461E-05
   7.8330461E-05   7.8330461E-05   7.8330461E-05   7.8330461E-05   7.8330461E-05
   1.7140561E-04   4.2399251E-03   4.2399251E-03   4.2399251E-03   7.5016300E-03
   8.3492943E-04   8.3492943E-04   8.3492943E-04   1.2704973E-02   3.5838485E-02
   4.2194063E-03   1.2704973E-02   1.2704973E-02   8.3492943E-04   8.3492943E-04
   8.3492943E-04   6.8050734E-03   6.8050734E-03   6.8050734E-03   5.5054619E-02
   5.0734173E-02   5.0734173E-02   5.0734173E-02   4.5153901E-03   4.5153901E-03
   3.7860463E-03   3.7860463E-03   3.7860463E-03   5.0734173E-02   5.0734173E-02
   5.0734173E-02   4.5153901E-03   5.0734173E-02   5.0734173E-02   5.0734173E-02
   1.7691807E-01   5.0734173E-02   5.0734173E-02   5.0734173E-02   4.5153901E-03
   5.0734173E-02   5.0734173E-02   4.5153901E-03   3.7860463E-03   3.7860463E-03
   3.7860463E-03   1.7691807E-01   7.9861847E-03   9.3176065E-02   9.3176065E-02
   9.3176065E-02   7.9861847E-03   3.0902288E-03   3.0902288E-03   3.0902288E-03
   7.9861847E-03   9.3176065E-02   9.3176065E-02   9.3176065E-02   2.1699633E-03

   4.7890745E+02   6.2845961E+00   1.9914092E+09   2.0523961E+00   4.3566427E-05   2.3458450E+03   1.0000000E+00    16 
   1.2960175E-04   1.9868032E-04   1.9868032E-04   1.9868032E-04   1.4159447E-04
   1.4236602E-04   1.0707940E-04   1.0707940E-04   1.0707940E-04   2.6397653E-04
   2.6397653E-04   2.6397653E-04   8.3807201E-05   1.7113061E-04   1.0737188E-03
   3.6020041E-04   1.1867128E-03   1.1867128E-03   1.1867128E-03   5.2773490E-03
   1.1867128E-03   1.1867128E-03   1.1867128E-03   5.2773490E-03   1.5561189E-04
   1.5561189E-04   1.5561189E-04   1.5561189E-04   1.5561189E-04   1.5561189E-04
   3.3173175E-04   5.6234017E-03   5.6234017E-03   5.6234017E-03   1.0054224E-02
   1.1694829E-03   1.1694829E-03   1.1694829E-03   1.5077174E-02   4.3882593E-02
   7.4481298E-03   1.5077174E-02   1.5077174E-02   1.1694829E-03   1.1694829E-03
   1.1694829E-03   8.5272647E-03   8.5272647E-03   8.5272647E-03   6.9967900E-02
   5.8025729E-02   5.8025729E-02   5.8025729E-02   6.7981057E-03   6.7981057E-03
   4.9690193E-03   4.9690193E-03   4.9690193E-03   5.8025729E-02   5.8025729E-02
   5.8025729E-02   6.7981057E-03   5.8025729E-02   5.8025729E-02   5.8025729E-02
   2.0102208E-01   5.8025729E-02   5.8025729E-02   5.8025729E-02   6.7981057E-03
   5.8025729E-02   5.8025729E-02   6.7981057E-03   4.9690193E-03   4.9690193E-03
   4.9690193E-03   2.0102208E-01   1.2782091E-02   1.0170156E-01   1.0170156E-01
   1.0170156E-01   1.2782091E-02   4.9141651E-03   4.9141651E-03   4.9141651E-03
   1.2782091E-02   1.0170156E-01   1.0170156E-01   1.0170156E-01   3.1935569E-03

   3.6959393E+02   7.9030803E+00   3.6315609E+09   2.1590312E+00   3.7747610E-05   2.1600962E+03   1.0000000E+00    17 
   2.7595343E-04   3.7011006E-04   3.7011006E-04   3.7011006E-04   3.7972889E-04
   2.9601563E-04   2.4924851E-04   2.4924851E-04   2.4924851E-04   5.4704109E-04
   5.4704109E-04   5.4704109E-04   2.4933616E-04   4.6084715E-04   2.4226552E-03
   7.2909900E-04   1.9967513E-03   1.9967513E-03   1.9967513E-03   6.9157701E-03
   1.9967513E-03   1.9967513E-03   1.9967513E-03   6.9157701E-03   3.6931911E-04
   3.6931911E-04   3.6931911E-04   3.6931911E-04   3.6931911E-04   3.6931911E-04
   7.3892059E-04   8.4270786E-03   8.4270786E-03   8.4270786E-03   1.5332626E-02
   1.9201904E-03   1.9201904E-03   1.9201904E-03   1.9800855E-02   5.9681678E-02
   1.4998287E-02   1.9800855E-02   1.9800855E-02   1.9201904E-03   1.9201904E-03
   1.9201904E-03   1.1944152E-02   1.1944152E-02   1.1944152E-02   9.4984139E-02
   7.0938066E-02   7.0938066E-02   7.0938066E-02   1.0959664E-02   1.0959664E-02
   7.4101092E-03   7.4101092E-03   7.4101092E-03   7.0938066E-02   7.0938066E-02
   7.0938066E-02   1.0959664E-02   7.0938066E-02   7.0938066E-02   7.0938066E-02
   2.4309624E-01   7.0938066E-02   7.0938066E-02   7.0938066E-02   1.0959664E-02
   7.0938066E-02   7.0938066E-02   1.0959664E-02   7.4101092E-03   7.4101092E-03
   7.4101092E-03   2.4309624E-01   2.2153204E-02   1.1689629E-01   1.1689629E-01
   1.1689629E-01   2.2153204E-02   8.6015511E-03   8.6015511E-03   8.6015511E-03
   2.2153204E-02   1.1689629E-01   1.1689629E-01   1.1689629E-01   5.3584936E-03

   2.8900439E+02   9.6356560E+00   6.6747743E+09   2.3126674E+00   3.1108821E-05   1.9223545E+03   1.0000000E+00    18 
   8.4123726E-04   9.8796121E-04   9.8796121E-04   9.8796121E-04   1.2724698E-03
   9.1336650E-04   7.4262464E-04   7.4262464E-04   7.4262464E-04   1.4102484E-03
   1.4102484E-03   1.4102484E-03   8.8035347E-04   1.4348653E-03   6.4041531E-03
   2.2747320E-03   4.0186969E-03   4.0186969E-03   4.0186969E-03   1.2486129E-02
   4.0186969E-03   4.0186969E-03   4.0186969E-03   1.2486129E-02   1.0172412E-03
   1.0172412E-03   1.0172412E-03   1.0172412E-03   1.0172412E-03   1.0172412E-03
   2.0784916E-03   1.3955619E-02   1.3955619E-02   1.3955619E-02   2.6403933E-02
   3.7645725E-03   3.7645725E-03   3.7645725E-03   2.8362961E-02   9.0630603E-02
   3.2502508E-02   2.8362961E-02   2.8362961E-02   3.7645725E-03   3.7645725E-03
   3.7645725E-03   1.9209321E-02   1.9209321E-02   1.9209321E-02   1.3416273E-01
   9.5596397E-02   9.5596397E-02   9.5596397E-02   1.9802528E-02   1.9802528E-02
   1.2287066E-02   1.2287066E-02   1.2287066E-02   9.5596397E-02   9.5596397E-02
   9.5596397E-02   1.9802528E-02   9.5596397E-02   9.5596397E-02   9.5596397E-02
   3.1466826E-01   9.5596397E-02   9.5596397E-02   9.5596397E-02   1.9802528E-02
   9.5596397E-02   9.5596397E-02   1.9802528E-02   1.2287066E-02   1.2287066E-02
   1.2287066E-02   3.1466826E-01   3.7665771E-02   1.3795859E-01   1.3795859E-01
   1.3795859E-01   3.7665771E-02   1.6217262E-02   1.6217262E-02   1.6217262E-02
   3.7665771E-02   1.3795859E-01   1.3795859E-01   1.3795859E-01   1.0479826E-02

   2.3028591E+02   1.1788379E+01   1.2204120E+10   2.5283629E+00   2.4134017E-05   1.6561071E+03   1.0000000E+00    19 
   3.5405370E-03   3.7186935E-03   3.7186935E-03   3.7186935E-03   5.5476353E-03
   3.3876921E-03   2.7529895E-03   2.7529895E-03   2.7529895E-03   4.5061591E-03
   4.5061591E-03   4.5061591E-03   3.4702437E-03   5.4984600E-03   1.9105520E-02
   9.0098328E-03   9.8187072E-03   9.8187072E-03   9.8187072E-03   2.3370248E-02
   9.8187072E-03   9.8187072E-03   9.8187072E-03   2.3370248E-02   3.1403899E-03
   3.1403899E-03   3.1403899E-03   3.1403899E-03   3.1403899E-03   3.1403899E-03
   6.0468097E-03   2.5842423E-02   2.5842423E-02   2.5842423E-02   5.0182244E-02
   8.5928513E-03   8.5928513E-03   8.5928513E-03   4.4280505E-02   1.6346683E-01
   7.3940497E-02   4.4280505E-02   4.4280505E-02   8.5928513E-03   8.5928513E-03
   8.5928513E-03   3.5455853E-02   3.5455853E-02   3.5455853E-02   1.9270412E-01
   1.4427327E-01   1.4427327E-01   1.4427327E-01   4.2299237E-02   4.2299237E-02
   2.2609228E-02   2.2609228E-02   2.2609228E-02   1.4427327E-01   1.4427327E-01
   1.4427327E-01   4.2299237E-02   1.4427327E-01   1.4427327E-01   1.4427327E-01
   4.2946736E-01   1.4427327E-01   1.4427327E-01   1.4427327E-01   4.2299237E-02
   1.4427327E-01   1.4427327E-01   4.2299237E-02   2.2609228E-02   2.2609228E-02
   2.2609228E-02   4.2946736E-01   5.7297768E-02   1.6396001E-01   1.6396001E-01
   1.6396001E-01   5.7297768E-02   3.1560567E-02   3.1560567E-02   3.1560567E-02
   5.7297768E-02   1.6396001E-01   1.6396001E-01   1.6396001E-01   2.2233299E-02

   1.8732298E+02   1.4533764E+01   2.2558788E+10   2.8072781E+00   1.9357805E-05   1.3541399E+03   1.0000000E+00    20 
   1.7852642E-02   1.6304231E-02   1.6304231E-02   1.6304231E-02   2.3867782E-02
   1.1905675E-02   1.1269848E-02   1.1269848E-02   1.1269848E-02   1.5320798E-02
   1.5320798E-02   1.5320798E-02   1.4219650E-02   1.9085368E-02   5.7603819E-02
   3.2442150E-02   2.6007007E-02   2.6007007E-02   2.6007007E-02   3.7845675E-02
   2.6007007E-02   2.6007007E-02   2.6007007E-02   3.7845675E-02   1.0092341E-02
   1.0092341E-02   1.0092341E-02   1.0092341E-02   1.0092341E-02   1.0092341E-02
   1.5145991E-02   5.2641120E-02   5.2641120E-02   5.2641120E-02   8.9743704E-02
   2.0237904E-02   2.0237904E-02   2.0237904E-02   7.4266505E-02   3.0575019E-01
   1.4810467E-01   7.4266505E-02   7.4266505E-02   2.0237904E-02   2.0237904E-02
   2.0237904E-02   6.7587896E-02   6.7587896E-02   6.7587896E-02   2.8494137E-01
   2.2084211E-01   2.2084211E-01   2.2084211E-01   7.4995448E-02   7.4995448E-02
   4.5202726E-02   4.5202726E-02   4.5202726E-02   2.2084211E-01   2.2084211E-01
   2.2084211E-01   7.4995448E-02   2.2084211E-01   2.2084211E-01   2.2084211E-01
   5.1816877E-01   2.2084211E-01   2.2084211E-01   2.2084211E-01   7.4995448E-02
   2.2084211E-01   2.2084211E-01   7.4995448E-02   4.5202726E-02   4.5202726E-02
   4.5202726E-02   5.1816877E-01   8.7802435E-02   2.1161345E-01   2.1161345E-01
   2.1161345E-01   8.7802435E-02   5.9417560E-02   5.9417560E-02   5.9417560E-02
   8.7802435E-02   2.1161345E-01   2.1161345E-01   2.1161345E-01   4.2885375E-02

   1.5629712E+02   1.8990108E+01   4.2646154E+10   3.1032329E+00   1.6566858E-05   1.0289587E+03   1.0000000E+00    21 
   6.7851938E-02   5.5323699E-02   5.5323699E-02   5.5323699E-02   5.9364833E-02
   4.1373594E-02   4.0145634E-02   4.0145634E-02   4.0145634E-02   4.3902150E-02
   4.3902150E-02   4.3902150E-02   3.3445384E-02   4.3758936E-02   1.4211287E-01
   7.0393283E-02   5.7537761E-02   5.7537761E-02   5.7537761E-02   1.0354257E-01
   5.7537761E-02   5.7537761E-02   5.7537761E-02   1.0354257E-01   2.8559685E-02
   2.8559685E-02   2.8559685E-02   2.8559685E-02   2.8559685E-02   2.8559685E-02
   4.2185696E-02   9.5855473E-02   9.5855473E-02   9.5855473E-02   1.3765246E-01
   4.6013505E-02   4.6013505E-02   4.6013505E-02   1.1680831E-01   4.9341908E-01
   2.1318676E-01   1.1680831E-01   1.1680831E-01   4.6013505E-02   4.6013505E-02
   4.6013505E-02   1.1484121E-01   1.1484121E-01   1.1484121E-01   3.9213916E-01
   2.8010428E-01   2.8010428E-01   2.8010428E-01   1.1945618E-01   1.1945618E-01
   8.4432744E-02   8.4432744E-02   8.4432744E-02   2.8010428E-01   2.8010428E-01
   2.8010428E-01   1.1945618E-01   2.8010428E-01   2.8010428E-01   2.8010428E-01
   5.0280049E-01   2.8010428E-01   2.8010428E-01   2.8010428E-01   1.1945618E-01
   2.8010428E-01   2.8010428E-01   1.1945618E-01   8.4432744E-02   8.4432744E-02
   8.4432744E-02   5.0280049E-01   1.2670149E-01   2.7124345E-01   2.7124345E-01
   2.7124345E-01   1.2670149E-01   1.0726344E-01   1.0726344E-01   1.0726344E-01
   1.2670149E-01   2.7124345E-01   2.7124345E-01   2.7124345E-01   7.1878913E-02

   1.3525275E+02   2.6548048E+01   8.0502317E+10   3.4279018E+00   1.7959677E-05   7.2792964E+02   1.0000000E+00    22 
   2.8039218E-01   1.6627798E-01   1.6627798E-01   1.6627798E-01   1.6106509E-01
   8.4004087E-02   1.0972801E-01   1.0972801E-01   1.0972801E-01   1.1352525E-01
   1.1352525E-01   1.1352525E-01   8.4907298E-02   8.6070794E-02   3.3304123E-01
   1.8275166E-01   1.1908459E-01   1.1908459E-01   1.1908459E-01   1.0385873E-01
   1.1908459E-01   1.1908459E-01   1.1908459E-01   1.0385873E-01   6.7208982E-02
   6.7208982E-02   6.7208982E-02   6.7208982E-02   6.7208982E-02   6.7208982E-02
   7.4095042E-02   1.7831830E-01   1.7831830E-01   1.7831830E-01   2.1776412E-01
   8.7949616E-02   8.7949616E-02   8.7949616E-02   1.8211571E-01   6.2997313E-01
   3.2273599E-01   1.8211571E-01   1.8211571E-01   8.7949616E-02   8.7949616E-02
   8.7949616E-02   1.8275971E-01   1.8275971E-01   1.8275971E-01   6.0966600E-01
   3.5421679E-01   3.5421679E-01   3.5421679E-01   1.4060295E-01   1.4060295E-01
   1.5031419E-01   1.5031419E-01   1.5031419E-01   3.5421679E-01   3.5421679E-01
   3.5421679E-01   1.4060295E-01   3.5421679E-01   3.5421679E-01   3.5421679E-01
   6.9617904E-01   3.5421679E-01   3.5421679E-01   3.5421679E-01   1.4060295E-01
   3.5421679E-01   3.5421679E-01   1.4060295E-01   1.5031419E-01   1.5031419E-01
   1.5031419E-01   6.9617904E-01   1.6771497E-01   3.6161769E-01   3.6161769E-01
   3.6161769E-01   1.6771497E-01   1.7690050E-01   1.7690050E-01   1.7690050E-01
   1.6771497E-01   3.6161769E-01   3.6161769E-01   3.6161769E-01   9.8571708E-02

   1.2356812E+02   4.1496739E+01   1.3634361E+11   3.6397230E+00   1.7751445E-05   5.1492786E+02   1.0000000E+00    23 
   4.6493930E-01   2.8839848E-01   2.8839848E-01   2.8839848E-01   2.5498970E-01
   1.5299639E-01   1.9214291E-01   1.9214291E-01   1.9214291E-01   1.7647271E-01
   1.7647271E-01   1.7647271E-01   1.2486734E-01   1.5110331E-01   4.6066839E-01
   2.7656645E-01   1.7786360E-01   1.7786360E-01   1.7786360E-01   1.7764894E-01
   1.7786360E-01   1.7786360E-01   1.7786360E-01   1.7764894E-01   1.0920895E-01
   1.0920895E-01   1.0920895E-01   1.0920895E-01   1.0920895E-01   1.0920895E-01
   1.2090007E-01   2.3260936E-01   2.3260936E-01   2.3260936E-01   2.7540744E-01
   1.3364019E-01   1.3364019E-01   1.3364019E-01   2.2589042E-01   8.6544983E-01
   3.9984279E-01   2.2589042E-01   2.2589042E-01   1.3364019E-01   1.3364019E-01
   1.3364019E-01   2.4394634E-01   2.4394634E-01   2.4394634E-01   6.6315669E-01
   4.0637618E-01   4.0637618E-01   4.0637618E-01   1.7435685E-01   1.7435685E-01
   1.9922079E-01   1.9922079E-01   1.9922079E-01   4.0637618E-01   4.0637618E-01
   4.0637618E-01   1.7435685E-01   4.0637618E-01   4.0637618E-01   4.0637618E-01
   6.9814492E-01   4.0637618E-01   4.0637618E-01   4.0637618E-01   1.7435685E-01
   4.0637618E-01   4.0637618E-01   1.7435685E-01   1.9922079E-01   1.9922079E-01
   1.9922079E-01   6.9814492E-01   2.0067078E-01   3.7599973E-01   3.7599973E-01
   3.7599973E-01   2.0067078E-01   2.3531915E-01   2.3531915E-01   2.3531915E-01
   2.0067078E-01   3.7599973E-01   3.7599973E-01   3.7599973E-01   1.5850942E-01

   1.1645889E+02   6.6687476E+01   2.1691488E+11   3.7978819E+00   1.8985912E-05   3.6438532E+02   1.0000000E+00    24 
   6.2999779E-01   4.0200582E-01   4.0200582E-01   4.0200582E-01   3.4272288E-01
   2.2149780E-01   2.7155783E-01   2.7155783E-01   2.7155783E-01   2.4639161E-01
   2.4639161E-01   2.4639161E-01   1.6056052E-01   2.1027068E-01   5.6465142E-01
   3.4041012E-01   2.2972406E-01   2.2972406E-01   2.2972406E-01   2.4105163E-01
   2.2972406E-01   2.2972406E-01   2.2972406E-01   2.4105163E-01   1.4638665E-01
   1.4638665E-01   1.4638665E-01   1.4638665E-01   1.4638665E-01   1.4638665E-01
   1.6505178E-01   2.8000044E-01   2.8000044E-01   2.8000044E-01   3.1172815E-01
   1.8253099E-01   1.8253099E-01   1.8253099E-01   2.6667540E-01   9.4875836E-01
   4.5842072E-01   2.6667540E-01   2.6667540E-01   1.8253099E-01   1.8253099E-01
   1.8253099E-01   2.9902498E-01   2.9902498E-01   2.9902498E-01   6.1398334E-01
   4.2753737E-01   4.2753737E-01   4.2753737E-01   2.1354361E-01   2.1354361E-01
   2.4744061E-01   2.4744061E-01   2.4744061E-01   4.2753737E-01   4.2753737E-01
   4.2753737E-01   2.1354361E-01   4.2753737E-01   4.2753737E-01   4.2753737E-01
   6.7668879E-01   4.2753737E-01   4.2753737E-01   4.2753737E-01   2.1354361E-01
   4.2753737E-01   4.2753737E-01   2.1354361E-01   2.4744061E-01   2.4744061E-01
   2.4744061E-01   6.7668879E-01   2.3667836E-01   3.5242712E-01   3.5242712E-01
   3.5242712E-01   2.3667836E-01   2.8529985E-01   2.8529985E-01   2.8529985E-01
   2.3667836E-01   3.5242712E-01   3.5242712E-01   3.5242712E-01   2.1391390E-01

   1.1191196E+02   1.0686428E+02   3.3092522E+11   3.9319166E+00   2.0498064E-05   2.5864938E+02   1.0000000E+00    25 
   7.5170993E-01   5.2399309E-01   5.2399309E-01   5.2399309E-01   4.7482954E-01
   2.9732095E-01   3.5246103E-01   3.5246103E-01   3.5246103E-01   3.1376734E-01
   3.1376734E-01   3.1376734E-01   1.8399934E-01   2.8074521E-01   6.6305528E-01
   4.3509177E-01   2.8648707E-01   2.8648707E-01   2.8648707E-01   2.8255142E-01
   2.8648707E-01   2.8648707E-01   2.8648707E-01   2.8255142E-01   1.8493745E-01
   1.8493745E-01   1.8493745E-01   1.8493745E-01   1.8493745E-01   1.8493745E-01
   2.1480262E-01   3.4166639E-01   3.4166639E-01   3.4166639E-01   3.3218048E-01
   2.2809625E-01   2.2809625E-01   2.2809625E-01   2.9395536E-01   9.3539573E-01
   5.4180455E-01   2.9395536E-01   2.9395536E-01   2.2809625E-01   2.2809625E-01
   2.2809625E-01   3.5803351E-01   3.5803351E-01   3.5803351E-01   5.3515191E-01
   4.7963035E-01   4.7963035E-01   4.7963035E-01   2.7164848E-01   2.7164848E-01
   2.9585218E-01   2.9585218E-01   2.9585218E-01   4.7963035E-01   4.7963035E-01
   4.7963035E-01   2.7164848E-01   4.7963035E-01   4.7963035E-01   4.7963035E-01
   6.4346393E-01   4.7963035E-01   4.7963035E-01   4.7963035E-01   2.7164848E-01
   4.7963035E-01   4.7963035E-01   2.7164848E-01   2.9585218E-01   2.9585218E-01
   2.9585218E-01   6.4346393E-01   2.6475183E-01   3.7898955E-01   3.7898955E-01
   3.7898955E-01   2.6475183E-01   3.1979184E-01   3.1979184E-01   3.1979184E-01
   2.6475183E-01   3.7898955E-01   3.7898955E-01   3.7898955E-01   2.5888705E-01

   1.0890312E+02   1.7974447E+02   4.9287427E+11   4.0198827E+00   2.3375269E-05   1.8338929E+02   1.0000000E+00    26 
   7.8140537E-01   5.9723780E-01   5.9723780E-01   5.9723780E-01   5.5054349E-01
   3.5950984E-01   4.0259794E-01   4.0259794E-01   4.0259794E-01   3.5442126E-01
   3.5442126E-01   3.5442126E-01   2.1720054E-01   3.2136244E-01   7.0985347E-01
   4.9744919E-01   3.2897433E-01   3.2897433E-01   3.2897433E-01   3.2831568E-01
   3.2897433E-01   3.2897433E-01   3.2897433E-01   3.2831568E-01   2.2205083E-01
   2.2205083E-01   2.2205083E-01   2.2205083E-01   2.2205083E-01   2.2205083E-01
   2.6166670E-01   3.8638040E-01   3.8638040E-01   3.8638040E-01   3.3608813E-01
   2.5976325E-01   2.5976325E-01   2.5976325E-01   3.0352853E-01   8.6981792E-01
   5.9151353E-01   3.0352853E-01   3.0352853E-01   2.5976325E-01   2.5976325E-01
   2.5976325E-01   3.9525638E-01   3.9525638E-01   3.9525638E-01   5.1613609E-01
   5.2053402E-01   5.2053402E-01   5.2053402E-01   3.1219041E-01   3.1219041E-01
   3.3287325E-01   3.3287325E-01   3.3287325E-01   5.2053402E-01   5.2053402E-01
   5.2053402E-01   3.1219041E-01   5.2053402E-01   5.2053402E-01   5.2053402E-01
   5.8978872E-01   5.2053402E-01   5.2053402E-01   5.2053402E-01   3.1219041E-01
   5.2053402E-01   5.2053402E-01   3.1219041E-01   3.3287325E-01   3.3287325E-01
   3.3287325E-01   5.8978872E-01   2.8136327E-01   4.2657356E-01   4.2657356E-01
   4.2657356E-01   2.8136327E-01   3.4846840E-01   3.4846840E-01   3.4846840E-01
   2.8136327E-01   4.2657356E-01   4.2657356E-01   4.2657356E-01   2.8060129E-01

   1.0686730E+02   3.3593840E+02   7.2115837E+11   4.0754363E+00   2.7861654E-05   1.3015632E+02   1.0000000E+00    27 
   7.6090312E-01   6.2343323E-01   6.2343323E-01   6.2343323E-01   5.6114683E-01
   4.0449634E-01   4.2755975E-01   4.2755975E-01   4.2755975E-01   3.7773128E-01
   3.7773128E-01   3.7773128E-01   2.6601534E-01   3.3297171E-01   7.1866289E-01
   5.1432311E-01   3.5572110E-01   3.5572110E-01   3.5572110E-01   3.8550786E-01
   3.5572110E-01   3.5572110E-01   3.5572110E-01   3.8550786E-01   2.5045192E-01
   2.5045192E-01   2.5045192E-01   2.5045192E-01   2.5045192E-01   2.5045192E-01
   3.0186475E-01   4.1255076E-01   4.1255076E-01   4.1255076E-01   3.4644975E-01
   2.8299402E-01   2.8299402E-01   2.8299402E-01   3.0743451E-01   7.9199826E-01
   6.0585149E-01   3.0743451E-01   3.0743451E-01   2.8299402E-01   2.8299402E-01
   2.8299402E-01   4.1587186E-01   4.1587186E-01   4.1587186E-01   5.1129807E-01
   5.4032918E-01   5.4032918E-01   5.4032918E-01   3.3499300E-01   3.3499300E-01
   3.6055801E-01   3.6055801E-01   3.6055801E-01   5.4032918E-01   5.4032918E-01
   5.4032918E-01   3.3499300E-01   5.4032918E-01   5.4032918E-01   5.4032918E-01
   5.4798912E-01   5.4032918E-01   5.4032918E-01   5.4032918E-01   3.3499300E-01
   5.4032918E-01   5.4032918E-01   3.3499300E-01   3.6055801E-01   3.6055801E-01
   3.6055801E-01   5.4798912E-01   2.9763063E-01   4.6766005E-01   4.6766005E-01
   4.6766005E-01   2.9763063E-01   3.8180113E-01   3.8180113E-01   3.8180113E-01
   2.9763063E-01   4.6766005E-01   4.6766005E-01   4.6766005E-01   2.8380345E-01

   1.0545841E+02   6.7376163E+02   1.0448504E+12   4.1113438E+00   3.4192830E-05   9.2249065E+01   1.0000000E+00    28 
   7.1543948E-01   6.2237175E-01   6.2237175E-01   6.2237175E-01   5.3942342E-01
   4.3382440E-01   4.3852769E-01   4.3852769E-01   4.3852769E-01   3.9126225E-01
   3.9126225E-01   3.9126225E-01   2.9738971E-01   3.3192387E-01   7.1241495E-01
   5.0536735E-01   3.7078823E-01   3.7078823E-01   3.7078823E-01   4.4548368E-01
   3.7078823E-01   3.7078823E-01   3.7078823E-01   4.4548368E-01   2.6950268E-01
   2.6950268E-01   2.6950268E-01   2.6950268E-01   2.6950268E-01   2.6950268E-01
   3.3414645E-01   4.2766603E-01   4.2766603E-01   4.2766603E-01   3.7086612E-01
   3.0041438E-01   3.0041438E-01   3.0041438E-01   3.0701964E-01   7.2944083E-01
   6.0540851E-01   3.0701964E-01   3.0701964E-01   3.0041438E-01   3.0041438E-01
   3.0041438E-01   4.2753909E-01   4.2753909E-01   4.2753909E-01   5.0959386E-01
   5.4424610E-01   5.4424610E-01   5.4424610E-01   3.5017304E-01   3.5017304E-01
   3.8080871E-01   3.8080871E-01   3.8080871E-01   5.4424610E-01   5.4424610E-01
   5.4424610E-01   3.5017304E-01   5.4424610E-01   5.4424610E-01   5.4424610E-01
   5.3958264E-01   5.4424610E-01   5.4424610E-01   5.4424610E-01   3.5017304E-01
   5.4424610E-01   5.4424610E-01   3.5017304E-01   3.8080871E-01   3.8080871E-01
   3.8080871E-01   5.3958264E-01   3.1711052E-01   4.9207676E-01   4.9207676E-01
   4.9207676E-01   3.1711052E-01   4.1113481E-01   4.1113481E-01   4.1113481E-01
   3.1711052E-01   4.9207676E-01   4.9207676E-01   4.9207676E-01   2.7989113E-01

   1.0447983E+02   1.3989013E+03   1.5062157E+12   4.1367293E+00   4.3130062E-05   6.5195373E+01   1.0000000E+00    29 
   6.6982066E-01   6.1271948E-01   6.1271948E-01   6.1271948E-01   5.1310326E-01
   4.5169769E-01   4.4562003E-01   4.4562003E-01   4.4562003E-01   3.9947778E-01
   3.9947778E-01   3.9947778E-01   3.1198112E-01   3.2966990E-01   7.0612651E-01
   4.9108465E-01   3.8028146E-01   3.8028146E-01   3.8028146E-01   4.9508314E-01
   3.8028146E-01   3.8028146E-01   3.8028146E-01   4.9508314E-01   2.8412406E-01
   2.8412406E-01   2.8412406E-01   2.8412406E-01   2.8412406E-01   2.8412406E-01
   3.5898243E-01   4.3820136E-01   4.3820136E-01   4.3820136E-01   3.9984752E-01
   3.1404362E-01   3.1404362E-01   3.1404362E-01   3.0709071E-01   6.8098715E-01
   6.0345557E-01   3.0709071E-01   3.0709071E-01   3.1404362E-01   3.1404362E-01
   3.1404362E-01   4.3623503E-01   4.3623503E-01   4.3623503E-01   5.1197325E-01
   5.4355510E-01   5.4355510E-01   5.4355510E-01   3.6360139E-01   3.6360139E-01
   3.9613682E-01   3.9613682E-01   3.9613682E-01   5.4355510E-01   5.4355510E-01
   5.4355510E-01   3.6360139E-01   5.4355510E-01   5.4355510E-01   5.4355510E-01
   5.5683353E-01   5.4355510E-01   5.4355510E-01   5.4355510E-01   3.6360139E-01
   5.4355510E-01   5.4355510E-01   3.6360139E-01   3.9613682E-01   3.9613682E-01
   3.9613682E-01   5.5683353E-01   3.3822097E-01   5.0495489E-01   5.0495489E-01
   5.0495489E-01   3.3822097E-01   4.3365657E-01   4.3365657E-01   4.3365657E-01
   3.3822097E-01   5.0495489E-01   5.0495489E-01   5.0495489E-01   2.7523408E-01

   1.0379966E+02   2.8744208E+03   2.1565909E+12   4.1586923E+00   5.5539862E-05   4.6131403E+01   1.0000000E+00    30 
   6.4009594E-01   6.0628334E-01   6.0628334E-01   6.0628334E-01   4.9630749E-01
   4.6439816E-01   4.5405505E-01   4.5405505E-01   4.5405505E-01   4.0742840E-01
   4.0742840E-01   4.0742840E-01   3.2108007E-01   3.3156560E-01   7.0574132E-01
   4.8268600E-01   3.8932832E-01   3.8932832E-01   3.8932832E-01   5.3117553E-01
   3.8932832E-01   3.8932832E-01   3.8932832E-01   5.3117553E-01   2.9816686E-01
   2.9816686E-01   2.9816686E-01   2.9816686E-01   2.9816686E-01   2.9816686E-01
   3.7885799E-01   4.4849424E-01   4.4849424E-01   4.4849424E-01   4.2749271E-01
   3.2663591E-01   3.2663591E-01   3.2663591E-01   3.1081161E-01   6.4475298E-01
   6.0583734E-01   3.1081161E-01   3.1081161E-01   3.2663591E-01   3.2663591E-01
   3.2663591E-01   4.4544184E-01   4.4544184E-01   4.4544184E-01   5.1979589E-01
   5.4472821E-01   5.4472821E-01   5.4472821E-01   3.7723578E-01   3.7723578E-01
   4.1053355E-01   4.1053355E-01   4.1053355E-01   5.4472821E-01   5.4472821E-01
   5.4472821E-01   3.7723578E-01   5.4472821E-01   5.4472821E-01   5.4472821E-01
   5.8231496E-01   5.4472821E-01   5.4472821E-01   5.4472821E-01   3.7723578E-01
   5.4472821E-01   5.4472821E-01   3.7723578E-01   4.1053355E-01   4.1053355E-01
   4.1053355E-01   5.8231496E-01   3.5873741E-01   5.1383648E-01   5.1383648E-01
   5.1383648E-01   3.5873741E-01   4.5172698E-01   4.5172698E-01   4.5172698E-01
   3.5873741E-01   5.1383648E-01   5.1383648E-01   5.1383648E-01   2.7402203E-01

   1.0333957E+02   5.7807954E+03   3.0138127E+12   4.1647579E+00   7.1476126E-05   3.3303524E+01   1.0000000E+00    31 
   5.9273307E-01   5.7882197E-01   5.7882197E-01   5.7882197E-01   4.6869264E-01
   4.6011736E-01   4.4931831E-01   4.4931831E-01   4.4931831E-01   4.0363474E-01
   4.0363474E-01   4.0363474E-01   3.2116403E-01   3.2795997E-01   6.9277497E-01
   4.6797223E-01   3.9016401E-01   3.9016401E-01   3.9016401E-01   5.4862047E-01
   3.9016401E-01   3.9016401E-01   3.9016401E-01   5.4862047E-01   3.0620824E-01
   3.0620824E-01   3.0620824E-01   3.0620824E-01   3.0620824E-01   3.0620824E-01
   3.8919787E-01   4.5086856E-01   4.5086856E-01   4.5086856E-01   4.4626539E-01
   3.3316750E-01   3.3316750E-01   3.3316750E-01   3.1310411E-01   6.0313752E-01
   6.0246866E-01   3.1310411E-01   3.1310411E-01   3.3316750E-01   3.3316750E-01
   3.3316750E-01   4.4847075E-01   4.4847075E-01   4.4847075E-01   5.2530972E-01
   5.4176031E-01   5.4176031E-01   5.4176031E-01   3.8723568E-01   3.8723568E-01
   4.1779506E-01   4.1779506E-01   4.1779506E-01   5.4176031E-01   5.4176031E-01
   5.4176031E-01   3.8723568E-01   5.4176031E-01   5.4176031E-01   5.4176031E-01
   6.0348680E-01   5.4176031E-01   5.4176031E-01   5.4176031E-01   3.8723568E-01
   5.4176031E-01   5.4176031E-01   3.8723568E-01   4.1779506E-01   4.1779506E-01
   4.1779506E-01   6.0348680E-01   3.7370046E-01   5.1654370E-01   5.1654370E-01
   5.1654370E-01   3.7370046E-01   4.6265171E-01   4.6265171E-01   4.6265171E-01
   3.7370046E-01   5.1654370E-01   5.1654370E-01   5.1654370E-01   2.7112126E-01

   1.0311115E+02   1.3050786E+04   4.3404685E+12   4.1308309E+00   9.8649818E-05   2.3225478E+01   1.0000000E+00    32 
   4.9465320E-01   5.0007903E-01   5.0007903E-01   5.0007903E-01   4.0774713E-01
   4.1829812E-01   4.1015529E-01   4.1015529E-01   4.1015529E-01   3.7049777E-01
   3.7049777E-01   3.7049777E-01   3.0073939E-01   3.0541892E-01   6.4287983E-01
   4.3132226E-01   3.6891125E-01   3.6891125E-01   3.6891125E-01   5.3016439E-01
   3.6891125E-01   3.6891125E-01   3.6891125E-01   5.3016439E-01   2.9720571E-01
   2.9720571E-01   2.9720571E-01   2.9720571E-01   2.9720571E-01   2.9720571E-01
   3.7805784E-01   4.3169150E-01   4.3169150E-01   4.3169150E-01   4.4291282E-01
   3.2345056E-01   3.2345056E-01   3.2345056E-01   3.0635427E-01   5.3963308E-01
   5.7870477E-01   3.0635427E-01   3.0635427E-01   3.2345056E-01   3.2345056E-01
   3.2345056E-01   4.3359944E-01   4.3359944E-01   4.3359944E-01   5.1711985E-01
   5.2405959E-01   5.2405959E-01   5.2405959E-01   3.8547722E-01   3.8547722E-01
   4.0597106E-01   4.0597106E-01   4.0597106E-01   5.2405959E-01   5.2405959E-01
   5.2405959E-01   3.8547722E-01   5.2405959E-01   5.2405959E-01   5.2405959E-01
   6.0814743E-01   5.2405959E-01   5.2405959E-01   5.2405959E-01   3.8547722E-01
   5.2405959E-01   5.2405959E-01   3.8547722E-01   4.0597106E-01   4.0597106E-01
   4.0597106E-01   6.0814743E-01   3.7407106E-01   5.0407200E-01   5.0407200E-01
   5.0407200E-01   3.7407106E-01   4.5794381E-01   4.5794381E-01   4.5794381E-01
   3.7407106E-01   5.0407200E-01   5.0407200E-01   5.0407200E-01   2.6094375E-01

   1.0303449E+02   2.7365736E+04   6.1655873E+12   4.1001680E+00   1.3828749E-04   1.6373496E+01   1.0000000E+00    33 
   4.3303244E-01   4.4558925E-01   4.4558925E-01   4.4558925E-01   3.6847582E-01
   3.8608128E-01   3.7977695E-01   3.7977695E-01   3.7977695E-01   3.4482966E-01
   3.4482966E-01   3.4482966E-01   2.8522941E-01   2.8888667E-01   6.0544447E-01
   4.0676620E-01   3.5129610E-01   3.5129610E-01   3.5129610E-01   5.0875134E-01
   3.5129610E-01   3.5129610E-01   3.5129610E-01   5.0875134E-01   2.8773383E-01
   2.8773383E-01   2.8773383E-01   2.8773383E-01   2.8773383E-01   2.8773383E-01
   3.6600367E-01   4.1509875E-01   4.1509875E-01   4.1509875E-01   4.3397971E-01
   3.1366257E-01   3.1366257E-01   3.1366257E-01   3.0096938E-01   5.0058088E-01
   5.6047972E-01   3.0096938E-01   3.0096938E-01   3.1366257E-01   3.1366257E-01
   3.1366257E-01   4.2056671E-01   4.2056671E-01   4.2056671E-01   5.0881296E-01
   5.0977664E-01   5.0977664E-01   5.0977664E-01   3.8197308E-01   3.8197308E-01
   3.9538723E-01   3.9538723E-01   3.9538723E-01   5.0977664E-01   5.0977664E-01
   5.0977664E-01   3.8197308E-01   5.0977664E-01   5.0977664E-01   5.0977664E-01
   6.0412583E-01   5.0977664E-01   5.0977664E-01   5.0977664E-01   3.8197308E-01
   5.0977664E-01   5.0977664E-01   3.8197308E-01   3.9538723E-01   3.9538723E-01
   3.9538723E-01   6.0412583E-01   3.7050252E-01   4.9218699E-01   4.9218699E-01
   4.9218699E-01   3.7050252E-01   4.5137732E-01   4.5137732E-01   4.5137732E-01
   3.7050252E-01   4.9218699E-01   4.9218699E-01   4.9218699E-01   2.5598742E-01

   1.0299255E+02   5.2725387E+04   8.5204921E+12   4.0740833E+00   1.8973065E-04   1.1856899E+01   1.0000000E+00    34 
   3.8846201E-01   4.0425172E-01   4.0425172E-01   4.0425172E-01   3.3969240E-01
   3.6101043E-01   3.5561961E-01   3.5561961E-01   3.5561961E-01   3.2446361E-01
   3.2446361E-01   3.2446361E-01   2.7302983E-01   2.7624896E-01   5.7505964E-01
   3.8842727E-01   3.3696214E-01   3.3696214E-01   3.3696214E-01   4.9014694E-01
   3.3696214E-01   3.3696214E-01   3.3696214E-01   4.9014694E-01   2.7966460E-01
   2.7966460E-01   2.7966460E-01   2.7966460E-01   2.7966460E-01   2.7966460E-01
   3.5593903E-01   4.0132205E-01   4.0132205E-01   4.0132205E-01   4.2518557E-01
   3.0537223E-01   3.0537223E-01   3.0537223E-01   2.9672248E-01   4.7335016E-01
   5.4612838E-01   2.9672248E-01   2.9672248E-01   3.0537223E-01   3.0537223E-01
   3.0537223E-01   4.0988774E-01   4.0988774E-01   4.0988774E-01   5.0159799E-01
   4.9783537E-01   4.9783537E-01   4.9783537E-01   3.7926913E-01   3.7926913E-01
   3.8741208E-01   3.8741208E-01   3.8741208E-01   4.9783537E-01   4.9783537E-01
   4.9783537E-01   3.7926913E-01   4.9783537E-01   4.9783537E-01   4.9783537E-01
   5.9837514E-01   4.9783537E-01   4.9783537E-01   4.9783537E-01   3.7926913E-01
   4.9783537E-01   4.9783537E-01   3.7926913E-01   3.8741208E-01   3.8741208E-01
   3.8741208E-01   5.9837514E-01   3.6724061E-01   4.8187514E-01   4.8187514E-01
   4.8187514E-01   3.6724061E-01   4.4569797E-01   4.4569797E-01   4.4569797E-01
   3.6724061E-01   4.8187514E-01   4.8187514E-01   4.8187514E-01   2.5455642E-01

   1.0296080E+02   1.0482547E+05   1.2172607E+13   4.0502574E+00   2.6916842E-04   8.3038406E+00   1.0000000E+00    35 
   3.5165217E-01   3.6876105E-01   3.6876105E-01   3.6876105E-01   3.1586379E-01
   3.3976740E-01   3.3435014E-01   3.3435014E-01   3.3435014E-01   3.0658894E-01
   3.0658894E-01   3.0658894E-01   2.6248501E-01   2.6580245E-01   5.4698223E-01
   3.7327454E-01   3.2431610E-01   3.2431610E-01   3.2431610E-01   4.7364298E-01
   3.2431610E-01   3.2431610E-01   3.2431610E-01   4.7364298E-01   2.7253439E-01
   2.7253439E-01   2.7253439E-01   2.7253439E-01   2.7253439E-01   2.7253439E-01
   3.4757800E-01   3.8890183E-01   3.8890183E-01   3.8890183E-01   4.1687395E-01
   2.9803983E-01   2.9803983E-01   2.9803983E-01   2.9324525E-01   4.5369548E-01
   5.3392033E-01   2.9324525E-01   2.9324525E-01   2.9803983E-01   2.9803983E-01
   2.9803983E-01   4.0075247E-01   4.0075247E-01   4.0075247E-01   4.9523959E-01
   4.8685932E-01   4.8685932E-01   4.8685932E-01   3.7797818E-01   3.7797818E-01
   3.8165403E-01   3.8165403E-01   3.8165403E-01   4.8685932E-01   4.8685932E-01
   4.8685932E-01   3.7797818E-01   4.8685932E-01   4.8685932E-01   4.8685932E-01
   5.9168843E-01   4.8685932E-01   4.8685932E-01   4.8685932E-01   3.7797818E-01
   4.8685932E-01   4.8685932E-01   3.7797818E-01   3.8165403E-01   3.8165403E-01
   3.8165403E-01   5.9168843E-01   3.6514129E-01   4.7212564E-01   4.7212564E-01
   4.7212564E-01   3.6514129E-01   4.4095899E-01   4.4095899E-01   4.4095899E-01
   3.6514129E-01   4.7212564E-01   4.7212564E-01   4.7212564E-01   2.5720504E-01

   1.0292345E+02   1.9148774E+05   1.7206312E+13   4.0269935E+00   3.7456306E-04   5.8782133E+00   1.0000000E+00    36 
   3.1585250E-01   3.3365275E-01   3.3365275E-01   3.3365275E-01   2.9287076E-01
   3.1914684E-01   3.1341421E-01   3.1341421E-01   3.1341421E-01   2.8914820E-01
   2.8914820E-01   2.8914820E-01   2.5219911E-01   2.5630866E-01   5.1688993E-01
   3.5880016E-01   3.1234883E-01   3.1234883E-01   3.1234883E-01   4.5703972E-01
   3.1234883E-01   3.1234883E-01   3.1234883E-01   4.5703972E-01   2.6645096E-01
   2.6645096E-01   2.6645096E-01   2.6645096E-01   2.6645096E-01   2.6645096E-01
   3.4026176E-01   3.7689250E-01   3.7689250E-01   3.7689250E-01   4.0831293E-01
   2.9165523E-01   2.9165523E-01   2.9165523E-01   2.9021098E-01   4.4164865E-01
   5.2203438E-01   2.9021098E-01   2.9021098E-01   2.9165523E-01   2.9165523E-01
   2.9165523E-01   3.9302241E-01   3.9302241E-01   3.9302241E-01   4.8893792E-01
   4.7621907E-01   4.7621907E-01   4.7621907E-01   3.7848545E-01   3.7848545E-01
   3.7871412E-01   3.7871412E-01   3.7871412E-01   4.7621907E-01   4.7621907E-01
   4.7621907E-01   3.7848545E-01   4.7621907E-01   4.7621907E-01   4.7621907E-01
   5.8351711E-01   4.7621907E-01   4.7621907E-01   4.7621907E-01   3.7848545E-01
   4.7621907E-01   4.7621907E-01   3.7848545E-01   3.7871412E-01   3.7871412E-01
   3.7871412E-01   5.8351711E-01   3.6568481E-01   4.6311978E-01   4.6311978E-01
   4.6311978E-01   3.6568481E-01   4.3733230E-01   4.3733230E-01   4.3733230E-01
   3.6568481E-01   4.6311978E-01   4.6311978E-01   4.6311978E-01   2.6514655E-01

   1.0287946E+02   3.1914462E+05   2.4301188E+13   4.0169257E+00   5.1127198E-04   4.1651427E+00   1.0000000E+00    37 
   2.9299161E-01   3.1039822E-01   3.1039822E-01   3.1039822E-01   2.7937768E-01
   3.0740153E-01   3.0072578E-01   3.0072578E-01   3.0072578E-01   2.7925829E-01
   2.7925829E-01   2.7925829E-01   2.4766523E-01   2.5311313E-01   4.9497771E-01
   3.5150754E-01   3.0701959E-01   3.0701959E-01   3.0701959E-01   4.4757222E-01
   3.0701959E-01   3.0701959E-01   3.0701959E-01   4.4757222E-01   2.6553742E-01
   2.6553742E-01   2.6553742E-01   2.6553742E-01   2.6553742E-01   2.6553742E-01
   3.3887296E-01   3.7096129E-01   3.7096129E-01   3.7096129E-01   4.0463549E-01
   2.9056617E-01   2.9056617E-01   2.9056617E-01   2.9087119E-01   4.4737801E-01
   5.1568628E-01   2.9087119E-01   2.9087119E-01   2.9056617E-01   2.9056617E-01
   2.9056617E-01   3.9215175E-01   3.9215175E-01   3.9215175E-01   4.8710643E-01
   4.7087343E-01   4.7087343E-01   4.7087343E-01   3.8412358E-01   3.8412358E-01
   3.8336844E-01   3.8336844E-01   3.8336844E-01   4.7087343E-01   4.7087343E-01
   4.7087343E-01   3.8412358E-01   4.7087343E-01   4.7087343E-01   4.7087343E-01
   5.7755978E-01   4.7087343E-01   4.7087343E-01   4.7087343E-01   3.8412358E-01
   4.7087343E-01   4.7087343E-01   3.8412358E-01   3.8336844E-01   3.8336844E-01
   3.8336844E-01   5.7755978E-01   3.7212169E-01   4.5897943E-01   4.5897943E-01
   4.5897943E-01   3.7212169E-01   4.3850859E-01   4.3850859E-01   4.3850859E-01
   3.7212169E-01   4.5897943E-01   4.5897943E-01   4.5897943E-01   2.8198086E-01

   1.0282819E+02   4.7912700E+05   3.4304587E+13   4.0320141E+00   6.7538905E-04   2.9531994E+00   1.0000000E+00    38 
   2.8999482E-01   3.0619472E-01   3.0619472E-01   3.0619472E-01   2.8131506E-01
   3.1023973E-01   3.0192568E-01   3.0192568E-01   3.0192568E-01   2.8255094E-01
   2.8255094E-01   2.8255094E-01   2.5347909E-01   2.6082353E-01   4.8890708E-01
   3.5629303E-01   3.1350917E-01   3.1350917E-01   3.1350917E-01   4.5006035E-01
   3.1350917E-01   3.1350917E-01   3.1350917E-01   4.5006035E-01   2.7346508E-01
   2.7346508E-01   2.7346508E-01   2.7346508E-01   2.7346508E-01   2.7346508E-01
   3.4731058E-01   3.7601389E-01   3.7601389E-01   3.7601389E-01   4.1003161E-01
   2.9904741E-01   2.9904741E-01   2.9904741E-01   2.9847316E-01   4.7776993E-01
   5.1821670E-01   2.9847316E-01   2.9847316E-01   2.9904741E-01   2.9904741E-01
   2.9904741E-01   4.0319132E-01   4.0319132E-01   4.0319132E-01   4.9290496E-01
   4.7518347E-01   4.7518347E-01   4.7518347E-01   3.9748162E-01   3.9748162E-01
   4.0012556E-01   4.0012556E-01   4.0012556E-01   4.7518347E-01   4.7518347E-01
   4.7518347E-01   3.9748162E-01   4.7518347E-01   4.7518347E-01   4.7518347E-01
   5.7661091E-01   4.7518347E-01   4.7518347E-01   4.7518347E-01   3.9748162E-01
   4.7518347E-01   4.7518347E-01   3.9748162E-01   4.0012556E-01   4.0012556E-01
   4.0012556E-01   5.7661091E-01   3.8745797E-01   4.6370409E-01   4.6370409E-01
   4.6370409E-01   3.8745797E-01   4.4807287E-01   4.4807287E-01   4.4807287E-01
   3.8745797E-01   4.6370409E-01   4.6370409E-01   4.6370409E-01   3.1071582E-01

   1.0276873E+02   6.5130770E+05   4.8428475E+13   4.0821261E+00   8.4837527E-04   2.0941743E+00   1.0000000E+00    39 
   3.1102230E-01   3.2541149E-01   3.2541149E-01   3.2541149E-01   3.0290312E-01
   3.3166848E-01   3.2096506E-01   3.2096506E-01   3.2096506E-01   3.0358890E-01
   3.0358890E-01   3.0358890E-01   2.7330625E-01   2.8375234E-01   5.0259248E-01
   3.7663238E-01   3.3622950E-01   3.3622950E-01   3.3622950E-01   4.6703941E-01
   3.3622950E-01   3.3622950E-01   3.3622950E-01   4.6703941E-01   2.9383645E-01
   2.9383645E-01   2.9383645E-01   2.9383645E-01   2.9383645E-01   2.9383645E-01
   3.6881037E-01   3.9616511E-01   3.9616511E-01   3.9616511E-01   4.2750488E-01
   3.2142330E-01   3.2142330E-01   3.2142330E-01   3.1612959E-01   5.3487847E-01
   5.3095782E-01   3.1612959E-01   3.1612959E-01   3.2142330E-01   3.2142330E-01
   3.2142330E-01   4.3048818E-01   4.3048818E-01   4.3048818E-01   5.0799376E-01
   4.9241306E-01   4.9241306E-01   4.9241306E-01   4.2026358E-01   4.2026358E-01
   4.3401629E-01   4.3401629E-01   4.3401629E-01   4.9241306E-01   4.9241306E-01
   4.9241306E-01   4.2026358E-01   4.9241306E-01   4.9241306E-01   4.9241306E-01
   5.8220972E-01   4.9241306E-01   4.9241306E-01   4.9241306E-01   4.2026358E-01
   4.9241306E-01   4.9241306E-01   4.2026358E-01   4.3401629E-01   4.3401629E-01
   4.3401629E-01   5.8220972E-01   4.1491591E-01   4.8134985E-01   4.8134985E-01
   4.8134985E-01   4.1491591E-01   4.6957269E-01   4.6957269E-01   4.6957269E-01
   4.1491591E-01   4.8134985E-01   4.8134985E-01   4.8134985E-01   3.5518185E-01

   1.0270049E+02   8.1806268E+05   6.8401838E+13   4.1734515E+00   9.9365802E-04   1.4846026E+00   1.0000000E+00    40 
   3.5823570E-01   3.6992126E-01   3.6992126E-01   3.6992126E-01   3.4640149E-01
   3.7380433E-01   3.5929986E-01   3.5929986E-01   3.5929986E-01   3.4576537E-01
   3.4576537E-01   3.4576537E-01   3.0936162E-01   3.2559304E-01   5.3552986E-01
   4.1398267E-01   3.7834957E-01   3.7834957E-01   3.7834957E-01   4.9851705E-01
   3.7834957E-01   3.7834957E-01   3.7834957E-01   4.9851705E-01   3.2971465E-01
   3.2971465E-01   3.2971465E-01   3.2971465E-01   3.2971465E-01   3.2971465E-01
   4.0563318E-01   4.3442527E-01   4.3442527E-01   4.3442527E-01   4.5863364E-01
   3.6169005E-01   3.6169005E-01   3.6169005E-01   3.4664971E-01   6.1213148E-01
   5.5280891E-01   3.4664971E-01   3.4664971E-01   3.6169005E-01   3.6169005E-01
   3.6169005E-01   4.7622291E-01   4.7622291E-01   4.7622291E-01   5.3252208E-01
   5.2415754E-01   5.2415754E-01   5.2415754E-01   4.5295006E-01   4.5295006E-01
   4.9001817E-01   4.9001817E-01   4.9001817E-01   5.2415754E-01   5.2415754E-01
   5.2415754E-01   4.5295006E-01   5.2415754E-01   5.2415754E-01   5.2415754E-01
   5.9527816E-01   5.2415754E-01   5.2415754E-01   5.2415754E-01   4.5295006E-01
   5.2415754E-01   5.2415754E-01   4.5295006E-01   4.9001817E-01   4.9001817E-01
   4.9001817E-01   5.9527816E-01   4.5682889E-01   5.1578705E-01   5.1578705E-01
   5.1578705E-01   4.5682889E-01   5.0620443E-01   5.0620443E-01   5.0620443E-01
   4.5682889E-01   5.1578705E-01   5.1578705E-01   5.1578705E-01   4.1655641E-01

   1.0262342E+02   9.6215141E+05   9.6467906E+13   4.3089426E+00   1.0630764E-03   1.0542925E+00   1.0000000E+00    41 
   4.3060104E-01   4.3784128E-01   4.3784128E-01   4.3784128E-01   4.1070714E-01
   4.3595904E-01   4.1468883E-01   4.1468883E-01   4.1468883E-01   4.1023814E-01
   4.1023814E-01   4.1023814E-01   3.6150040E-01   3.8819973E-01   5.8286757E-01
   4.6732556E-01   4.4088916E-01   4.4088916E-01   4.4088916E-01   5.4222767E-01
   4.4088916E-01   4.4088916E-01   4.4088916E-01   5.4222767E-01   3.8248410E-01
   3.8248410E-01   3.8248410E-01   3.8248410E-01   3.8248410E-01   3.8248410E-01
   4.5868823E-01   4.9231374E-01   4.9231374E-01   4.9231374E-01   5.0350603E-01
   4.2245347E-01   4.2245347E-01   4.2245347E-01   3.9210798E-01   6.9527809E-01
   5.8116316E-01   3.9210798E-01   3.9210798E-01   4.2245347E-01   4.2245347E-01
   4.2245347E-01   5.3898506E-01   5.3898506E-01   5.3898506E-01   5.6553486E-01
   5.7043763E-01   5.7043763E-01   5.7043763E-01   4.9513249E-01   4.9513249E-01
   5.7079864E-01   5.7079864E-01   5.7079864E-01   5.7043763E-01   5.7043763E-01
   5.7043763E-01   4.9513249E-01   5.7043763E-01   5.7043763E-01   5.7043763E-01
   6.1666162E-01   5.7043763E-01   5.7043763E-01   5.7043763E-01   4.9513249E-01
   5.7043763E-01   5.7043763E-01   4.9513249E-01   5.7079864E-01   5.7079864E-01
   5.7079864E-01   6.1666162E-01   5.1297809E-01   5.6989180E-01   5.6989180E-01
   5.6989180E-01   5.1297809E-01   5.6021803E-01   5.6021803E-01   5.6021803E-01
   5.1297809E-01   5.6989180E-01   5.6989180E-01   5.6989180E-01   4.9147799E-01

   1.0254756E+02   1.0425350E+06   1.3061232E+14   4.4695166E+00   1.0332769E-03   7.7989620E-01   1.0000000E+00    42 
   5.1377860E-01   5.1404947E-01   5.1404947E-01   5.1404947E-01   4.8222187E-01
   5.0600515E-01   4.7525966E-01   4.7525966E-01   4.7525966E-01   4.8553163E-01
   4.8553163E-01   4.8553163E-01   4.1978752E-01   4.6071228E-01   6.3249229E-01
   5.2628706E-01   5.1285817E-01   5.1285817E-01   5.1285817E-01   5.8994136E-01
   5.1285817E-01   5.1285817E-01   5.1285817E-01   5.8994136E-01   4.4359367E-01
   4.4359367E-01   4.4359367E-01   4.4359367E-01   4.4359367E-01   4.4359367E-01
   5.1930521E-01   5.6017765E-01   5.6017765E-01   5.6017765E-01   5.5471721E-01
   4.9413918E-01   4.9413918E-01   4.9413918E-01   4.4601910E-01   7.6350240E-01
   6.1102299E-01   4.4601910E-01   4.4601910E-01   4.9413918E-01   4.9413918E-01
   4.9413918E-01   6.0582410E-01   6.0582410E-01   6.0582410E-01   6.0181986E-01
   6.2357764E-01   6.2357764E-01   6.2357764E-01   5.4095326E-01   5.4095326E-01
   6.5939528E-01   6.5939528E-01   6.5939528E-01   6.2357764E-01   6.2357764E-01
   6.2357764E-01   5.4095326E-01   6.2357764E-01   6.2357764E-01   6.2357764E-01
   6.4370807E-01   6.2357764E-01   6.2357764E-01   6.2357764E-01   5.4095326E-01
   6.2357764E-01   6.2357764E-01   5.4095326E-01   6.5939528E-01   6.5939528E-01
   6.5939528E-01   6.4370807E-01   5.7251776E-01   6.3427875E-01   6.3427875E-01
   6.3427875E-01   5.7251776E-01   6.2304877E-01   6.2304877E-01   6.2304877E-01
   5.7251776E-01   6.3427875E-01   6.3427875E-01   6.3427875E-01   5.6422088E-01

   1.0247369E+02   1.0522751E+06   1.7125313E+14   4.6495378E+00   9.3638806E-04   5.9573726E-01   1.0000000E+00    43 
   6.0138972E-01   5.9145768E-01   5.9145768E-01   5.9145768E-01   5.5486727E-01
   5.7877088E-01   5.3726972E-01   5.3726972E-01   5.3726972E-01   5.6552287E-01
   5.6552287E-01   5.6552287E-01   4.8028251E-01   5.3706263E-01   6.8129761E-01
   5.8739105E-01   5.8831281E-01   5.8831281E-01   5.8831281E-01   6.4021061E-01
   5.8831281E-01   5.8831281E-01   5.8831281E-01   6.4021061E-01   5.0924573E-01
   5.0924573E-01   5.0924573E-01   5.0924573E-01   5.0924573E-01   5.0924573E-01
   5.8407501E-01   6.3184330E-01   6.3184330E-01   6.3184330E-01   6.0995470E-01
   5.7100103E-01   5.7100103E-01   5.7100103E-01   5.0519005E-01   8.1654831E-01
   6.4326774E-01   5.0519005E-01   5.0519005E-01   5.7100103E-01   5.7100103E-01
   5.7100103E-01   6.7131982E-01   6.7131982E-01   6.7131982E-01   6.4083056E-01
   6.7958639E-01   6.7958639E-01   6.7958639E-01   5.8992644E-01   5.8992644E-01
   7.4068071E-01   7.4068071E-01   7.4068071E-01   6.7958639E-01   6.7958639E-01
   6.7958639E-01   5.8992644E-01   6.7958639E-01   6.7958639E-01   6.7958639E-01
   6.7562953E-01   6.7958639E-01   6.7958639E-01   6.7958639E-01   5.8992644E-01
   6.7958639E-01   6.7958639E-01   5.8992644E-01   7.4068071E-01   7.4068071E-01
   7.4068071E-01   6.7562953E-01   6.3117595E-01   7.0017974E-01   7.0017974E-01
   7.0017974E-01   6.3117595E-01   6.8793833E-01   6.8793833E-01   6.8793833E-01
   6.3117595E-01   7.0017974E-01   7.0017974E-01   7.0017974E-01   6.3051124E-01

   1.0239913E+02   9.9590825E+05   2.2107639E+14   4.8537518E+00   8.0388525E-04   4.6220706E-01   1.0000000E+00    44 
   6.9221735E-01   6.6864894E-01   6.6864894E-01   6.6864894E-01   6.2802880E-01
   6.5351957E-01   6.0198663E-01   6.0198663E-01   6.0198663E-01   6.4815103E-01
   6.4815103E-01   6.4815103E-01   5.4360745E-01   6.1537023E-01   7.3064296E-01
   6.5111732E-01   6.6514437E-01   6.6514437E-01   6.6514437E-01   6.9465180E-01
   6.6514437E-01   6.6514437E-01   6.6514437E-01   6.9465180E-01   5.7929871E-01
   5.7929871E-01   5.7929871E-01   5.7929871E-01   5.7929871E-01   5.7929871E-01
   6.5253299E-01   7.0424173E-01   7.0424173E-01   7.0424173E-01   6.6988426E-01
   6.5043332E-01   6.5043332E-01   6.5043332E-01   5.6925803E-01   8.6014388E-01
   6.8100346E-01   5.6925803E-01   5.6925803E-01   6.5043332E-01   6.5043332E-01
   6.5043332E-01   7.3468139E-01   7.3468139E-01   7.3468139E-01   6.8409815E-01
   7.3655212E-01   7.3655212E-01   7.3655212E-01   6.4366079E-01   6.4366079E-01
   8.0672983E-01   8.0672983E-01   8.0672983E-01   7.3655212E-01   7.3655212E-01
   7.3655212E-01   6.4366079E-01   7.3655212E-01   7.3655212E-01   7.3655212E-01
   7.1329738E-01   7.3655212E-01   7.3655212E-01   7.3655212E-01   6.4366079E-01
   7.3655212E-01   7.3655212E-01   6.4366079E-01   8.0672983E-01   8.0672983E-01
   8.0672983E-01   7.1329738E-01   6.8935960E-01   7.6207192E-01   7.6207192E-01
   7.6207192E-01   6.8935960E-01   7.5048908E-01   7.5048908E-01   7.5048908E-01
   6.8935960E-01   7.6207192E-01   7.6207192E-01   7.6207192E-01   6.9231031E-01

   1.0232234E+02   8.8961691E+05   2.8366900E+14   5.0864571E+00   6.6097410E-04   3.6080620E-01   1.0000000E+00    45 
   7.8286163E-01   7.4335228E-01   7.4335228E-01   7.4335228E-01   7.0066018E-01
   7.2813591E-01   6.6990132E-01   6.6990132E-01   6.6990132E-01   7.2960377E-01
   7.2960377E-01   7.2960377E-01   6.1042044E-01   6.9305460E-01   7.8090694E-01
   7.1701944E-01   7.4024269E-01   7.4024269E-01   7.4024269E-01   7.5315542E-01
   7.4024269E-01   7.4024269E-01   7.4024269E-01   7.5315542E-01   6.5255995E-01
   6.5255995E-01   6.5255995E-01   6.5255995E-01   6.5255995E-01   6.5255995E-01
   7.2260006E-01   7.7373487E-01   7.7373487E-01   7.7373487E-01   7.3361125E-01
   7.2832206E-01   7.2832206E-01   7.2832206E-01   6.3737782E-01   8.9787153E-01
   7.2582488E-01   6.3737782E-01   6.3737782E-01   7.2832206E-01   7.2832206E-01
   7.2832206E-01   7.9475483E-01   7.9475483E-01   7.9475483E-01   7.3197415E-01
   7.9206138E-01   7.9206138E-01   7.9206138E-01   7.0216996E-01   7.0216996E-01
   8.5676386E-01   8.5676386E-01   8.5676386E-01   7.9206138E-01   7.9206138E-01
   7.9206138E-01   7.0216996E-01   7.9206138E-01   7.9206138E-01   7.9206138E-01
   7.5674865E-01   7.9206138E-01   7.9206138E-01   7.9206138E-01   7.0216996E-01
   7.9206138E-01   7.9206138E-01   7.0216996E-01   8.5676386E-01   8.5676386E-01
   8.5676386E-01   7.5674865E-01   7.4710267E-01   8.1676862E-01   8.1676862E-01
   8.1676862E-01   7.4710267E-01   8.0720877E-01   8.0720877E-01   8.0720877E-01
   7.4710267E-01   8.1676862E-01   8.1676862E-01   8.1676862E-01   7.5109353E-01

   1.0224233E+02   7.5560902E+05   3.6389853E+14   5.3518948E+00   5.2532840E-04   2.8173224E-01   1.0000000E+00    46 
   8.6788491E-01   8.1294762E-01   8.1294762E-01   8.1294762E-01   7.7118428E-01
   7.9937233E-01   7.4031927E-01   7.4031927E-01   7.4031927E-01   8.0508500E-01
   8.0508500E-01   8.0508500E-01   6.8125109E-01   7.6710978E-01   8.3130348E-01
   7.8338040E-01   8.1012875E-01   8.1012875E-01   8.1012875E-01   8.1347292E-01
   8.1012875E-01   8.1012875E-01   8.1012875E-01   8.1347292E-01   7.2689562E-01
   7.2689562E-01   7.2689562E-01   7.2689562E-01   7.2689562E-01   7.2689562E-01
   7.9072314E-01   8.3668293E-01   8.3668293E-01   8.3668293E-01   7.9823780E-01
   8.0004279E-01   8.0004279E-01   8.0004279E-01   7.0857703E-01   9.3094224E-01
   7.7720753E-01   7.0857703E-01   7.0857703E-01   8.0004279E-01   8.0004279E-01
   8.0004279E-01   8.4987227E-01   8.4987227E-01   8.4987227E-01   7.8368572E-01
   8.4384224E-01   8.4384224E-01   8.4384224E-01   7.6381428E-01   7.6381428E-01
   8.9466325E-01   8.9466325E-01   8.9466325E-01   8.4384224E-01   8.4384224E-01
   8.4384224E-01   7.6381428E-01   8.4384224E-01   8.4384224E-01   8.4384224E-01
   8.0459971E-01   8.4384224E-01   8.4384224E-01   8.4384224E-01   7.6381428E-01
   8.4384224E-01   8.4384224E-01   7.6381428E-01   8.9466325E-01   8.9466325E-01
   8.9466325E-01   8.0459971E-01   8.0355211E-01   8.6356933E-01   8.6356933E-01
   8.6356933E-01   8.0355211E-01   8.5650314E-01   8.5650314E-01   8.5650314E-01
   8.0355211E-01   8.6356933E-01   8.6356933E-01   8.6356933E-01   8.0721251E-01

   1.0215847E+02   6.1612331E+05   4.6839809E+14   5.6536814E+00   4.0736805E-04   2.1925969E-01   1.0000000E+00    47 
   9.3964612E-01   8.7410860E-01   8.7410860E-01   8.7410860E-01   8.3654784E-01
   8.6293656E-01   8.1001242E-01   8.1001242E-01   8.1001242E-01   8.6972492E-01
   8.6972492E-01   8.6972492E-01   7.5526471E-01   8.3376748E-01   8.7925688E-01
   8.4641780E-01   8.7109950E-01   8.7109950E-01   8.7109950E-01   8.7078203E-01
   8.7109950E-01   8.7109950E-01   8.7109950E-01   8.7078203E-01   7.9869894E-01
   7.9869894E-01   7.9869894E-01   7.9869894E-01   7.9869894E-01   7.9869894E-01
   8.5226558E-01   8.8973192E-01   8.8973192E-01   8.8973192E-01   8.5875177E-01
   8.6147502E-01   8.6147502E-01   8.6147502E-01   7.8119393E-01   9.5817592E-01
   8.3189070E-01   7.8119393E-01   7.8119393E-01   8.6147502E-01   8.6147502E-01
   8.6147502E-01   8.9757024E-01   8.9757024E-01   8.9757024E-01   8.3687988E-01
   8.8968956E-01   8.8968956E-01   8.8968956E-01   8.2515594E-01   8.2515594E-01
   9.2462426E-01   9.2462426E-01   9.2462426E-01   8.8968956E-01   8.8968956E-01
   8.8968956E-01   8.2515594E-01   8.8968956E-01   8.8968956E-01   8.8968956E-01
   8.5348040E-01   8.8968956E-01   8.8968956E-01   8.8968956E-01   8.2515594E-01
   8.8968956E-01   8.8968956E-01   8.2515594E-01   9.2462426E-01   9.2462426E-01
   9.2462426E-01   8.5348040E-01   8.5635551E-01   9.0282316E-01   9.0282316E-01
   9.0282316E-01   8.5635551E-01   8.9799902E-01   8.9799902E-01   8.9799902E-01
   8.5635551E-01   9.0282316E-01   9.0282316E-01   9.0282316E-01   8.5905128E-01

   1.0207031E+02   4.8857918E+05   6.0665428E+14   5.9947117E+00   3.1167899E-04   1.6959821E-01   1.0000000E+00    48 
   9.9067257E-01   9.2366516E-01   9.2366516E-01   9.2366516E-01   8.9273723E-01
   9.1493397E-01   8.7330306E-01   8.7330306E-01   8.7330306E-01   9.2027312E-01
   9.2027312E-01   9.2027312E-01   8.2908059E-01   8.8930792E-01   9.2116092E-01
   9.0093433E-01   9.2015102E-01   9.2015102E-01   9.2015102E-01   9.1915990E-01
   9.2015102E-01   9.2015102E-01   9.2015102E-01   9.1915990E-01   8.6294758E-01
   8.6294758E-01   8.6294758E-01   8.6294758E-01   8.6294758E-01   8.6294758E-01
   9.0318799E-01   9.3097571E-01   9.3097571E-01   9.3097571E-01   9.0974901E-01
   9.1026597E-01   9.1026597E-01   9.1026597E-01   8.5160791E-01   9.7735788E-01
   8.8456328E-01   8.5160791E-01   8.5160791E-01   9.1026597E-01   9.1026597E-01
   9.1026597E-01   9.3556550E-01   9.3556550E-01   9.3556550E-01   8.8752387E-01
   9.2793945E-01   9.2793945E-01   9.2793945E-01   8.8153812E-01   8.8153812E-01
   9.4937560E-01   9.4937560E-01   9.4937560E-01   9.2793945E-01   9.2793945E-01
   9.2793945E-01   8.8153812E-01   9.2793945E-01   9.2793945E-01   9.2793945E-01
   8.9888607E-01   9.2793945E-01   9.2793945E-01   9.2793945E-01   8.8153812E-01
   9.2793945E-01   9.2793945E-01   8.8153812E-01   9.4937560E-01   9.4937560E-01
   9.4937560E-01   8.9888607E-01   9.0244756E-01   9.3512750E-01   9.3512750E-01
   9.3512750E-01   9.0244756E-01   9.3199588E-01   9.3199588E-01   9.3199588E-01
   9.0244756E-01   9.3512750E-01   9.3512750E-01   9.3512750E-01   9.0397386E-01

   1.0197771E+02   3.8327317E+05   7.9229842E+14   6.3764186E+00   2.3856174E-04   1.3010766E-01   1.0000000E+00    49 
   1.0172722E+00   9.5943168E-01   9.5943168E-01   9.5943168E-01   9.3637197E-01
   9.5298990E-01   9.2419060E-01   9.2419060E-01   9.2419060E-01   9.5584352E-01
   9.5584352E-01   9.5584352E-01   8.9551197E-01   9.3178260E-01   9.5376161E-01
   9.4244711E-01   9.5575771E-01   9.5575771E-01   9.5575771E-01   9.5430426E-01
   9.5575771E-01   9.5575771E-01   9.5575771E-01   9.5430426E-01   9.1476756E-01
   9.1476756E-01   9.1476756E-01   9.1476756E-01   9.1476756E-01   9.1476756E-01
   9.4159984E-01   9.6038764E-01   9.6038764E-01   9.6038764E-01   9.4771212E-01
   9.4615184E-01   9.4615184E-01   9.4615184E-01   9.1228456E-01   9.8816985E-01
   9.2924994E-01   9.1228456E-01   9.1228456E-01   9.4615184E-01   9.4615184E-01
   9.4615184E-01   9.6290603E-01   9.6290603E-01   9.6290603E-01   9.3066877E-01
   9.5734389E-01   9.5734389E-01   9.5734389E-01   9.2800253E-01   9.2800253E-01
   9.6920495E-01   9.6920495E-01   9.6920495E-01   9.5734389E-01   9.5734389E-01
   9.5734389E-01   9.2800253E-01   9.5734389E-01   9.5734389E-01   9.5734389E-01
   9.3675649E-01   9.5734389E-01   9.5734389E-01   9.5734389E-01   9.2800253E-01
   9.5734389E-01   9.5734389E-01   9.2800253E-01   9.6920495E-01   9.6920495E-01
   9.6920495E-01   9.3675649E-01   9.3935484E-01   9.6047298E-01   9.6047298E-01
   9.6047298E-01   9.3935484E-01   9.5854566E-01   9.5854566E-01   9.5854566E-01
   9.3935484E-01   9.6047298E-01   9.6047298E-01   9.6047298E-01   9.3987791E-01

   1.0188086E+02   3.0285733E+05   1.0438498E+15   6.7995322E+00   1.8521864E-04   9.8953532E-02   1.0000000E+00    50 
   1.0234672E+00   9.8189125E-01   9.8189125E-01   9.8189125E-01   9.6697784E-01
   9.7742241E-01   9.6008091E-01   9.6008091E-01   9.6008091E-01   9.7809270E-01
   9.7809270E-01   9.7809270E-01   9.4595828E-01   9.6212999E-01   9.7595668E-01
   9.6998668E-01   9.7845680E-01   9.7845680E-01   9.7845680E-01   9.7619963E-01
   9.7845680E-01   9.7845680E-01   9.7845680E-01   9.7619963E-01   9.5239336E-01
   9.5239336E-01   9.5239336E-01   9.5239336E-01   9.5239336E-01   9.5239336E-01
   9.6803577E-01   9.7944342E-01   9.7944342E-01   9.7944342E-01   9.7255195E-01
   9.7043000E-01   9.7043000E-01   9.7043000E-01   9.5511535E-01   9.9255418E-01
   9.6163057E-01   9.5511535E-01   9.5511535E-01   9.7043000E-01   9.7043000E-01
   9.7043000E-01   9.8031808E-01   9.8031808E-01   9.8031808E-01   9.6241289E-01
   9.7742655E-01   9.7742655E-01   9.7742655E-01   9.6121581E-01   9.6121581E-01
   9.8339749E-01   9.8339749E-01   9.8339749E-01   9.7742655E-01   9.7742655E-01
   9.7742655E-01   9.6121581E-01   9.7742655E-01   9.7742655E-01   9.7742655E-01
   9.6477836E-01   9.7742655E-01   9.7742655E-01   9.7742655E-01   9.6121581E-01
   9.7742655E-01   9.7742655E-01   9.6121581E-01   9.8339749E-01   9.8339749E-01
   9.8339749E-01   9.6477836E-01   9.6622880E-01   9.7851318E-01   9.7851318E-01
   9.7851318E-01   9.6622880E-01   9.7743541E-01   9.7743541E-01   9.7743541E-01
   9.6622880E-01   9.7851318E-01   9.7851318E-01   9.7851318E-01   9.6624006E-01

   1.0178030E+02   2.4269005E+05   1.3817440E+15   7.2649271E+00   1.4699945E-04   7.4914494E-02   1.0000000E+00    51 
   1.0181655E+00   9.9373810E-01   9.9373810E-01   9.9373810E-01   9.8574047E-01
   9.9084502E-01   9.8193726E-01   9.8193726E-01   9.8193726E-01   9.9024856E-01
   9.9024856E-01   9.9024856E-01   9.7670284E-01   9.8171728E-01   9.8888595E-01
   9.8594083E-01   9.9068392E-01   9.9068392E-01   9.9068392E-01   9.8833301E-01
   9.9068392E-01   9.9068392E-01   9.9068392E-01   9.8833301E-01   9.7656040E-01
   9.7656040E-01   9.7656040E-01   9.7656040E-01   9.7656040E-01   9.7656040E-01
   9.8434994E-01   9.9031839E-01   9.9031839E-01   9.9031839E-01   9.8696652E-01
   9.8518031E-01   9.8518031E-01   9.8518031E-01   9.7977998E-01   9.9445756E-01
   9.8153211E-01   9.7977998E-01   9.7977998E-01   9.8518031E-01   9.8518031E-01
   9.8518031E-01   9.9018185E-01   9.9018185E-01   9.9018185E-01   9.8207771E-01
   9.8923505E-01   9.8923505E-01   9.8923505E-01   9.8148330E-01   9.8148330E-01
   9.9197376E-01   9.9197376E-01   9.9197376E-01   9.8923505E-01   9.8923505E-01
   9.8923505E-01   9.8148330E-01   9.8923505E-01   9.8923505E-01   9.8923505E-01
   9.8269546E-01   9.8923505E-01   9.8923505E-01   9.8923505E-01   9.8148330E-01
   9.8923505E-01   9.8923505E-01   9.8148330E-01   9.9197376E-01   9.9197376E-01
   9.9197376E-01   9.8269546E-01   9.8338980E-01   9.8956664E-01   9.8956664E-01
   9.8956664E-01   9.8338980E-01   9.8903760E-01   9.8903760E-01   9.8903760E-01
   9.8338980E-01   9.8956664E-01   9.8956664E-01   9.8956664E-01   9.8328394E-01

   1.0167649E+02   1.9647519E+05   1.8255239E+15   7.7749293E+00   1.1940064E-04   5.6827558E-02   1.0000000E+00    52 
   1.0104701E+00   9.9883680E-01   9.9883680E-01   9.9883680E-01   9.9523847E-01
   9.9704225E-01   9.9312571E-01   9.9312571E-01   9.9312571E-01   9.9610180E-01
   9.9610180E-01   9.9610180E-01   9.9158716E-01   9.9241886E-01   9.9536607E-01
   9.9407764E-01   9.9629503E-01   9.9629503E-01   9.9629503E-01   9.9462369E-01
   9.9629503E-01   9.9629503E-01   9.9629503E-01   9.9462369E-01   9.8978291E-01
   9.8978291E-01   9.8978291E-01   9.8978291E-01   9.8978291E-01   9.8978291E-01
   9.9315531E-01   9.9578171E-01   9.9578171E-01   9.9578171E-01   9.9441306E-01
   9.9312947E-01   9.9312947E-01   9.9312947E-01   9.9181546E-01   9.9611312E-01
   9.9201684E-01   9.9181546E-01   9.9181546E-01   9.9312947E-01   9.9312947E-01
   9.9312947E-01   9.9531041E-01   9.9531041E-01   9.9531041E-01   9.9230546E-01
   9.9523443E-01   9.9523443E-01   9.9523443E-01   9.9202412E-01   9.9202412E-01
   9.9642712E-01   9.9642712E-01   9.9642712E-01   9.9523443E-01   9.9523443E-01
   9.9523443E-01   9.9202412E-01   9.9523443E-01   9.9523443E-01   9.9523443E-01
   9.9236623E-01   9.9523443E-01   9.9523443E-01   9.9523443E-01   9.9202412E-01
   9.9523443E-01   9.9523443E-01   9.9202412E-01   9.9642712E-01   9.9642712E-01
   9.9642712E-01   9.9236623E-01   9.9261538E-01   9.9536943E-01   9.9536943E-01
   9.9536943E-01   9.9261538E-01   9.9513624E-01   9.9513624E-01   9.9513624E-01
   9.9261538E-01   9.9536943E-01   9.9536943E-01   9.9536943E-01   9.9253260E-01

   1.0156938E+02   1.6001715E+05   2.3938737E+15   8.3330665E+00   9.9095121E-05   4.3432605E-02   1.0000000E+00    53 
   1.0052153E+00   1.0005008E+00   1.0005008E+00   1.0005008E+00   9.9902524E-01
   9.9940581E-01   9.9781388E-01   9.9781388E-01   9.9781388E-01   9.9863215E-01
   9.9863215E-01   9.9863215E-01   9.9742584E-01   9.9726104E-01   9.9826387E-01
   9.9774003E-01   9.9865679E-01   9.9865679E-01   9.9865679E-01   9.9770066E-01
   9.9865679E-01   9.9865679E-01   9.9865679E-01   9.9770066E-01   9.9586453E-01
   9.9586453E-01   9.9586453E-01   9.9586453E-01   9.9586453E-01   9.9586453E-01
   9.9728281E-01   9.9829736E-01   9.9829736E-01   9.9829736E-01   9.9781851E-01
   9.9699216E-01   9.9699216E-01   9.9699216E-01   9.9690765E-01   9.9779616E-01
   9.9679711E-01   9.9690765E-01   9.9690765E-01   9.9699216E-01   9.9699216E-01
   9.9699216E-01   9.9789819E-01   9.9789819E-01   9.9789819E-01   9.9687556E-01
   9.9800466E-01   9.9800466E-01   9.9800466E-01   9.9676761E-01   9.9676761E-01
   9.9852594E-01   9.9852594E-01   9.9852594E-01   9.9800466E-01   9.9800466E-01
   9.9800466E-01   9.9676761E-01   9.9800466E-01   9.9800466E-01   9.9800466E-01
   9.9683363E-01   9.9800466E-01   9.9800466E-01   9.9800466E-01   9.9676761E-01
   9.9800466E-01   9.9800466E-01   9.9676761E-01   9.9852594E-01   9.9852594E-01
   9.9852594E-01   9.9683363E-01   9.9687469E-01   9.9808202E-01   9.9808202E-01
   9.9808202E-01   9.9687469E-01   9.9798366E-01   9.9798366E-01   9.9798366E-01
   9.9687469E-01   9.9808202E-01   9.9808202E-01   9.9808202E-01   9.9682664E-01

   1.0145830E+02   1.3147228E+05   3.1116339E+15   8.9428295E+00   8.4057133E-05   3.3491228E-02   1.0000000E+00    54 
   1.0025805E+00   1.0007917E+00   1.0007917E+00   1.0007917E+00   1.0001469E+00
   1.0001392E+00   9.9946710E-01   9.9946710E-01   9.9946710E-01   9.9965178E-01
   9.9965178E-01   9.9965178E-01   9.9938889E-01   9.9913408E-01   9.9947005E-01
   9.9922412E-01   9.9961454E-01   9.9961454E-01   9.9961454E-01   9.9911407E-01
   9.9961454E-01   9.9961454E-01   9.9961454E-01   9.9911407E-01   9.9838088E-01
   9.9838088E-01   9.9838088E-01   9.9838088E-01   9.9838088E-01   9.9838088E-01
   9.9901802E-01   9.9939719E-01   9.9939719E-01   9.9939719E-01   9.9923731E-01
   9.9877029E-01   9.9877029E-01   9.9877029E-01   9.9888982E-01   9.9898747E-01
   9.9878247E-01   9.9888982E-01   9.9888982E-01   9.9877029E-01   9.9877029E-01
   9.9877029E-01   9.9915082E-01   9.9915082E-01   9.9915082E-01   9.9876747E-01
   9.9922696E-01   9.9922696E-01   9.9922696E-01   9.9874444E-01   9.9874444E-01
   9.9944947E-01   9.9944947E-01   9.9944947E-01   9.9922696E-01   9.9922696E-01
   9.9922696E-01   9.9874444E-01   9.9922696E-01   9.9922696E-01   9.9922696E-01
   9.9874139E-01   9.9922696E-01   9.9922696E-01   9.9922696E-01   9.9874444E-01
   9.9922696E-01   9.9922696E-01   9.9874444E-01   9.9944947E-01   9.9944947E-01
   9.9944947E-01   9.9874139E-01   9.9873634E-01   9.9926605E-01   9.9926605E-01
   9.9926605E-01   9.9873634E-01   9.9922562E-01   9.9922562E-01   9.9922562E-01
   9.9873634E-01   9.9926605E-01   9.9926605E-01   9.9926605E-01   9.9871487E-01

   1.0134230E+02   1.0969424E+05   4.0150075E+15   9.6077847E+00   7.2972844E-05   2.6018932E-02   1.0000000E+00    55 
   1.0013645E+00   1.0006668E+00   1.0006668E+00   1.0006668E+00   1.0003628E+00
   1.0003138E+00   1.0000092E+00   1.0000092E+00   1.0000092E+00   1.0000442E+00
   1.0000442E+00   1.0000442E+00   1.0000113E+00   9.9981098E-01   9.9992485E-01
   9.9980235E-01   9.9998149E-01   9.9998149E-01   9.9998149E-01   9.9973357E-01
   9.9998149E-01   9.9998149E-01   9.9998149E-01   9.9973357E-01   9.9943448E-01
   9.9943448E-01   9.9943448E-01   9.9943448E-01   9.9943448E-01   9.9943448E-01
   9.9970981E-01   9.9985813E-01   9.9985813E-01   9.9985813E-01   9.9980307E-01
   9.9956834E-01   9.9956834E-01   9.9956834E-01   9.9966047E-01   9.9962059E-01
   9.9959434E-01   9.9966047E-01   9.9966047E-01   9.9956834E-01   9.9956834E-01
   9.9956834E-01   9.9971912E-01   9.9971912E-01   9.9971912E-01   9.9955931E-01
   9.9975390E-01   9.9975390E-01   9.9975390E-01   9.9956332E-01   9.9956332E-01
   9.9984178E-01   9.9984178E-01   9.9984178E-01   9.9975390E-01   9.9975390E-01
   9.9975390E-01   9.9956332E-01   9.9975390E-01   9.9975390E-01   9.9975390E-01
   9.9954848E-01   9.9975390E-01   9.9975390E-01   9.9975390E-01   9.9956332E-01
   9.9975390E-01   9.9975390E-01   9.9956332E-01   9.9984178E-01   9.9984178E-01
   9.9984178E-01   9.9954848E-01   9.9954058E-01   9.9976815E-01   9.9976815E-01
   9.9976815E-01   9.9954058E-01   9.9975218E-01   9.9975218E-01   9.9975218E-01
   9.9954058E-01   9.9976815E-01   9.9976815E-01   9.9976815E-01   9.9953166E-01

   1.0122043E+02   9.3388116E+04   5.1498192E+15   1.0331288E+01   6.4855398E-05   2.0337346E-02   1.0000000E+00    56 
   1.0007756E+00   1.0004941E+00   1.0004941E+00   1.0004941E+00   1.0003441E+00
   1.0003260E+00   1.0001785E+00   1.0001785E+00   1.0001785E+00   1.0001695E+00
   1.0001695E+00   1.0001695E+00   1.0001856E+00   1.0000443E+00   1.0000735E+00
   1.0000226E+00   1.0001053E+00   1.0001053E+00   1.0001053E+00   9.9999425E-01
   1.0001053E+00   1.0001053E+00   1.0001053E+00   9.9999425E-01   9.9987963E-01
   9.9987963E-01   9.9987963E-01   9.9987963E-01   9.9987963E-01   9.9987963E-01
   9.9998254E-01   1.0000380E+00   1.0000380E+00   1.0000380E+00   1.0000209E+00
   9.9990687E-01   9.9990687E-01   9.9990687E-01   9.9995455E-01   9.9991250E-01
   9.9992157E-01   9.9995455E-01   9.9995455E-01   9.9990687E-01   9.9990687E-01
   9.9990687E-01   9.9996276E-01   9.9996276E-01   9.9996276E-01   9.9989339E-01
   9.9997660E-01   9.9997660E-01   9.9997660E-01   9.9989916E-01   9.9989916E-01
   1.0000098E+00   1.0000098E+00   1.0000098E+00   9.9997660E-01   9.9997660E-01
   9.9997660E-01   9.9989916E-01   9.9997660E-01   9.9997660E-01   9.9997660E-01
   9.9988603E-01   9.9997660E-01   9.9997660E-01   9.9997660E-01   9.9989916E-01
   9.9997660E-01   9.9997660E-01   9.9989916E-01   1.0000098E+00   1.0000098E+00
   1.0000098E+00   9.9988603E-01   9.9988044E-01   9.9997898E-01   9.9997898E-01
   9.9997898E-01   9.9988044E-01   9.9997267E-01   9.9997267E-01   9.9997267E-01
   9.9988044E-01   9.9997898E-01   9.9997898E-01   9.9997898E-01   9.9987668E-01

   1.0109170E+02   8.1472816E+04   6.5786482E+15   1.1117055E+01   5.9008414E-05   1.5962558E-02   1.0000000E+00    57 
   1.0004455E+00   1.0003420E+00   1.0003420E+00   1.0003420E+00   1.0002573E+00
   1.0002654E+00   1.0001918E+00   1.0001918E+00   1.0001918E+00   1.0001707E+00
   1.0001707E+00   1.0001707E+00   1.0001880E+00   1.0000948E+00   1.0001001E+00
   1.0000805E+00   1.0001191E+00   1.0001191E+00   1.0001191E+00   1.0000732E+00
   1.0001191E+00   1.0001191E+00   1.0001191E+00   1.0000732E+00   1.0000328E+00
   1.0000328E+00   1.0000328E+00   1.0000328E+00   1.0000328E+00   1.0000328E+00
   1.0000644E+00   1.0000828E+00   1.0000828E+00   1.0000828E+00   1.0000800E+00
   1.0000228E+00   1.0000228E+00   1.0000228E+00   1.0000478E+00   1.0000184E+00
   1.0000312E+00   1.0000478E+00   1.0000478E+00   1.0000228E+00   1.0000228E+00
   1.0000228E+00   1.0000423E+00   1.0000423E+00   1.0000423E+00   1.0000123E+00
   1.0000470E+00   1.0000470E+00   1.0000470E+00   1.0000153E+00   1.0000153E+00
   1.0000592E+00   1.0000592E+00   1.0000592E+00   1.0000470E+00   1.0000470E+00
   1.0000470E+00   1.0000153E+00   1.0000470E+00   1.0000470E+00   1.0000470E+00
   1.0000060E+00   1.0000470E+00   1.0000470E+00   1.0000470E+00   1.0000153E+00
   1.0000470E+00   1.0000470E+00   1.0000153E+00   1.0000592E+00   1.0000592E+00
   1.0000592E+00   1.0000060E+00   1.0000024E+00   1.0000453E+00   1.0000453E+00
   1.0000453E+00   1.0000024E+00   1.0000427E+00   1.0000427E+00   1.0000427E+00
   1.0000024E+00   1.0000453E+00   1.0000453E+00   1.0000453E+00   1.0000006E+00

   1.0095493E+02   7.3375645E+04   8.4026701E+15   1.1969203E+01   5.5046065E-05   1.2532095E-02   1.0000000E+00    58 
   1.0002351E+00   1.0002056E+00   1.0002056E+00   1.0002056E+00   1.0001552E+00
   1.0001726E+00   1.0001337E+00   1.0001337E+00   1.0001337E+00   1.0001193E+00
   1.0001193E+00   1.0001193E+00   1.0001270E+00   1.0000726E+00   1.0000757E+00
   1.0000665E+00   1.0000852E+00   1.0000852E+00   1.0000852E+00   1.0000668E+00
   1.0000852E+00   1.0000852E+00   1.0000852E+00   1.0000668E+00   1.0000533E+00
   1.0000533E+00   1.0000533E+00   1.0000533E+00   1.0000533E+00   1.0000533E+00
   1.0000612E+00   1.0000663E+00   1.0000663E+00   1.0000663E+00   1.0000677E+00
   1.0000390E+00   1.0000390E+00   1.0000390E+00   1.0000522E+00   1.0000338E+00
   1.0000436E+00   1.0000522E+00   1.0000522E+00   1.0000390E+00   1.0000390E+00
   1.0000390E+00   1.0000445E+00   1.0000445E+00   1.0000445E+00   1.0000325E+00
   1.0000455E+00   1.0000455E+00   1.0000455E+00   1.0000337E+00   1.0000337E+00
   1.0000495E+00   1.0000495E+00   1.0000495E+00   1.0000455E+00   1.0000455E+00
   1.0000455E+00   1.0000337E+00   1.0000455E+00   1.0000455E+00   1.0000455E+00
   1.0000282E+00   1.0000455E+00   1.0000455E+00   1.0000455E+00   1.0000337E+00
   1.0000455E+00   1.0000455E+00   1.0000337E+00   1.0000495E+00   1.0000495E+00
   1.0000495E+00   1.0000282E+00   1.0000261E+00   1.0000433E+00   1.0000433E+00
   1.0000433E+00   1.0000261E+00   1.0000423E+00   1.0000423E+00   1.0000423E+00
   1.0000261E+00   1.0000433E+00   1.0000433E+00   1.0000433E+00   1.0000253E+00

   1.0080607E+02   6.8719584E+04   1.0834728E+16   1.2911718E+01   5.2723042E-05   9.7480358E-03   1.0000000E+00    59 
   1.0001118E+00   1.0001078E+00   1.0001078E+00   1.0001078E+00   1.0000782E+00
   1.0000950E+00   1.0000716E+00   1.0000716E+00   1.0000716E+00   1.0000676E+00
   1.0000676E+00   1.0000676E+00   1.0000676E+00   1.0000396E+00   1.0000429E+00
   1.0000384E+00   1.0000479E+00   1.0000479E+00   1.0000479E+00   1.0000404E+00
   1.0000479E+00   1.0000479E+00   1.0000479E+00   1.0000404E+00   1.0000349E+00
   1.0000349E+00   1.0000349E+00   1.0000349E+00   1.0000349E+00   1.0000349E+00
   1.0000374E+00   1.0000386E+00   1.0000386E+00   1.0000386E+00   1.0000404E+00
   1.0000261E+00   1.0000261E+00   1.0000261E+00   1.0000324E+00   1.0000224E+00
   1.0000282E+00   1.0000324E+00   1.0000324E+00   1.0000261E+00   1.0000261E+00
   1.0000261E+00   1.0000270E+00   1.0000270E+00   1.0000270E+00   1.0000226E+00
   1.0000268E+00   1.0000268E+00   1.0000268E+00   1.0000230E+00   1.0000230E+00
   1.0000279E+00   1.0000279E+00   1.0000279E+00   1.0000268E+00   1.0000268E+00
   1.0000268E+00   1.0000230E+00   1.0000268E+00   1.0000268E+00   1.0000268E+00
   1.0000201E+00   1.0000268E+00   1.0000268E+00   1.0000268E+00   1.0000230E+00
   1.0000268E+00   1.0000268E+00   1.0000230E+00   1.0000279E+00   1.0000279E+00
   1.0000279E+00   1.0000201E+00   1.0000190E+00   1.0000254E+00   1.0000254E+00
   1.0000254E+00   1.0000190E+00   1.0000250E+00   1.0000250E+00   1.0000250E+00
   1.0000190E+00   1.0000254E+00   1.0000254E+00   1.0000254E+00   1.0000187E+00

   1.0068651E+02   6.7342738E+04   1.3198529E+16   1.3679974E+01   5.1970895E-05   8.0213027E-03   1.0000000E+00    60 
   1.0000607E+00   1.0000635E+00   1.0000635E+00   1.0000635E+00   1.0000439E+00
   1.0000577E+00   1.0000411E+00   1.0000411E+00   1.0000411E+00   1.0000420E+00
   1.0000420E+00   1.0000420E+00   1.0000396E+00   1.0000233E+00   1.0000265E+00
   1.0000240E+00   1.0000294E+00   1.0000294E+00   1.0000294E+00   1.0000259E+00
   1.0000294E+00   1.0000294E+00   1.0000294E+00   1.0000259E+00   1.0000229E+00
   1.0000229E+00   1.0000229E+00   1.0000229E+00   1.0000229E+00   1.0000229E+00
   1.0000242E+00   1.0000242E+00   1.0000242E+00   1.0000242E+00   1.0000257E+00
   1.0000175E+00   1.0000175E+00   1.0000175E+00   1.0000211E+00   1.0000150E+00
   1.0000187E+00   1.0000211E+00   1.0000211E+00   1.0000175E+00   1.0000175E+00
   1.0000175E+00   1.0000173E+00   1.0000173E+00   1.0000173E+00   1.0000154E+00
   1.0000169E+00   1.0000169E+00   1.0000169E+00   1.0000156E+00   1.0000156E+00
   1.0000172E+00   1.0000172E+00   1.0000172E+00   1.0000169E+00   1.0000169E+00
   1.0000169E+00   1.0000156E+00   1.0000169E+00   1.0000169E+00   1.0000169E+00
   1.0000139E+00   1.0000169E+00   1.0000169E+00   1.0000169E+00   1.0000156E+00
   1.0000169E+00   1.0000169E+00   1.0000156E+00   1.0000172E+00   1.0000172E+00
   1.0000172E+00   1.0000139E+00   1.0000132E+00   1.0000160E+00   1.0000160E+00
   1.0000160E+00   1.0000132E+00   1.0000158E+00   1.0000158E+00   1.0000158E+00
   1.0000132E+00   1.0000160E+00   1.0000160E+00   1.0000160E+00   1.0000130E+00

   1.0062098E+02   6.7349770E+04   1.4678757E+16   1.4105755E+01   5.1906019E-05   7.2218434E-03   1.0000000E+00    61 
   1.0000436E+00   1.0000482E+00   1.0000482E+00   1.0000482E+00   1.0000324E+00
   1.0000444E+00   1.0000308E+00   1.0000308E+00   1.0000308E+00   1.0000330E+00
   1.0000330E+00   1.0000330E+00   1.0000302E+00   1.0000180E+00   1.0000210E+00
   1.0000192E+00   1.0000230E+00   1.0000230E+00   1.0000230E+00   1.0000209E+00
   1.0000230E+00   1.0000230E+00   1.0000230E+00   1.0000209E+00   1.0000189E+00
   1.0000189E+00   1.0000189E+00   1.0000189E+00   1.0000189E+00   1.0000189E+00
   1.0000196E+00   1.0000192E+00   1.0000192E+00   1.0000192E+00   1.0000206E+00
   1.0000146E+00   1.0000146E+00   1.0000146E+00   1.0000174E+00   1.0000126E+00
   1.0000155E+00   1.0000174E+00   1.0000174E+00   1.0000146E+00   1.0000146E+00
   1.0000146E+00   1.0000141E+00   1.0000141E+00   1.0000141E+00   1.0000130E+00
   1.0000137E+00   1.0000137E+00   1.0000137E+00   1.0000131E+00   1.0000131E+00
   1.0000138E+00   1.0000138E+00   1.0000138E+00   1.0000137E+00   1.0000137E+00
   1.0000137E+00   1.0000131E+00   1.0000137E+00   1.0000137E+00   1.0000137E+00
   1.0000119E+00   1.0000137E+00   1.0000137E+00   1.0000137E+00   1.0000131E+00
   1.0000137E+00   1.0000137E+00   1.0000131E+00   1.0000138E+00   1.0000138E+00
   1.0000138E+00   1.0000119E+00   1.0000113E+00   1.0000130E+00   1.0000130E+00
   1.0000130E+00   1.0000113E+00   1.0000128E+00   1.0000128E+00   1.0000128E+00
   1.0000113E+00   1.0000130E+00   1.0000130E+00   1.0000130E+00   1.0000112E+00

   1.0058758E+02   6.7550336E+04   1.5489991E+16   1.4324159E+01   5.1959850E-05   6.8481798E-03   1.0000000E+00    62 
   1.0000449E+00   1.0000500E+00   1.0000500E+00   1.0000500E+00   1.0000338E+00
   1.0000466E+00   1.0000326E+00   1.0000326E+00   1.0000326E+00   1.0000348E+00
   1.0000348E+00   1.0000348E+00   1.0000315E+00   1.0000193E+00   1.0000221E+00
   1.0000204E+00   1.0000242E+00   1.0000242E+00   1.0000242E+00   1.0000223E+00
   1.0000242E+00   1.0000242E+00   1.0000242E+00   1.0000223E+00   1.0000205E+00
   1.0000205E+00   1.0000205E+00   1.0000205E+00   1.0000205E+00   1.0000205E+00
   1.0000210E+00   1.0000203E+00   1.0000203E+00   1.0000203E+00   1.0000218E+00
   1.0000156E+00   1.0000156E+00   1.0000156E+00   1.0000184E+00   1.0000135E+00
   1.0000166E+00   1.0000184E+00   1.0000184E+00   1.0000156E+00   1.0000156E+00
   1.0000156E+00   1.0000149E+00   1.0000149E+00   1.0000149E+00   1.0000140E+00
   1.0000145E+00   1.0000145E+00   1.0000145E+00   1.0000141E+00   1.0000141E+00
   1.0000146E+00   1.0000146E+00   1.0000146E+00   1.0000145E+00   1.0000145E+00
   1.0000145E+00   1.0000141E+00   1.0000145E+00   1.0000145E+00   1.0000145E+00
   1.0000128E+00   1.0000145E+00   1.0000145E+00   1.0000145E+00   1.0000141E+00
   1.0000145E+00   1.0000145E+00   1.0000141E+00   1.0000146E+00   1.0000146E+00
   1.0000146E+00   1.0000128E+00   1.0000122E+00   1.0000137E+00   1.0000137E+00
   1.0000137E+00   1.0000122E+00   1.0000136E+00   1.0000136E+00   1.0000136E+00
   1.0000122E+00   1.0000137E+00   1.0000137E+00   1.0000137E+00   1.0000121E+00

   1.0057637E+02   6.7660548E+04   1.5772185E+16   1.4397884E+01   5.1995263E-05   6.7271547E-03   1.0000000E+00    63 
   1.0002437E+00   1.0002160E+00   1.0002160E+00   1.0002160E+00   1.0001707E+00
   1.0001748E+00   1.0001420E+00   1.0001420E+00   1.0001420E+00   1.0001444E+00
   1.0001444E+00   1.0001444E+00   1.0001226E+00   1.0001064E+00   1.0001034E+00
   1.0000944E+00   1.0001004E+00   1.0001004E+00   1.0001004E+00   1.0000915E+00
   1.0001004E+00   1.0001004E+00   1.0001004E+00   1.0000915E+00   1.0000677E+00
   1.0000677E+00   1.0000677E+00   1.0000677E+00   1.0000677E+00   1.0000677E+00
   1.0000775E+00   1.0000805E+00   1.0000805E+00   1.0000805E+00   1.0000793E+00
   1.0000634E+00   1.0000634E+00   1.0000634E+00   1.0000559E+00   1.0000573E+00
   1.0000557E+00   1.0000559E+00   1.0000559E+00   1.0000634E+00   1.0000634E+00
   1.0000634E+00   1.0000567E+00   1.0000567E+00   1.0000567E+00   1.0000491E+00
   1.0000512E+00   1.0000512E+00   1.0000512E+00   1.0000460E+00   1.0000460E+00
   1.0000506E+00   1.0000506E+00   1.0000506E+00   1.0000512E+00   1.0000512E+00
   1.0000512E+00   1.0000460E+00   1.0000512E+00   1.0000512E+00   1.0000512E+00
   1.0000438E+00   1.0000512E+00   1.0000512E+00   1.0000512E+00   1.0000460E+00
   1.0000512E+00   1.0000512E+00   1.0000460E+00   1.0000506E+00   1.0000506E+00
   1.0000506E+00   1.0000438E+00   1.0000415E+00   1.0000474E+00   1.0000474E+00
   1.0000474E+00   1.0000415E+00   1.0000471E+00   1.0000471E+00   1.0000471E+00
   1.0000415E+00   1.0000474E+00   1.0000474E+00   1.0000474E+00   1.0000411E+00
