
 24-FEB-2004                           !Format date

   1.0057637E+02     1.0810E+06       62       63

   1.1341482E+04   5.0971781E-01   2.8249382E+06   1.8495937E+00   5.4575266E-02   2.9481942E+03   1.0000000E+00     1 
   2.2425486E-04   2.9603721E-07   2.9603721E-07   9.9405145E-07   9.9405145E-07
   9.1297025E-05   1.0782420E-02   1.0782420E-02   2.2106111E-03   2.2106111E-03
   3.2357144E-06   3.2357144E-06   4.0918613E-03   3.1932786E-01   3.1932786E-01
   9.4605591E-04   9.4605591E-04   1.3901692E-02   1.3901692E-02   9.4605591E-04
   9.4605591E-04   9.4605591E-04   1.3901692E-02   1.3901692E-02   4.4675077E-03
   4.4675077E-03   9.8136015E-02   9.8136015E-02   4.4675077E-03   4.4675077E-03
   4.4675077E-03   9.8136015E-02   9.8136015E-02   4.4675077E-03   4.4675077E-03
   9.8136015E-02   9.8136015E-02   4.7355453E-03   4.7355453E-03   4.7355453E-03
   2.6574609E-01   2.6574609E-01   4.7355453E-03   4.7355453E-03   2.6574609E-01
   2.6574609E-01   4.7355453E-03   4.7355453E-03   4.7355453E-03   2.6574609E-01
   2.6574609E-01   4.7355453E-03   2.6574609E-01   2.6574609E-01   4.7355453E-03
   4.7355453E-03   1.2876976E-02   2.6574609E-01   1.2876976E-02   2.6574609E-01
   2.6574609E-01   1.2876976E-02

   1.1234034E+04   5.1957495E-01   2.8794849E+06   1.8496862E+00   5.4544825E-02   2.9479382E+03   1.0000000E+00     2 
   2.2034970E-04   2.9637543E-07   2.9637543E-07   9.9464044E-07   9.9464044E-07
   9.1325444E-05   1.0784286E-02   1.0784286E-02   2.2111504E-03   2.2111504E-03
   3.2379149E-06   3.2379149E-06   4.0925298E-03   3.1934459E-01   3.1934459E-01
   9.4629592E-04   9.4629592E-04   1.3901661E-02   1.3901661E-02   9.4629592E-04
   9.4629592E-04   9.4629592E-04   1.3901661E-02   1.3901661E-02   4.4686449E-03
   4.4686449E-03   9.8118217E-02   9.8118217E-02   4.4686449E-03   4.4686449E-03
   4.4686449E-03   9.8118217E-02   9.8118217E-02   4.4686449E-03   4.4686449E-03
   9.8118217E-02   9.8118217E-02   4.7392043E-03   4.7392043E-03   4.7392043E-03
   2.6572379E-01   2.6572379E-01   4.7392043E-03   4.7392043E-03   2.6572379E-01
   2.6572379E-01   4.7392043E-03   4.7392043E-03   4.7392043E-03   2.6572379E-01
   2.6572379E-01   4.7392043E-03   2.6572379E-01   2.6572379E-01   4.7392043E-03
   4.7392043E-03   1.2886218E-02   2.6572379E-01   1.2886218E-02   2.6572379E-01
   2.6572379E-01   1.2886218E-02

   1.1021993E+04   5.3988526E-01   2.9918700E+06   1.8498852E+00   5.4483236E-02   2.9474172E+03   1.0000000E+00     3 
   2.1279928E-04   2.9712342E-07   2.9712342E-07   9.9599808E-07   9.9599808E-07
   9.1394931E-05   1.0789301E-02   1.0789301E-02   2.2124632E-03   2.2124632E-03
   3.2427896E-06   3.2427896E-06   4.0942325E-03   3.1940278E-01   3.1940278E-01
   9.4686715E-04   9.4686715E-04   1.3902602E-02   1.3902602E-02   9.4686715E-04
   9.4686715E-04   9.4686715E-04   1.3902602E-02   1.3902602E-02   4.4714004E-03
   4.4714004E-03   9.8087541E-02   9.8087541E-02   4.4714004E-03   4.4714004E-03
   4.4714004E-03   9.8087541E-02   9.8087541E-02   4.4714004E-03   4.4714004E-03
   9.8087541E-02   9.8087541E-02   4.7470876E-03   4.7470876E-03   4.7470876E-03
   2.6570791E-01   2.6570791E-01   4.7470876E-03   4.7470876E-03   2.6570791E-01
   2.6570791E-01   4.7470876E-03   4.7470876E-03   4.7470876E-03   2.6570791E-01
   2.6570791E-01   4.7470876E-03   2.6570791E-01   2.6570791E-01   4.7470876E-03
   4.7470876E-03   1.2905468E-02   2.6570791E-01   1.2905468E-02   2.6570791E-01
   2.6570791E-01   1.2905468E-02

   1.0610344E+04   5.8287707E-01   3.2296947E+06   1.8503157E+00   5.4345422E-02   2.9463495E+03   1.0000000E+00     4 
   1.9857470E-04   2.9872501E-07   2.9872501E-07   9.9889071E-07   9.9889071E-07
   9.1540966E-05   1.0799658E-02   1.0799658E-02   2.2151047E-03   2.2151047E-03
   3.2529596E-06   3.2529596E-06   4.0975283E-03   3.1950010E-01   3.1950010E-01
   9.4800356E-04   9.4800356E-04   1.3903500E-02   1.3903500E-02   9.4800356E-04
   9.4800356E-04   9.4800356E-04   1.3903500E-02   1.3903500E-02   4.4769168E-03
   4.4769168E-03   9.8013154E-02   9.8013154E-02   4.4769168E-03   4.4769168E-03
   4.4769168E-03   9.8013154E-02   9.8013154E-02   4.4769168E-03   4.4769168E-03
   9.8013154E-02   9.8013154E-02   4.7635512E-03   4.7635512E-03   4.7635512E-03
   2.6565064E-01   2.6565064E-01   4.7635512E-03   4.7635512E-03   2.6565064E-01
   2.6565064E-01   4.7635512E-03   4.7635512E-03   4.7635512E-03   2.6565064E-01
   2.6565064E-01   4.7635512E-03   2.6565064E-01   2.6565064E-01   4.7635512E-03
   4.7635512E-03   1.2946258E-02   2.6565064E-01   1.2946258E-02   2.6565064E-01
   2.6565064E-01   1.2946258E-02

   9.8324823E+03   6.7946125E-01   3.7637926E+06   1.8512146E+00   5.4045500E-02   2.9441008E+03   1.0000000E+00     5 
   1.7297080E-04   3.0203489E-07   3.0203489E-07   1.0047171E-06   1.0047171E-06
   9.1823837E-05   1.0818540E-02   1.0818540E-02   2.2201373E-03   2.2201373E-03
   3.2744499E-06   3.2744499E-06   4.1036206E-03   3.1962986E-01   3.1962986E-01
   9.5032443E-04   9.5032443E-04   1.3902685E-02   1.3902685E-02   9.5032443E-04
   9.5032443E-04   9.5032443E-04   1.3902685E-02   1.3902685E-02   4.4884237E-03
   4.4884237E-03   9.7833236E-02   9.7833236E-02   4.4884237E-03   4.4884237E-03
   4.4884237E-03   9.7833236E-02   9.7833236E-02   4.4884237E-03   4.4884237E-03
   9.7833236E-02   9.7833236E-02   4.7996223E-03   4.7996223E-03   4.7996223E-03
   2.6549748E-01   2.6549748E-01   4.7996223E-03   4.7996223E-03   2.6549748E-01
   2.6549748E-01   4.7996223E-03   4.7996223E-03   4.7996223E-03   2.6549748E-01
   2.6549748E-01   4.7996223E-03   2.6549748E-01   2.6549748E-01   4.7996223E-03
   4.7996223E-03   1.3036239E-02   2.6549748E-01   1.3036239E-02   2.6549748E-01
   2.6549748E-01   1.3036239E-02

   8.4398396E+03   9.2442807E-01   5.1172808E+06   1.8530458E+00   5.3329862E-02   2.9389838E+03   1.0000000E+00     6 
   1.3089064E-04   3.0820312E-07   3.0820312E-07   1.0142054E-06   1.0142054E-06
   9.2171041E-05   1.0829178E-02   1.0829178E-02   2.2260236E-03   2.2260236E-03
   3.3182107E-06   3.3182107E-06   4.1087295E-03   3.1924398E-01   3.1924398E-01
   9.5420499E-04   9.5420499E-04   1.3877247E-02   1.3877247E-02   9.5420499E-04
   9.5420499E-04   9.5420499E-04   1.3877247E-02   1.3877247E-02   4.5095880E-03
   4.5095880E-03   9.7247701E-02   9.7247701E-02   4.5095880E-03   4.5095880E-03
   4.5095880E-03   9.7247701E-02   9.7247701E-02   4.5095880E-03   4.5095880E-03
   9.7247701E-02   9.7247701E-02   4.8835249E-03   4.8835249E-03   4.8835249E-03
   2.6479698E-01   2.6479698E-01   4.8835249E-03   4.8835249E-03   2.6479698E-01
   2.6479698E-01   4.8835249E-03   4.8835249E-03   4.8835249E-03   2.6479698E-01
   2.6479698E-01   4.8835249E-03   2.6479698E-01   2.6479698E-01   4.8835249E-03
   4.8835249E-03   1.3252583E-02   2.6479698E-01   1.3252583E-02   2.6479698E-01
   2.6479698E-01   1.3252583E-02

   6.2778820E+03   1.6794484E+00   9.2882207E+06   1.8563132E+00   5.2359238E-02   2.9264839E+03   1.0000000E+00     7 
   7.6262733E-05   3.2060114E-07   3.2060114E-07   1.0332022E-06   1.0332022E-06
   9.2919125E-05   1.0857943E-02   1.0857943E-02   2.2488804E-03   2.2488804E-03
   3.4526238E-06   3.4526238E-06   4.1455449E-03   3.2017204E-01   3.2017204E-01
   9.7267837E-04   9.7267837E-04   1.3943056E-02   1.3943056E-02   9.7267837E-04
   9.7267837E-04   9.7267837E-04   1.3943056E-02   1.3943056E-02   4.5972650E-03
   4.5972650E-03   9.6581743E-02   9.6581743E-02   4.5972650E-03   4.5972650E-03
   4.5972650E-03   9.6581743E-02   9.6581743E-02   4.5972650E-03   4.5972650E-03
   9.6581743E-02   9.6581743E-02   5.1421448E-03   5.1421448E-03   5.1421448E-03
   2.6475221E-01   2.6475221E-01   5.1421448E-03   5.1421448E-03   2.6475221E-01
   2.6475221E-01   5.1421448E-03   5.1421448E-03   5.1421448E-03   2.6475221E-01
   2.6475221E-01   5.1421448E-03   2.6475221E-01   2.6475221E-01   5.1421448E-03
   5.1421448E-03   1.3872193E-02   2.6475221E-01   1.3872193E-02   2.6475221E-01
   2.6475221E-01   1.3872193E-02

   4.6756742E+03   3.0488028E+00   1.6838946E+07   1.8603975E+00   5.0953669E-02   2.9100589E+03   1.0000000E+00     8 
   4.4905355E-05   3.3459211E-07   3.3459211E-07   1.0528891E-06   1.0528891E-06
   9.3403537E-05   1.0835039E-02   1.0835039E-02   2.2704628E-03   2.2704628E-03
   3.6608978E-06   3.6608978E-06   4.1861652E-03   3.2024533E-01   3.2024533E-01
   1.0008050E-03   1.0008050E-03   1.3913221E-02   1.3913221E-02   1.0008050E-03
   1.0008050E-03   1.0008050E-03   1.3913221E-02   1.3913221E-02   4.7316307E-03
   4.7316307E-03   9.5320911E-02   9.5320911E-02   4.7316307E-03   4.7316307E-03
   4.7316307E-03   9.5320911E-02   9.5320911E-02   4.7316307E-03   4.7316307E-03
   9.5320911E-02   9.5320911E-02   5.5692516E-03   5.5692516E-03   5.5692516E-03
   2.6380371E-01   2.6380371E-01   5.5692516E-03   5.5692516E-03   2.6380371E-01
   2.6380371E-01   5.5692516E-03   5.5692516E-03   5.5692516E-03   2.6380371E-01
   2.6380371E-01   5.5692516E-03   2.6380371E-01   2.6380371E-01   5.5692516E-03
   5.5692516E-03   1.4925665E-02   2.6380371E-01   1.4925665E-02   2.6380371E-01
   2.6380371E-01   1.4925665E-02

   3.4842997E+03   5.5421678E+00   3.0552823E+07   1.8657246E+00   4.8985307E-02   2.8881725E+03   1.0000000E+00     9 
   2.6828971E-05   3.5271905E-07   3.5271905E-07   1.0784233E-06   1.0784233E-06
   9.3883304E-05   1.0778628E-02   1.0778628E-02   2.2952683E-03   2.2952683E-03
   4.0115391E-06   4.0115391E-06   4.2434588E-03   3.1964759E-01   3.1964759E-01
   1.0495546E-03   1.0495546E-03   1.3843368E-02   1.3843368E-02   1.0495546E-03
   1.0495546E-03   1.0495546E-03   1.3843368E-02   1.3843368E-02   4.9644106E-03
   4.9644106E-03   9.3313994E-02   9.3313994E-02   4.9644106E-03   4.9644106E-03
   4.9644106E-03   9.3313994E-02   9.3313994E-02   4.9644106E-03   4.9644106E-03
   9.3313994E-02   9.3313994E-02   6.2951709E-03   6.2951709E-03   6.2951709E-03
   2.6277024E-01   2.6277024E-01   6.2951709E-03   6.2951709E-03   2.6277024E-01
   2.6277024E-01   6.2951709E-03   6.2951709E-03   6.2951709E-03   2.6277024E-01
   2.6277024E-01   6.2951709E-03   2.6277024E-01   2.6277024E-01   6.2951709E-03
   6.2951709E-03   1.6731835E-02   2.6277024E-01   1.6731835E-02   2.6277024E-01
   2.6277024E-01   1.6731835E-02

   2.5985463E+03   1.0092054E+01   5.5496119E+07   1.8726938E+00   4.6358096E-02   2.8587913E+03   1.0000000E+00    10 
   1.6339466E-05   3.7600418E-07   3.7600418E-07   1.1143379E-06   1.1143379E-06
   9.4479495E-05   1.0685944E-02   1.0685944E-02   2.3277365E-03   2.3277365E-03
   4.6152780E-06   4.6152780E-06   4.3352661E-03   3.1850695E-01   3.1850695E-01
   1.1360787E-03   1.1360787E-03   1.3744747E-02   1.3744747E-02   1.1360787E-03
   1.1360787E-03   1.1360787E-03   1.3744747E-02   1.3744747E-02   5.3631914E-03
   5.3631914E-03   9.0408777E-02   9.0408777E-02   5.3631914E-03   5.3631914E-03
   5.3631914E-03   9.0408777E-02   9.0408777E-02   5.3631914E-03   5.3631914E-03
   9.0408777E-02   9.0408777E-02   7.4989134E-03   7.4989134E-03   7.4989134E-03
   2.6104232E-01   2.6104232E-01   7.4989134E-03   7.4989134E-03   2.6104232E-01
   2.6104232E-01   7.4989134E-03   7.4989134E-03   7.4989134E-03   2.6104232E-01
   2.6104232E-01   7.4989134E-03   2.6104232E-01   2.6104232E-01   7.4989134E-03
   7.4989134E-03   1.9806082E-02   2.6104232E-01   1.9806082E-02   2.6104232E-01
   2.6104232E-01   1.9806082E-02

   1.9408575E+03   1.8402332E+01   1.0087043E+08   1.8822690E+00   4.3007826E-02   2.8193933E+03   1.0000000E+00    11 
   1.0315234E-05   4.1020737E-07   4.1020737E-07   1.1757704E-06   1.1757704E-06
   9.5876969E-05   1.0600373E-02   1.0600373E-02   2.3855310E-03   2.3855310E-03
   5.6930404E-06   5.6930404E-06   4.5078851E-03   3.1827136E-01   3.1827136E-01
   1.2942549E-03   1.2942549E-03   1.3636943E-02   1.3636943E-02   1.2942549E-03
   1.2942549E-03   1.2942549E-03   1.3636943E-02   1.3636943E-02   6.0680462E-03
   6.0680462E-03   8.6662147E-02   8.6662147E-02   6.0680462E-03   6.0680462E-03
   6.0680462E-03   8.6662147E-02   8.6662147E-02   6.0680462E-03   6.0680462E-03
   8.6662147E-02   8.6662147E-02   9.4721368E-03   9.4721368E-03   9.4721368E-03
   2.5998114E-01   2.5998114E-01   9.4721368E-03   9.4721368E-03   2.5998114E-01
   2.5998114E-01   9.4721368E-03   9.4721368E-03   9.4721368E-03   2.5998114E-01
   2.5998114E-01   9.4721368E-03   2.5998114E-01   2.5998114E-01   9.4721368E-03
   9.4721368E-03   2.5012766E-02   2.5998114E-01   2.5012766E-02   2.5998114E-01
   2.5998114E-01   2.5012766E-02

   1.4530208E+03   3.3590698E+01   1.8340066E+08   1.8957601E+00   3.8907708E-02   2.7667114E+03   1.0000000E+00    12 
   6.8999224E-06   4.6502791E-07   4.6502791E-07   1.2935145E-06   1.2935145E-06
   9.9489831E-05   1.0620184E-02   1.0620184E-02   2.5007733E-03   2.5007733E-03
   7.6475267E-06   7.6475267E-06   4.8401076E-03   3.2160017E-01   3.2160017E-01
   1.5790330E-03   1.5790330E-03   1.3648409E-02   1.3648409E-02   1.5790330E-03
   1.5790330E-03   1.5790330E-03   1.3648409E-02   1.3648409E-02   7.2903366E-03
   7.2903366E-03   8.1937740E-02   8.1937740E-02   7.2903366E-03   7.2903366E-03
   7.2903366E-03   8.1937740E-02   8.1937740E-02   7.2903366E-03   7.2903366E-03
   8.1937740E-02   8.1937740E-02   1.2612995E-02   1.2612995E-02   1.2612995E-02
   2.5999647E-01   2.5999647E-01   1.2612995E-02   1.2612995E-02   2.5999647E-01
   2.5999647E-01   1.2612995E-02   1.2612995E-02   1.2612995E-02   2.5999647E-01
   2.5999647E-01   1.2612995E-02   2.5999647E-01   2.5999647E-01   1.2612995E-02
   1.2612995E-02   3.3708620E-02   2.5999647E-01   3.3708620E-02   2.5999647E-01
   2.5999647E-01   3.3708620E-02

   1.0915123E+03   6.1355397E+01   3.3344042E+08   1.9147175E+00   3.4088209E-02   2.6967212E+03   1.0000000E+00    13 
   5.0044722E-06   5.5664393E-07   5.5664393E-07   1.5211086E-06   1.5211086E-06
   1.0737304E-04   1.0861957E-02   1.0861957E-02   2.7214364E-03   2.7214364E-03
   1.1289657E-05   1.1289657E-05   5.4492000E-03   3.3212534E-01   3.3212534E-01
   2.0893399E-03   2.0893399E-03   1.3840847E-02   1.3840847E-02   2.0893399E-03
   2.0893399E-03   2.0893399E-03   1.3840847E-02   1.3840847E-02   9.3792276E-03
   9.3792276E-03   7.6174213E-02   7.6174213E-02   9.3792276E-03   9.3792276E-03
   9.3792276E-03   7.6174213E-02   7.6174213E-02   9.3792276E-03   9.3792276E-03
   7.6174213E-02   7.6174213E-02   1.7450627E-02   1.7450627E-02   1.7450627E-02
   2.6178186E-01   2.6178186E-01   1.7450627E-02   1.7450627E-02   2.6178186E-01
   2.6178186E-01   1.7450627E-02   1.7450627E-02   1.7450627E-02   2.6178186E-01
   2.6178186E-01   1.7450627E-02   2.6178186E-01   2.6178186E-01   1.7450627E-02
   1.7450627E-02   4.7813690E-02   2.6178186E-01   4.7813690E-02   2.6178186E-01
   2.6178186E-01   4.7813690E-02

   8.2390322E+02   1.1205624E+02   6.0578738E+08   1.9422445E+00   2.8655279E-02   2.6052265E+03   1.0000000E+00    14 
   4.1343154E-06   7.3227508E-07   7.3227508E-07   2.0000638E-06   2.0000638E-06
   1.2482482E-04   1.1647050E-02   1.1647050E-02   3.1487448E-03   3.1487448E-03
   1.8434560E-05   1.8434560E-05   6.5517740E-03   3.5662456E-01   3.5662456E-01
   3.0096259E-03   3.0096259E-03   1.4396748E-02   1.4396748E-02   3.0096259E-03
   3.0096259E-03   3.0096259E-03   1.4396748E-02   1.4396748E-02   1.2911054E-02
   1.2911054E-02   6.9732466E-02   6.9732466E-02   1.2911054E-02   1.2911054E-02
   1.2911054E-02   6.9732466E-02   6.9732466E-02   1.2911054E-02   1.2911054E-02
   6.9732466E-02   6.9732466E-02   2.4729912E-02   2.4729912E-02   2.4729912E-02
   2.6272531E-01   2.6272531E-01   2.4729912E-02   2.4729912E-02   2.6272531E-01
   2.6272531E-01   2.4729912E-02   2.4729912E-02   2.4729912E-02   2.6272531E-01
   2.6272531E-01   2.4729912E-02   2.6272531E-01   2.6272531E-01   2.4729912E-02
   2.4729912E-02   6.9866936E-02   2.6272531E-01   6.9866936E-02   2.6272531E-01
   2.6272531E-01   6.9866936E-02

   6.2602163E+02   2.0418926E+02   1.0976257E+09   1.9845700E+00   2.2804892E-02   2.4905748E+03   1.0000000E+00    15 
   4.2930961E-06   1.1492701E-06   1.1492701E-06   3.1329073E-06   3.1329073E-06
   1.6486088E-04   1.3660141E-02   1.3660141E-02   3.9976144E-03   3.9976144E-03
   3.3764158E-05   3.3764158E-05   8.6023287E-03   4.0618541E-01   4.0618541E-01
   4.7284354E-03   4.7284354E-03   1.5479040E-02   1.5479040E-02   4.7284354E-03
   4.7284354E-03   4.7284354E-03   1.5479040E-02   1.5479040E-02   1.8999570E-02
   1.8999570E-02   6.3799814E-02   6.3799814E-02   1.8999570E-02   1.8999570E-02
   1.8999570E-02   6.3799814E-02   6.3799814E-02   1.8999570E-02   1.8999570E-02
   6.3799814E-02   6.3799814E-02   3.5749101E-02   3.5749101E-02   3.5749101E-02
   2.6057002E-01   2.6057002E-01   3.5749101E-02   3.5749101E-02   2.6057002E-01
   2.6057002E-01   3.5749101E-02   3.5749101E-02   3.5749101E-02   2.6057002E-01
   2.6057002E-01   3.5749101E-02   2.6057002E-01   2.6057002E-01   3.5749101E-02
   3.5749101E-02   1.0271969E-01   2.6057002E-01   1.0271969E-01   2.6057002E-01
   2.6057002E-01   1.0271969E-01

   4.7890745E+02   3.7258157E+02   1.9914092E+09   2.0523961E+00   1.6904671E-02   2.3458450E+03   1.0000000E+00    16 
   6.4752676E-06   2.4452654E-06   2.4452654E-06   6.3737561E-06   6.3737561E-06
   2.6718537E-04   1.8719398E-02   1.8719398E-02   5.7327840E-03   5.7327840E-03
   7.1412844E-05   7.1412844E-05   1.2665051E-02   4.9422569E-01   4.9422569E-01
   8.1686095E-03   8.1686095E-03   1.7151161E-02   1.7151161E-02   8.1686095E-03
   8.1686095E-03   8.1686095E-03   1.7151161E-02   1.7151161E-02   3.0127854E-02
   3.0127854E-02   5.9543807E-02   5.9543807E-02   3.0127854E-02   3.0127854E-02
   3.0127854E-02   5.9543807E-02   5.9543807E-02   3.0127854E-02   3.0127854E-02
   5.9543807E-02   5.9543807E-02   5.3238830E-02   5.3238830E-02   5.3238830E-02
   2.5696148E-01   2.5696148E-01   5.3238830E-02   5.3238830E-02   2.5696148E-01
   2.5696148E-01   5.3238830E-02   5.3238830E-02   5.3238830E-02   2.5696148E-01
   2.5696148E-01   5.3238830E-02   2.5696148E-01   2.5696148E-01   5.3238830E-02
   5.3238830E-02   1.4960073E-01   2.5696148E-01   1.4960073E-01   2.5696148E-01
   2.5696148E-01   1.4960073E-01

   3.6959393E+02   6.8291244E+02   3.6315609E+09   2.1590312E+00   1.1617752E-02   2.1600962E+03   1.0000000E+00    17 
   1.6156736E-05   7.9697027E-06   7.9697027E-06   1.8067193E-05   1.8067193E-05
   5.6635972E-04   3.1599646E-02   3.1599646E-02   9.2408635E-03   9.2408635E-03
   1.7864588E-04   1.7864588E-04   2.1447033E-02   6.1503546E-01   6.1503546E-01
   1.5527478E-02   1.5527478E-02   1.9185148E-02   1.9185148E-02   1.5527478E-02
   1.5527478E-02   1.5527478E-02   1.9185148E-02   1.9185148E-02   5.2021160E-02
   5.2021160E-02   5.6848865E-02   5.6848865E-02   5.2021160E-02   5.2021160E-02
   5.2021160E-02   5.6848865E-02   5.6848865E-02   5.2021160E-02   5.2021160E-02
   5.6848865E-02   5.6848865E-02   8.1714287E-02   8.1714287E-02   8.1714287E-02
   2.5450594E-01   2.5450594E-01   8.1714287E-02   8.1714287E-02   2.5450594E-01
   2.5450594E-01   8.1714287E-02   8.1714287E-02   8.1714287E-02   2.5450594E-01
   2.5450594E-01   8.1714287E-02   2.5450594E-01   2.5450594E-01   8.1714287E-02
   8.1714287E-02   2.1463692E-01   2.5450594E-01   2.1463692E-01   2.5450594E-01
   2.5450594E-01   2.1463692E-01

   2.8900439E+02   1.2598837E+03   6.6747743E+09   2.3126674E+00   7.7006140E-03   1.9223545E+03   1.0000000E+00    18 
   6.5660431E-05   3.8421918E-05   3.8421918E-05   6.9914078E-05   6.9914078E-05
   1.5238746E-03   6.2844727E-02   6.2844727E-02   1.5986773E-02   1.5986773E-02
   5.2205619E-04   5.2205619E-04   4.1340109E-02   7.1307545E-01   7.1307545E-01
   3.1274438E-02   3.1274438E-02   2.2223606E-02   2.2223606E-02   3.1274438E-02
   3.1274438E-02   3.1274438E-02   2.2223606E-02   2.2223606E-02   9.5175827E-02
   9.5175827E-02   5.6059318E-02   5.6059318E-02   9.5175827E-02   9.5175827E-02
   9.5175827E-02   5.6059318E-02   5.6059318E-02   9.5175827E-02   9.5175827E-02
   5.6059318E-02   5.6059318E-02   1.2503113E-01   1.2503113E-01   1.2503113E-01
   2.6065899E-01   2.6065899E-01   1.2503113E-01   1.2503113E-01   2.6065899E-01
   2.6065899E-01   1.2503113E-01   1.2503113E-01   1.2503113E-01   2.6065899E-01
   2.6065899E-01   1.2503113E-01   2.6065899E-01   2.6065899E-01   1.2503113E-01
   1.2503113E-01   2.9310063E-01   2.6065899E-01   2.9310063E-01   2.6065899E-01
   2.6065899E-01   2.9310063E-01

   2.3028591E+02   2.3091201E+03   1.2204120E+10   2.5283629E+00   5.1588439E-03   1.6561071E+03   1.0000000E+00    19 
   4.4329918E-04   2.4702312E-04   2.4702312E-04   3.4264463E-04   3.4264463E-04
   4.8901292E-03   1.4343357E-01   1.4343357E-01   3.4622860E-02   3.4622860E-02
   1.7490946E-03   1.7490946E-03   8.0890371E-02   9.3992814E-01   9.3992814E-01
   6.3496092E-02   6.3496092E-02   3.4166457E-02   3.4166457E-02   6.3496092E-02
   6.3496092E-02   6.3496092E-02   3.4166457E-02   3.4166457E-02   1.6578496E-01
   1.6578496E-01   7.4384679E-02   7.4384679E-02   1.6578496E-01   1.6578496E-01
   1.6578496E-01   7.4384679E-02   7.4384679E-02   1.6578496E-01   1.6578496E-01
   7.4384679E-02   7.4384679E-02   1.8048941E-01   1.8048941E-01   1.8048941E-01
   2.9109056E-01   2.9109056E-01   1.8048941E-01   1.8048941E-01   2.9109056E-01
   2.9109056E-01   1.8048941E-01   1.8048941E-01   1.8048941E-01   2.9109056E-01
   2.9109056E-01   1.8048941E-01   2.9109056E-01   2.9109056E-01   1.8048941E-01
   1.8048941E-01   3.6615622E-01   2.9109056E-01   3.6615622E-01   2.9109056E-01
   2.9109056E-01   3.6615622E-01

   1.8732298E+02   4.2752400E+03   2.2558788E+10   2.8072781E+00   3.4557323E-03   1.3541399E+03   1.0000000E+00    20 
   3.6248287E-03   1.9149042E-03   1.9149042E-03   1.9247871E-03   1.9247871E-03
   1.6941234E-02   3.3238113E-01   3.3238113E-01   8.3468467E-02   8.3468467E-02
   6.3052893E-03   6.3052893E-03   1.7859802E-01   1.3936194E+00   1.3936194E+00
   1.3329246E-01   1.3329246E-01   6.2554701E-02   6.2554701E-02   1.3329246E-01
   1.3329246E-01   1.3329246E-01   6.2554701E-02   6.2554701E-02   2.8413850E-01
   2.8413850E-01   1.1936704E-01   1.1936704E-01   2.8413850E-01   2.8413850E-01
   2.8413850E-01   1.1936704E-01   1.1936704E-01   2.8413850E-01   2.8413850E-01
   1.1936704E-01   1.1936704E-01   2.5673366E-01   2.5673366E-01   2.5673366E-01
   3.5348236E-01   3.5348236E-01   2.5673366E-01   2.5673366E-01   3.5348236E-01
   3.5348236E-01   2.5673366E-01   2.5673366E-01   2.5673366E-01   3.5348236E-01
   3.5348236E-01   2.5673366E-01   3.5348236E-01   3.5348236E-01   2.5673366E-01
   2.5673366E-01   4.6905758E-01   3.5348236E-01   4.6905758E-01   3.5348236E-01
   3.5348236E-01   4.6905758E-01

   1.5629712E+02   8.0902030E+03   4.2646154E+10   3.1032329E+00   2.4093502E-03   1.0289587E+03   1.0000000E+00    21 
   1.9976629E-02   1.0893235E-02   1.0893235E-02   8.8244393E-03   8.8244393E-03
   4.8488325E-02   5.5824902E-01   5.5824902E-01   1.9619281E-01   1.9619281E-01
   1.9405676E-02   1.9405676E-02   3.5829366E-01   1.7624132E+00   1.7624132E+00
   2.4916658E-01   2.4916658E-01   1.1794651E-01   1.1794651E-01   2.4916658E-01
   2.4916658E-01   2.4916658E-01   1.1794651E-01   1.1794651E-01   4.6909668E-01
   4.6909668E-01   1.8958791E-01   1.8958791E-01   4.6909668E-01   4.6909668E-01
   4.6909668E-01   1.8958791E-01   1.8958791E-01   4.6909668E-01   4.6909668E-01
   1.8958791E-01   1.8958791E-01   3.3408194E-01   3.3408194E-01   3.3408194E-01
   4.6949860E-01   4.6949860E-01   3.3408194E-01   3.3408194E-01   4.6949860E-01
   4.6949860E-01   3.3408194E-01   3.3408194E-01   3.3408194E-01   4.6949860E-01
   4.6949860E-01   3.3408194E-01   4.6949860E-01   4.6949860E-01   3.3408194E-01
   3.3408194E-01   5.9027280E-01   4.6949860E-01   5.9027280E-01   4.6949860E-01
   4.6949860E-01   5.9027280E-01

   1.3525275E+02   1.5280637E+04   8.0502317E+10   3.4279018E+00   1.8007322E-03   7.2792964E+02   1.0000000E+00    22 
   9.0987548E-02   4.6117552E-02   4.6117552E-02   3.1337150E-02   3.1337150E-02
   1.3079086E-01   1.1448902E+00   1.1448902E+00   3.9098599E-01   3.9098599E-01
   4.3747645E-02   4.3747645E-02   6.1764206E-01   1.5210742E+00   1.5210742E+00
   3.7380498E-01   3.7380498E-01   1.9473811E-01   1.9473811E-01   3.7380498E-01
   3.7380498E-01   3.7380498E-01   1.9473811E-01   1.9473811E-01   5.7066818E-01
   5.7066818E-01   2.5645308E-01   2.5645308E-01   5.7066818E-01   5.7066818E-01
   5.7066818E-01   2.5645308E-01   2.5645308E-01   5.7066818E-01   5.7066818E-01
   2.5645308E-01   2.5645308E-01   3.7652924E-01   3.7652924E-01   3.7652924E-01
   5.6277234E-01   5.6277234E-01   3.7652924E-01   3.7652924E-01   5.6277234E-01
   5.6277234E-01   3.7652924E-01   3.7652924E-01   3.7652924E-01   5.6277234E-01
   5.6277234E-01   3.7652924E-01   5.6277234E-01   5.6277234E-01   3.7652924E-01
   3.7652924E-01   7.1454944E-01   5.6277234E-01   7.1454944E-01   5.6277234E-01
   5.6277234E-01   7.1454944E-01

   1.2356812E+02   2.5883142E+04   1.3634361E+11   3.6397230E+00   1.6780452E-03   5.1492786E+02   1.0000000E+00    23 
   1.9530488E-01   1.0166734E-01   1.0166734E-01   6.2831099E-02   6.2831099E-02
   2.1519906E-01   1.4471856E+00   1.4471856E+00   4.6596428E-01   4.6596428E-01
   7.8530687E-02   7.8530687E-02   7.5063636E-01   1.3620012E+00   1.3620012E+00
   5.1969863E-01   5.1969863E-01   2.5247922E-01   2.5247922E-01   5.1969863E-01
   5.1969863E-01   5.1969863E-01   2.5247922E-01   2.5247922E-01   7.3917277E-01
   7.3917277E-01   2.8296060E-01   2.8296060E-01   7.3917277E-01   7.3917277E-01
   7.3917277E-01   2.8296060E-01   2.8296060E-01   7.3917277E-01   7.3917277E-01
   2.8296060E-01   2.8296060E-01   4.5187616E-01   4.5187616E-01   4.5187616E-01
   6.0595708E-01   6.0595708E-01   4.5187616E-01   4.5187616E-01   6.0595708E-01
   6.0595708E-01   4.5187616E-01   4.5187616E-01   4.5187616E-01   6.0595708E-01
   6.0595708E-01   4.5187616E-01   6.0595708E-01   6.0595708E-01   4.5187616E-01
   4.5187616E-01   7.7726712E-01   6.0595708E-01   7.7726712E-01   6.0595708E-01
   6.0595708E-01   7.7726712E-01

   1.1645889E+02   4.1177314E+04   2.1691488E+11   3.7978819E+00   1.7059767E-03   3.6438532E+02   1.0000000E+00    24 
   3.1341769E-01   1.6082337E-01   1.6082337E-01   9.8395604E-02   9.8395604E-02
   2.9092857E-01   1.4939533E+00   1.4939533E+00   5.8191647E-01   5.8191647E-01
   1.1231241E-01   1.1231241E-01   8.5334841E-01   1.7683211E+00   1.7683211E+00
   5.8980401E-01   5.8980401E-01   3.0798151E-01   3.0798151E-01   5.8980401E-01
   5.8980401E-01   5.8980401E-01   3.0798151E-01   3.0798151E-01   7.9479445E-01
   7.9479445E-01   3.4711424E-01   3.4711424E-01   7.9479445E-01   7.9479445E-01
   7.9479445E-01   3.4711424E-01   3.4711424E-01   7.9479445E-01   7.9479445E-01
   3.4711424E-01   3.4711424E-01   5.0948982E-01   5.0948982E-01   5.0948982E-01
   6.6041814E-01   6.6041814E-01   5.0948982E-01   5.0948982E-01   6.6041814E-01
   6.6041814E-01   5.0948982E-01   5.0948982E-01   5.0948982E-01   6.6041814E-01
   6.6041814E-01   5.0948982E-01   6.6041814E-01   6.6041814E-01   5.0948982E-01
   5.0948982E-01   7.9986921E-01   6.6041814E-01   7.9986921E-01   6.6041814E-01
   6.6041814E-01   7.9986921E-01

   1.1191196E+02   6.2814051E+04   3.3092522E+11   3.9319166E+00   1.8048993E-03   2.5864938E+02   1.0000000E+00    25 
   4.4753192E-01   2.3309303E-01   2.3309303E-01   1.3890231E-01   1.3890231E-01
   3.6309816E-01   1.5634772E+00   1.5634772E+00   7.0445581E-01   7.0445581E-01
   1.4545918E-01   1.4545918E-01   9.6618741E-01   2.2297691E+00   2.2297691E+00
   6.3751056E-01   6.3751056E-01   3.5251673E-01   3.5251673E-01   6.3751056E-01
   6.3751056E-01   6.3751056E-01   3.5251673E-01   3.5251673E-01   7.7471477E-01
   7.7471477E-01   4.1557953E-01   4.1557953E-01   7.7471477E-01   7.7471477E-01
   7.7471477E-01   4.1557953E-01   4.1557953E-01   7.7471477E-01   7.7471477E-01
   4.1557953E-01   4.1557953E-01   5.3402650E-01   5.3402650E-01   5.3402650E-01
   6.9161849E-01   6.9161849E-01   5.3402650E-01   5.3402650E-01   6.9161849E-01
   6.9161849E-01   5.3402650E-01   5.3402650E-01   5.3402650E-01   6.9161849E-01
   6.9161849E-01   5.3402650E-01   6.9161849E-01   6.9161849E-01   5.3402650E-01
   5.3402650E-01   8.2599741E-01   6.9161849E-01   8.2599741E-01   6.9161849E-01
   6.9161849E-01   8.2599741E-01

   1.0890312E+02   9.3532090E+04   4.9287427E+11   4.0198827E+00   2.0494240E-03   1.8338929E+02   1.0000000E+00    26 
   5.3400159E-01   2.8209955E-01   2.8209955E-01   1.6725056E-01   1.6725056E-01
   3.9869832E-01   1.5435215E+00   1.5435215E+00   7.7831181E-01   7.7831181E-01
   1.6928434E-01   1.6928434E-01   1.0868784E+00   2.3608125E+00   2.3608125E+00
   6.6975888E-01   6.6975888E-01   4.0187740E-01   4.0187740E-01   6.6975888E-01
   6.6975888E-01   6.6975888E-01   4.0187740E-01   4.0187740E-01   7.8089499E-01
   7.8089499E-01   4.9474973E-01   4.9474973E-01   7.8089499E-01   7.8089499E-01
   7.8089499E-01   4.9474973E-01   4.9474973E-01   7.8089499E-01   7.8089499E-01
   4.9474973E-01   4.9474973E-01   5.2963160E-01   5.2963160E-01   5.2963160E-01
   6.8707408E-01   6.8707408E-01   5.2963160E-01   5.2963160E-01   6.8707408E-01
   6.8707408E-01   5.2963160E-01   5.2963160E-01   5.2963160E-01   6.8707408E-01
   6.8707408E-01   5.2963160E-01   6.8707408E-01   6.8707408E-01   5.2963160E-01
   5.2963160E-01   8.3297365E-01   6.8707408E-01   8.3297365E-01   6.8707408E-01
   6.8707408E-01   8.3297365E-01

   1.0686730E+02   1.3677721E+05   7.2115837E+11   4.0754363E+00   2.6185402E-03   1.3015632E+02   1.0000000E+00    27 
   6.1499344E-01   3.0941987E-01   3.0941987E-01   1.8056597E-01   1.8056597E-01
   4.1449440E-01   1.4821946E+00   1.4821946E+00   7.8920319E-01   7.8920319E-01
   1.8060858E-01   1.8060858E-01   1.1896345E+00   2.3878898E+00   2.3878898E+00
   6.8395995E-01   6.8395995E-01   4.3939672E-01   4.3939672E-01   6.8395995E-01
   6.8395995E-01   6.8395995E-01   4.3939672E-01   4.3939672E-01   8.3111631E-01
   8.3111631E-01   5.4306263E-01   5.4306263E-01   8.3111631E-01   8.3111631E-01
   8.3111631E-01   5.4306263E-01   5.4306263E-01   8.3111631E-01   8.3111631E-01
   5.4306263E-01   5.4306263E-01   5.2989138E-01   5.2989138E-01   5.2989138E-01
   6.8308319E-01   6.8308319E-01   5.2989138E-01   5.2989138E-01   6.8308319E-01
   6.8308319E-01   5.2989138E-01   5.2989138E-01   5.2989138E-01   6.8308319E-01
   6.8308319E-01   5.2989138E-01   6.8308319E-01   6.8308319E-01   5.2989138E-01
   5.2989138E-01   8.2437656E-01   6.8308319E-01   8.2437656E-01   6.8308319E-01
   6.8308319E-01   8.2437656E-01

   1.0545841E+02   1.9797563E+05   1.0448504E+12   4.1113438E+00   3.6175621E-03   9.2249065E+01   1.0000000E+00    28 
   7.0055487E-01   3.2653410E-01   3.2653410E-01   1.8270061E-01   1.8270061E-01
   4.2475403E-01   1.4058733E+00   1.4058733E+00   7.7198820E-01   7.7198820E-01
   1.8175014E-01   1.8175014E-01   1.2354367E+00   2.4413294E+00   2.4413294E+00
   6.9869005E-01   6.9869005E-01   4.6221644E-01   4.6221644E-01   6.9869005E-01
   6.9869005E-01   6.9869005E-01   4.6221644E-01   4.6221644E-01   9.0924032E-01
   9.0924032E-01   5.6327276E-01   5.6327276E-01   9.0924032E-01   9.0924032E-01
   9.0924032E-01   5.6327276E-01   5.6327276E-01   9.0924032E-01   9.0924032E-01
   5.6327276E-01   5.6327276E-01   5.3952896E-01   5.3952896E-01   5.3952896E-01
   6.9237642E-01   6.9237642E-01   5.3952896E-01   5.3952896E-01   6.9237642E-01
   6.9237642E-01   5.3952896E-01   5.3952896E-01   5.3952896E-01   6.9237642E-01
   6.9237642E-01   5.3952896E-01   6.9237642E-01   6.9237642E-01   5.3952896E-01
   5.3952896E-01   8.1511399E-01   6.9237642E-01   8.1511399E-01   6.9237642E-01
   6.9237642E-01   8.1511399E-01

   1.0447983E+02   2.8495040E+05   1.5062157E+12   4.1367293E+00   5.2019877E-03   6.5195373E+01   1.0000000E+00    29 
   7.9187868E-01   3.4309320E-01   3.4309320E-01   1.8016272E-01   1.8016272E-01
   4.3502995E-01   1.3343742E+00   1.3343742E+00   7.5991152E-01   7.5991152E-01
   1.7843097E-01   1.7843097E-01   1.2500535E+00   2.4992839E+00   2.4992839E+00
   7.1923746E-01   7.1923746E-01   4.7712396E-01   4.7712396E-01   7.1923746E-01
   7.1923746E-01   7.1923746E-01   4.7712396E-01   4.7712396E-01   9.7546809E-01
   9.7546809E-01   5.7012473E-01   5.7012473E-01   9.7546809E-01   9.7546809E-01
   9.7546809E-01   5.7012473E-01   5.7012473E-01   9.7546809E-01   9.7546809E-01
   5.7012473E-01   5.7012473E-01   5.5101395E-01   5.5101395E-01   5.5101395E-01
   7.0612935E-01   7.0612935E-01   5.5101395E-01   5.5101395E-01   7.0612935E-01
   7.0612935E-01   5.5101395E-01   5.5101395E-01   5.5101395E-01   7.0612935E-01
   7.0612935E-01   5.5101395E-01   7.0612935E-01   7.0612935E-01   5.5101395E-01
   5.5101395E-01   8.1012114E-01   7.0612935E-01   8.1012114E-01   7.0612935E-01
   7.0612935E-01   8.1012114E-01

   1.0379966E+02   4.0708386E+05   2.1565909E+12   4.1586923E+00   7.4693881E-03   4.6131403E+01   1.0000000E+00    30 
   8.8290844E-01   3.6533963E-01   3.6533963E-01   1.7970808E-01   1.7970808E-01
   4.4820643E-01   1.2758579E+00   1.2758579E+00   7.6327120E-01   7.6327120E-01
   1.7638742E-01   1.7638742E-01   1.2591422E+00   2.5146545E+00   2.5146545E+00
   7.4274125E-01   7.4274125E-01   4.9196218E-01   4.9196218E-01   7.4274125E-01
   7.4274125E-01   7.4274125E-01   4.9196218E-01   4.9196218E-01   1.0205598E+00
   1.0205598E+00   5.7686327E-01   5.7686327E-01   1.0205598E+00   1.0205598E+00
   1.0205598E+00   5.7686327E-01   5.7686327E-01   1.0205598E+00   1.0205598E+00
   5.7686327E-01   5.7686327E-01   5.6412449E-01   5.6412449E-01   5.6412449E-01
   7.2111806E-01   7.2111806E-01   5.6412449E-01   5.6412449E-01   7.2111806E-01
   7.2111806E-01   5.6412449E-01   5.6412449E-01   5.6412449E-01   7.2111806E-01
   7.2111806E-01   5.6412449E-01   7.2111806E-01   7.2111806E-01   5.6412449E-01
   5.6412449E-01   8.1005903E-01   7.2111806E-01   8.1005903E-01   7.2111806E-01
   7.2111806E-01   8.1005903E-01

   1.0333957E+02   5.6706231E+05   3.0138127E+12   4.1647579E+00   1.0764198E-02   3.3303524E+01   1.0000000E+00    31 
   9.3860767E-01   3.7408634E-01   3.7408634E-01   1.7359879E-01   1.7359879E-01
   4.4905258E-01   1.1937493E+00   1.1937493E+00   7.6078540E-01   7.6078540E-01
   1.7093141E-01   1.7093141E-01   1.2470659E+00   2.4907732E+00   2.4907732E+00
   7.5820798E-01   7.5820798E-01   5.0115580E-01   5.0115580E-01   7.5820798E-01
   7.5820798E-01   7.5820798E-01   5.0115580E-01   5.0115580E-01   1.0444929E+00
   1.0444929E+00   5.7846969E-01   5.7846969E-01   1.0444929E+00   1.0444929E+00
   1.0444929E+00   5.7846969E-01   5.7846969E-01   1.0444929E+00   1.0444929E+00
   5.7846969E-01   5.7846969E-01   5.7429922E-01   5.7429922E-01   5.7429922E-01
   7.3102192E-01   7.3102192E-01   5.7429922E-01   5.7429922E-01   7.3102192E-01
   7.3102192E-01   5.7429922E-01   5.7429922E-01   5.7429922E-01   7.3102192E-01
   7.3102192E-01   5.7429922E-01   7.3102192E-01   7.3102192E-01   5.7429922E-01
   5.7429922E-01   8.0807920E-01   7.3102192E-01   8.0807920E-01   7.3102192E-01
   7.3102192E-01   8.0807920E-01

   1.0311115E+02   8.1178409E+05   4.3404685E+12   4.1308309E+00   1.6921130E-02   2.3225478E+01   1.0000000E+00    32 
   8.7487435E-01   3.3637893E-01   3.3637893E-01   1.5089677E-01   1.5089677E-01
   4.1286221E-01   1.0606151E+00   1.0606151E+00   7.2500101E-01   7.2500101E-01
   1.5450676E-01   1.5450676E-01   1.1792221E+00   2.3936388E+00   2.3936388E+00
   7.3796072E-01   7.3796072E-01   4.9086728E-01   4.9086728E-01   7.3796072E-01
   7.3796072E-01   7.3796072E-01   4.9086728E-01   4.9086728E-01   1.0279703E+00
   1.0279703E+00   5.6249510E-01   5.6249510E-01   1.0279703E+00   1.0279703E+00
   1.0279703E+00   5.6249510E-01   5.6249510E-01   1.0279703E+00   1.0279703E+00
   5.6249510E-01   5.6249510E-01   5.7259797E-01   5.7259797E-01   5.7259797E-01
   7.2495665E-01   7.2495665E-01   5.7259797E-01   5.7259797E-01   7.2495665E-01
   7.2495665E-01   5.7259797E-01   5.7259797E-01   5.7259797E-01   7.2495665E-01
   7.2495665E-01   5.7259797E-01   7.2495665E-01   7.2495665E-01   5.7259797E-01
   5.7259797E-01   7.9186089E-01   7.2495665E-01   7.9186089E-01   7.2495665E-01
   7.2495665E-01   7.9186089E-01

   1.0303449E+02   1.1439482E+06   6.1655873E+12   4.1001680E+00   2.5156112E-02   1.6373496E+01   1.0000000E+00    33 
   7.9054716E-01   3.0566565E-01   3.0566565E-01   1.3684539E-01   1.3684539E-01
   3.8561150E-01   9.6489534E-01   9.6489534E-01   6.9359146E-01   6.9359146E-01
   1.4473999E-01   1.4473999E-01   1.1299129E+00   2.2782969E+00   2.2782969E+00
   7.1451947E-01   7.1451947E-01   4.8077997E-01   4.8077997E-01   7.1451947E-01
   7.1451947E-01   7.1451947E-01   4.8077997E-01   4.8077997E-01   1.0043958E+00
   1.0043958E+00   5.5310267E-01   5.5310267E-01   1.0043958E+00   1.0043958E+00
   1.0043958E+00   5.5310267E-01   5.5310267E-01   1.0043958E+00   1.0043958E+00
   5.5310267E-01   5.5310267E-01   5.7306633E-01   5.7306633E-01   5.7306633E-01
   7.1296516E-01   7.1296516E-01   5.7306633E-01   5.7306633E-01   7.1296516E-01
   7.1296516E-01   5.7306633E-01   5.7306633E-01   5.7306633E-01   7.1296516E-01
   7.1296516E-01   5.7306633E-01   7.1296516E-01   7.1296516E-01   5.7306633E-01
   5.7306633E-01   7.7131097E-01   7.1296516E-01   7.7131097E-01   7.1296516E-01
   7.1296516E-01   7.7131097E-01

   1.0299255E+02   1.5652932E+06   8.5204921E+12   4.0740833E+00   3.5436009E-02   1.1856899E+01   1.0000000E+00    34 
   7.0913291E-01   2.8216243E-01   2.8216243E-01   1.2773448E-01   1.2773448E-01
   3.6575554E-01   8.8273607E-01   8.8273607E-01   6.6589785E-01   6.6589785E-01
   1.3887089E-01   1.3887089E-01   1.0925430E+00   2.1591542E+00   2.1591542E+00
   6.9498863E-01   6.9498863E-01   4.7292883E-01   4.7292883E-01   6.9498863E-01
   6.9498863E-01   6.9498863E-01   4.7292883E-01   4.7292883E-01   9.8283388E-01
   9.8283388E-01   5.4891971E-01   5.4891971E-01   9.8283388E-01   9.8283388E-01
   9.8283388E-01   5.4891971E-01   5.4891971E-01   9.8283388E-01   9.8283388E-01
   5.4891971E-01   5.4891971E-01   5.7592436E-01   5.7592436E-01   5.7592436E-01
   7.0026786E-01   7.0026786E-01   5.7592436E-01   5.7592436E-01   7.0026786E-01
   7.0026786E-01   5.7592436E-01   5.7592436E-01   5.7592436E-01   7.0026786E-01
   7.0026786E-01   5.7592436E-01   7.0026786E-01   7.0026786E-01   5.7592436E-01
   5.7592436E-01   7.5081603E-01   7.0026786E-01   7.5081603E-01   7.0026786E-01
   7.0026786E-01   7.5081603E-01

   1.0296080E+02   2.2051626E+06   1.2172607E+13   4.0502574E+00   5.0112190E-02   8.3038406E+00   1.0000000E+00    35 
   6.2268716E-01   2.6298057E-01   2.6298057E-01   1.2209510E-01   1.2209510E-01
   3.5094126E-01   7.9906653E-01   7.9906653E-01   6.3924594E-01   6.3924594E-01
   1.3608763E-01   1.3608763E-01   1.0609522E+00   2.0176167E+00   2.0176167E+00
   6.7808551E-01   6.7808551E-01   4.6729852E-01   4.6729852E-01   6.7808551E-01
   6.7808551E-01   6.7808551E-01   4.6729852E-01   4.6729852E-01   9.6166850E-01
   9.6166850E-01   5.5058366E-01   5.5058366E-01   9.6166850E-01   9.6166850E-01
   9.6166850E-01   5.5058366E-01   5.5058366E-01   9.6166850E-01   9.6166850E-01
   5.5058366E-01   5.5058366E-01   5.8200069E-01   5.8200069E-01   5.8200069E-01
   6.8646491E-01   6.8646491E-01   5.8200069E-01   5.8200069E-01   6.8646491E-01
   6.8646491E-01   5.8200069E-01   5.8200069E-01   5.8200069E-01   6.8646491E-01
   6.8646491E-01   5.8200069E-01   6.8646491E-01   6.8646491E-01   5.8200069E-01
   5.8200069E-01   7.2845343E-01   6.8646491E-01   7.2845343E-01   6.8646491E-01
   6.8646491E-01   7.2845343E-01

   1.0292345E+02   3.0705532E+06   1.7206312E+13   4.0269935E+00   6.6115460E-02   5.8782133E+00   1.0000000E+00    36 
   5.1447848E-01   2.4571069E-01   2.4571069E-01   1.2061588E-01   1.2061588E-01
   3.3978260E-01   6.9205953E-01   6.9205953E-01   6.0940708E-01   6.0940708E-01
   1.3748111E-01   1.3748111E-01   1.0258533E+00   1.8064374E+00   1.8064374E+00
   6.5902374E-01   6.5902374E-01   4.6477254E-01   4.6477254E-01   6.5902374E-01
   6.5902374E-01   6.5902374E-01   4.6477254E-01   4.6477254E-01   9.4016072E-01
   9.4016072E-01   5.5798901E-01   5.5798901E-01   9.4016072E-01   9.4016072E-01
   9.4016072E-01   5.5798901E-01   5.5798901E-01   9.4016072E-01   9.4016072E-01
   5.5798901E-01   5.5798901E-01   5.8981130E-01   5.8981130E-01   5.8981130E-01
   6.7377684E-01   6.7377684E-01   5.8981130E-01   5.8981130E-01   6.7377684E-01
   6.7377684E-01   5.8981130E-01   5.8981130E-01   5.8981130E-01   6.7377684E-01
   6.7377684E-01   5.8981130E-01   6.7377684E-01   6.7377684E-01   5.8981130E-01
   5.8981130E-01   7.0769082E-01   6.7377684E-01   7.0769082E-01   6.7377684E-01
   6.7377684E-01   7.0769082E-01

   1.0287946E+02   4.2819993E+06   2.4301188E+13   4.0169257E+00   7.9829759E-02   4.1651427E+00   1.0000000E+00    37 
   4.1382457E-01   2.3508568E-01   2.3508568E-01   1.2732313E-01   1.2732313E-01
   3.3595515E-01   5.9245792E-01   5.9245792E-01   5.8595455E-01   5.8595455E-01
   1.4596203E-01   1.4596203E-01   9.8829459E-01   1.5541925E+00   1.5541925E+00
   6.3666344E-01   6.3666344E-01   4.7040177E-01   4.7040177E-01   6.3666344E-01
   6.3666344E-01   6.3666344E-01   4.7040177E-01   4.7040177E-01   9.1361999E-01
   9.1361999E-01   5.7488036E-01   5.7488036E-01   9.1361999E-01   9.1361999E-01
   9.1361999E-01   5.7488036E-01   5.7488036E-01   9.1361999E-01   9.1361999E-01
   5.7488036E-01   5.7488036E-01   6.0050964E-01   6.0050964E-01   6.0050964E-01
   6.6575185E-01   6.6575185E-01   6.0050964E-01   6.0050964E-01   6.6575185E-01
   6.6575185E-01   6.0050964E-01   6.0050964E-01   6.0050964E-01   6.6575185E-01
   6.6575185E-01   6.0050964E-01   6.6575185E-01   6.6575185E-01   6.0050964E-01
   6.0050964E-01   6.9117387E-01   6.6575185E-01   6.9117387E-01   6.6575185E-01
   6.6575185E-01   6.9117387E-01

   1.0282819E+02   6.0067758E+06   3.4304587E+13   4.0320141E+00   8.6736675E-02   2.9531994E+00   1.0000000E+00    38 
   3.3847994E-01   2.3306369E-01   2.3306369E-01   1.4574625E-01   1.4574625E-01
   3.4090640E-01   5.2311819E-01   5.2311819E-01   5.7301237E-01   5.7301237E-01
   1.6417471E-01   1.6417471E-01   9.4372077E-01   1.3019691E+00   1.3019691E+00
   6.0899678E-01   6.0899678E-01   4.8768889E-01   4.8768889E-01   6.0899678E-01
   6.0899678E-01   6.0899678E-01   4.8768889E-01   4.8768889E-01   8.7554372E-01
   8.7554372E-01   6.0253400E-01   6.0253400E-01   8.7554372E-01   8.7554372E-01
   8.7554372E-01   6.0253400E-01   6.0253400E-01   8.7554372E-01   8.7554372E-01
   6.0253400E-01   6.0253400E-01   6.1538554E-01   6.1538554E-01   6.1538554E-01
   6.6565440E-01   6.6565440E-01   6.1538554E-01   6.1538554E-01   6.6565440E-01
   6.6565440E-01   6.1538554E-01   6.1538554E-01   6.1538554E-01   6.6565440E-01
   6.6565440E-01   6.1538554E-01   6.6565440E-01   6.6565440E-01   6.1538554E-01
   6.1538554E-01   6.8248912E-01   6.6565440E-01   6.8248912E-01   6.6565440E-01
   6.6565440E-01   6.8248912E-01

   1.0276873E+02   8.4939191E+06   4.8428475E+13   4.0821261E+00   8.5014283E-02   2.0941743E+00   1.0000000E+00    39 
   2.9544676E-01   2.4222841E-01   2.4222841E-01   1.8001747E-01   1.8001747E-01
   3.5794988E-01   4.9088296E-01   4.9088296E-01   5.7345291E-01   5.7345291E-01
   1.9595593E-01   1.9595593E-01   8.9287685E-01   1.0946422E+00   1.0946422E+00
   5.8193385E-01   5.8193385E-01   5.1943650E-01   5.1943650E-01   5.8193385E-01
   5.8193385E-01   5.8193385E-01   5.1943650E-01   5.1943650E-01   8.3131806E-01
   8.3131806E-01   6.4121730E-01   6.4121730E-01   8.3131806E-01   8.3131806E-01
   8.3131806E-01   6.4121730E-01   6.4121730E-01   8.3131806E-01   8.3131806E-01
   6.4121730E-01   6.4121730E-01   6.3827802E-01   6.3827802E-01   6.3827802E-01
   6.7688026E-01   6.7688026E-01   6.3827802E-01   6.3827802E-01   6.7688026E-01
   6.7688026E-01   6.3827802E-01   6.3827802E-01   6.3827802E-01   6.7688026E-01
   6.7688026E-01   6.3827802E-01   6.7688026E-01   6.7688026E-01   6.3827802E-01
   6.3827802E-01   6.8629348E-01   6.7688026E-01   6.8629348E-01   6.7688026E-01
   6.7688026E-01   6.8629348E-01

   1.0270049E+02   1.2090372E+07   6.8401838E+13   4.1734515E+00   7.6669399E-02   1.4846026E+00   1.0000000E+00    40 
   2.8593863E-01   2.6628194E-01   2.6628194E-01   2.3365901E-01   2.3365901E-01
   3.9261036E-01   4.9873255E-01   4.9873255E-01   5.9176856E-01   5.9176856E-01
   2.4599200E-01   2.4599200E-01   8.4635854E-01   9.5798315E-01   9.5798315E-01
   5.6821761E-01   5.6821761E-01   5.6555680E-01   5.6555680E-01   5.6821761E-01
   5.6821761E-01   5.6821761E-01   5.6555680E-01   5.6555680E-01   7.9793069E-01
   7.9793069E-01   6.9015533E-01   6.9015533E-01   7.9793069E-01   7.9793069E-01
   7.9793069E-01   6.9015533E-01   6.9015533E-01   7.9793069E-01   7.9793069E-01
   6.9015533E-01   6.9015533E-01   6.7397646E-01   6.7397646E-01   6.7397646E-01
   7.0299600E-01   7.0299600E-01   6.7397646E-01   6.7397646E-01   7.0299600E-01
   7.0299600E-01   6.7397646E-01   6.7397646E-01   6.7397646E-01   7.0299600E-01
   7.0299600E-01   6.7397646E-01   7.0299600E-01   7.0299600E-01   6.7397646E-01
   6.7397646E-01   7.0718557E-01   7.0299600E-01   7.0718557E-01   7.0299600E-01
   7.0299600E-01   7.0718557E-01

   1.0262342E+02   1.7243077E+07   9.6467906E+13   4.3089426E+00   6.4661070E-02   1.0542925E+00   1.0000000E+00    41 
   3.0972077E-01   3.0983282E-01   3.0983282E-01   3.0729609E-01   3.0729609E-01
   4.4970725E-01   5.4389815E-01   5.4389815E-01   6.3127548E-01   6.3127548E-01
   3.1814034E-01   3.1814034E-01   8.1637219E-01   8.9106979E-01   8.9106979E-01
   5.7968187E-01   5.7968187E-01   6.2186175E-01   6.2186175E-01   5.7968187E-01
   5.7968187E-01   5.7968187E-01   6.2186175E-01   6.2186175E-01   7.8937930E-01
   7.8937930E-01   7.4511267E-01   7.4511267E-01   7.8937930E-01   7.8937930E-01
   7.8937930E-01   7.4511267E-01   7.4511267E-01   7.8937930E-01   7.8937930E-01
   7.4511267E-01   7.4511267E-01   7.2317339E-01   7.2317339E-01   7.2317339E-01
   7.4409395E-01   7.4409395E-01   7.2317339E-01   7.2317339E-01   7.4409395E-01
   7.4409395E-01   7.2317339E-01   7.2317339E-01   7.2317339E-01   7.4409395E-01
   7.4409395E-01   7.2317339E-01   7.4409395E-01   7.4409395E-01   7.2317339E-01
   7.2317339E-01   7.4533501E-01   7.4409395E-01   7.4533501E-01   7.4409395E-01
   7.4409395E-01   7.4533501E-01

   1.0254756E+02   2.3620420E+07   1.3061232E+14   4.4695166E+00   5.2229604E-02   7.7989620E-01   1.0000000E+00    42 
   3.5861065E-01   3.6901703E-01   3.6901703E-01   3.8835796E-01   3.8835796E-01
   5.2039738E-01   6.0927607E-01   6.0927607E-01   6.8415945E-01   6.8415945E-01
   4.0187037E-01   4.0187037E-01   8.0767270E-01   8.7514377E-01   8.7514377E-01
   6.1442050E-01   6.1442050E-01   6.7677874E-01   6.7677874E-01   6.1442050E-01
   6.1442050E-01   6.1442050E-01   6.7677874E-01   6.7677874E-01   8.0371403E-01
   8.0371403E-01   7.9464028E-01   7.9464028E-01   8.0371403E-01   8.0371403E-01
   8.0371403E-01   7.9464028E-01   7.9464028E-01   8.0371403E-01   8.0371403E-01
   7.9464028E-01   7.9464028E-01   7.7440034E-01   7.7440034E-01   7.7440034E-01
   7.8929373E-01   7.8929373E-01   7.7440034E-01   7.7440034E-01   7.8929373E-01
   7.8929373E-01   7.7440034E-01   7.7440034E-01   7.7440034E-01   7.8929373E-01
   7.8929373E-01   7.7440034E-01   7.8929373E-01   7.8929373E-01   7.7440034E-01
   7.7440034E-01   7.8932941E-01   7.8929373E-01   7.8932941E-01   7.8929373E-01
   7.8929373E-01   7.8932941E-01

   1.0247369E+02   3.1313023E+07   1.7125313E+14   4.6495378E+00   4.0607054E-02   5.9573726E-01   1.0000000E+00    43 
   4.2480654E-01   4.4074587E-01   4.4074587E-01   4.7204399E-01   4.7204399E-01
   5.9678967E-01   6.8243052E-01   6.8243052E-01   7.4320769E-01   7.4320769E-01
   4.9006806E-01   4.9006806E-01   8.1365520E-01   8.8389465E-01   8.8389465E-01
   6.6278777E-01   6.6278777E-01   7.2790217E-01   7.2790217E-01   6.6278777E-01
   6.6278777E-01   6.6278777E-01   7.2790217E-01   7.2790217E-01   8.2956535E-01
   8.2956535E-01   8.3715730E-01   8.3715730E-01   8.2956535E-01   8.2956535E-01
   8.2956535E-01   8.3715730E-01   8.3715730E-01   8.2956535E-01   8.2956535E-01
   8.3715730E-01   8.3715730E-01   8.2185887E-01   8.2185887E-01   8.2185887E-01
   8.3229680E-01   8.3229680E-01   8.2185887E-01   8.2185887E-01   8.3229680E-01
   8.3229680E-01   8.2185887E-01   8.2185887E-01   8.2185887E-01   8.3229680E-01
   8.3229680E-01   8.2185887E-01   8.3229680E-01   8.3229680E-01   8.2185887E-01
   8.2185887E-01   8.3194799E-01   8.3229680E-01   8.3194799E-01   8.3229680E-01
   8.3229680E-01   8.3194799E-01

   1.0239913E+02   4.0828522E+07   2.2107639E+14   4.8537518E+00   3.0156961E-02   4.6220706E-01   1.0000000E+00    44 
   5.0430825E-01   5.2353175E-01   5.2353175E-01   5.5814026E-01   5.5814026E-01
   6.7413046E-01   7.5820720E-01   7.5820720E-01   8.0442407E-01   8.0442407E-01
   5.7966428E-01   5.7966428E-01   8.2943324E-01   9.0358691E-01   9.0358691E-01
   7.1838110E-01   7.1838110E-01   7.7626645E-01   7.7626645E-01   7.1838110E-01
   7.1838110E-01   7.1838110E-01   7.7626645E-01   7.7626645E-01   8.6033962E-01
   8.6033962E-01   8.7421428E-01   8.7421428E-01   8.6033962E-01   8.6033962E-01
   8.6033962E-01   8.7421428E-01   8.7421428E-01   8.6033962E-01   8.6033962E-01
   8.7421428E-01   8.7421428E-01   8.6429762E-01   8.6429762E-01   8.6429762E-01
   8.7136801E-01   8.7136801E-01   8.6429762E-01   8.6429762E-01   8.7136801E-01
   8.7136801E-01   8.6429762E-01   8.6429762E-01   8.6429762E-01   8.7136801E-01
   8.7136801E-01   8.6429762E-01   8.7136801E-01   8.7136801E-01   8.6429762E-01
   8.6429762E-01   8.7097412E-01   8.7136801E-01   8.7097412E-01   8.7136801E-01
   8.7136801E-01   8.7097412E-01

   1.0232234E+02   5.2832835E+07   2.8366900E+14   5.0864571E+00   2.1364781E-02   3.6080620E-01   1.0000000E+00    45 
   5.9276045E-01   6.1360104E-01   6.1360104E-01   6.4479715E-01   6.4479715E-01
   7.4717530E-01   8.2989683E-01   8.2989683E-01   8.6278843E-01   8.6278843E-01
   6.6793803E-01   6.6793803E-01   8.5218328E-01   9.2766563E-01   9.2766563E-01
   7.7664575E-01   7.7664575E-01   8.2182294E-01   8.2182294E-01   7.7664575E-01
   7.7664575E-01   7.7664575E-01   8.2182294E-01   8.2182294E-01   8.9219965E-01
   8.9219965E-01   9.0662195E-01   9.0662195E-01   8.9219965E-01   8.9219965E-01
   8.9219965E-01   9.0662195E-01   9.0662195E-01   8.9219965E-01   8.9219965E-01
   9.0662195E-01   9.0662195E-01   9.0109900E-01   9.0109900E-01   9.0109900E-01
   9.0563688E-01   9.0563688E-01   9.0109900E-01   9.0109900E-01   9.0563688E-01
   9.0563688E-01   9.0109900E-01   9.0109900E-01   9.0109900E-01   9.0563688E-01
   9.0563688E-01   9.0109900E-01   9.0563688E-01   9.0563688E-01   9.0109900E-01
   9.0109900E-01   9.0531957E-01   9.0563688E-01   9.0531957E-01   9.0563688E-01
   9.0563688E-01   9.0531957E-01

   1.0224233E+02   6.8227882E+07   3.6389853E+14   5.3518948E+00   1.4476504E-02   2.8173224E-01   1.0000000E+00    46 
   6.8460755E-01   7.0522132E-01   7.0522132E-01   7.2878028E-01   7.2878028E-01
   8.1150506E-01   8.9015955E-01   8.9015955E-01   9.1293414E-01   9.1293414E-01
   7.5233946E-01   7.5233946E-01   8.7985615E-01   9.5201676E-01   9.5201676E-01
   8.3391420E-01   8.3391420E-01   8.6397671E-01   8.6397671E-01   8.3391420E-01
   8.3391420E-01   8.3391420E-01   8.6397671E-01   8.6397671E-01   9.2228618E-01
   9.2228618E-01   9.3425017E-01   9.3425017E-01   9.2228618E-01   9.2228618E-01
   9.2228618E-01   9.3425017E-01   9.3425017E-01   9.2228618E-01   9.2228618E-01
   9.3425017E-01   9.3425017E-01   9.3180583E-01   9.3180583E-01   9.3180583E-01
   9.3450858E-01   9.3450858E-01   9.3180583E-01   9.3180583E-01   9.3450858E-01
   9.3450858E-01   9.3180583E-01   9.3180583E-01   9.3180583E-01   9.3450858E-01
   9.3450858E-01   9.3180583E-01   9.3450858E-01   9.3450858E-01   9.3180583E-01
   9.3180583E-01   9.3429570E-01   9.3450858E-01   9.3429570E-01   9.3450858E-01
   9.3450858E-01   9.3429570E-01

   1.0215847E+02   8.8249818E+07   4.6839809E+14   5.6536814E+00   9.4431018E-03   2.1925969E-01   1.0000000E+00    47 
   7.7272786E-01   7.9083424E-01   7.9083424E-01   8.0552233E-01   8.0552233E-01
   8.6425019E-01   9.3476944E-01   9.3476944E-01   9.5091761E-01   9.5091761E-01
   8.2800231E-01   8.2800231E-01   9.1041687E-01   9.7322895E-01   9.7322895E-01
   8.8579689E-01   8.8579689E-01   9.0151026E-01   9.0151026E-01   8.8579689E-01
   8.8579689E-01   8.8579689E-01   9.0151026E-01   9.0151026E-01   9.4802582E-01
   9.4802582E-01   9.5636727E-01   9.5636727E-01   9.4802582E-01   9.4802582E-01
   9.4802582E-01   9.5636727E-01   9.5636727E-01   9.4802582E-01   9.4802582E-01
   9.5636727E-01   9.5636727E-01   9.5582109E-01   9.5582109E-01   9.5582109E-01
   9.5728948E-01   9.5728948E-01   9.5582109E-01   9.5582109E-01   9.5728948E-01
   9.5728948E-01   9.5582109E-01   9.5582109E-01   9.5582109E-01   9.5728948E-01
   9.5728948E-01   9.5582109E-01   9.5728948E-01   9.5728948E-01   9.5582109E-01
   9.5582109E-01   9.5717329E-01   9.5728948E-01   9.5717329E-01   9.5728948E-01
   9.5728948E-01   9.5717329E-01

   1.0207031E+02   1.1468025E+08   6.0665428E+14   5.9947117E+00   5.9932007E-03   1.6959821E-01   1.0000000E+00    48 
   8.4939757E-01   8.6320295E-01   8.6320295E-01   8.7053915E-01   8.7053915E-01
   9.0520540E-01   9.6535327E-01   9.6535327E-01   9.7614407E-01   9.7614407E-01
   8.8914343E-01   8.8914343E-01   9.4132795E-01   9.8886045E-01   9.8886045E-01
   9.2792356E-01   9.2792356E-01   9.3298419E-01   9.3298419E-01   9.2792356E-01
   9.2792356E-01   9.2792356E-01   9.3298419E-01   9.3298419E-01   9.6744826E-01
   9.6744826E-01   9.7219688E-01   9.7219688E-01   9.6744826E-01   9.6744826E-01
   9.6744826E-01   9.7219688E-01   9.7219688E-01   9.6744826E-01   9.6744826E-01
   9.7219688E-01   9.7219688E-01   9.7270986E-01   9.7270986E-01   9.7270986E-01
   9.7344018E-01   9.7344018E-01   9.7270986E-01   9.7270986E-01   9.7344018E-01
   9.7344018E-01   9.7270986E-01   9.7270986E-01   9.7270986E-01   9.7344018E-01
   9.7344018E-01   9.7270986E-01   9.7344018E-01   9.7344018E-01   9.7270986E-01
   9.7270986E-01   9.7340071E-01   9.7344018E-01   9.7340071E-01   9.7344018E-01
   9.7344018E-01   9.7340071E-01

   1.0197771E+02   1.5009335E+08   7.9229842E+14   6.3764186E+00   3.7586932E-03   1.3010766E-01   1.0000000E+00    49 
   9.0852509E-01   9.1795837E-01   9.1795837E-01   9.2063698E-01   9.2063698E-01
   9.3637368E-01   9.8481942E-01   9.8481942E-01   9.9045138E-01   9.9045138E-01
   9.3351491E-01   9.3351491E-01   9.6825064E-01   9.9824722E-01   9.9824722E-01
   9.5831688E-01   9.5831688E-01   9.5753912E-01   9.5753912E-01   9.5831688E-01
   9.5831688E-01   9.5831688E-01   9.5753912E-01   9.5753912E-01   9.8021028E-01
   9.8021028E-01   9.8215941E-01   9.8215941E-01   9.8021028E-01   9.8021028E-01
   9.8021028E-01   9.8215941E-01   9.8215941E-01   9.8021028E-01   9.8021028E-01
   9.8215941E-01   9.8215941E-01   9.8322691E-01   9.8322691E-01   9.8322691E-01
   9.8357462E-01   9.8357462E-01   9.8322691E-01   9.8322691E-01   9.8357462E-01
   9.8357462E-01   9.8322691E-01   9.8322691E-01   9.8322691E-01   9.8357462E-01
   9.8357462E-01   9.8322691E-01   9.8357462E-01   9.8357462E-01   9.8322691E-01
   9.8322691E-01   9.8358515E-01   9.8357462E-01   9.8358515E-01   9.8357462E-01
   9.8357462E-01   9.8358515E-01

   1.0188086E+02   1.9799721E+08   1.0438498E+15   6.7995322E+00   2.3714422E-03   9.8953532E-02   1.0000000E+00    50 
   9.4993886E-01   9.5560372E-01   9.5560372E-01   9.5566464E-01   9.5566464E-01
   9.6007363E-01   9.9327752E-01   9.9327752E-01   9.9599696E-01   9.9599696E-01
   9.6307918E-01   9.6307918E-01   9.8634817E-01   1.0022697E+00   1.0022697E+00
   9.7788893E-01   9.7788893E-01   9.7514811E-01   9.7514811E-01   9.7788893E-01
   9.7788893E-01   9.7788893E-01   9.7514811E-01   9.7514811E-01   9.8800067E-01
   9.8800067E-01   9.8838052E-01   9.8838052E-01   9.8800067E-01   9.8800067E-01
   9.8800067E-01   9.8838052E-01   9.8838052E-01   9.8800067E-01   9.8800067E-01
   9.8838052E-01   9.8838052E-01   9.8955682E-01   9.8955682E-01   9.8955682E-01
   9.8972203E-01   9.8972203E-01   9.8955682E-01   9.8955682E-01   9.8972203E-01
   9.8972203E-01   9.8955682E-01   9.8955682E-01   9.8955682E-01   9.8972203E-01
   9.8972203E-01   9.8955682E-01   9.8972203E-01   9.8972203E-01   9.8955682E-01
   9.8955682E-01   9.8975434E-01   9.8972203E-01   9.8975434E-01   9.8972203E-01
   9.8972203E-01   9.8975434E-01

   1.0178030E+02   2.6227116E+08   1.3817440E+15   7.2649271E+00   1.5220680E-03   7.4914494E-02   1.0000000E+00    51 
   9.7614810E-01   9.7894900E-01   9.7894900E-01   9.7777294E-01   9.7777294E-01
   9.7733788E-01   9.9529187E-01   9.9529187E-01   9.9655466E-01   9.9655466E-01
   9.8117503E-01   9.8117503E-01   9.9535850E-01   1.0027314E+00   1.0027314E+00
   9.8910199E-01   9.8910199E-01   9.8656823E-01   9.8656823E-01   9.8910199E-01
   9.8910199E-01   9.8910199E-01   9.8656823E-01   9.8656823E-01   9.9292640E-01
   9.9292640E-01   9.9276452E-01   9.9276452E-01   9.9292640E-01   9.9292640E-01
   9.9292640E-01   9.9276452E-01   9.9276452E-01   9.9292640E-01   9.9292640E-01
   9.9276452E-01   9.9276452E-01   9.9369458E-01   9.9369458E-01   9.9369458E-01
   9.9377217E-01   9.9377217E-01   9.9369458E-01   9.9369458E-01   9.9377217E-01
   9.9377217E-01   9.9369458E-01   9.9369458E-01   9.9369458E-01   9.9377217E-01
   9.9377217E-01   9.9369458E-01   9.9377217E-01   9.9377217E-01   9.9369458E-01
   9.9369458E-01   9.9380511E-01   9.9377217E-01   9.9380511E-01   9.9377217E-01
   9.9377217E-01   9.9380511E-01

   1.0167649E+02   3.4663413E+08   1.8255239E+15   7.7749293E+00   9.9747875E-04   5.6827558E-02   1.0000000E+00    52 
   9.9036103E-01   9.9139744E-01   9.9139744E-01   9.8994427E-01   9.8994427E-01
   9.8833764E-01   9.9600183E-01   9.9600183E-01   9.9653146E-01   9.9653146E-01
   9.9093874E-01   9.9093874E-01   9.9848992E-01   1.0016385E+00   1.0016385E+00
   9.9477680E-01   9.9477680E-01   9.9316037E-01   9.9316037E-01   9.9477680E-01
   9.9477680E-01   9.9477680E-01   9.9316037E-01   9.9316037E-01   9.9606786E-01
   9.9606786E-01   9.9588933E-01   9.9588933E-01   9.9606786E-01   9.9606786E-01
   9.9606786E-01   9.9588933E-01   9.9588933E-01   9.9606786E-01   9.9606786E-01
   9.9588933E-01   9.9588933E-01   9.9644504E-01   9.9644504E-01   9.9644504E-01
   9.9647869E-01   9.9647869E-01   9.9644504E-01   9.9644504E-01   9.9647869E-01
   9.9647869E-01   9.9644504E-01   9.9644504E-01   9.9644504E-01   9.9647869E-01
   9.9647869E-01   9.9644504E-01   9.9647869E-01   9.9647869E-01   9.9644504E-01
   9.9644504E-01   9.9650193E-01   9.9647869E-01   9.9650193E-01   9.9647869E-01
   9.9647869E-01   9.9650193E-01

   1.0156938E+02   4.5464501E+08   2.3938737E+15   8.3330665E+00   6.6910396E-04   4.3432605E-02   1.0000000E+00    53 
   9.9683684E-01   9.9698616E-01   9.9698616E-01   9.9576815E-01   9.9576815E-01
   9.9431596E-01   9.9693852E-01   9.9693852E-01   9.9727109E-01   9.9727109E-01
   9.9580402E-01   9.9580402E-01   9.9910663E-01   1.0005006E+00   1.0005006E+00
   9.9747512E-01   9.9747512E-01   9.9661848E-01   9.9661848E-01   9.9747512E-01
   9.9747512E-01   9.9747512E-01   9.9661848E-01   9.9661848E-01   9.9787293E-01
   9.9787293E-01   9.9777431E-01   9.9777431E-01   9.9787293E-01   9.9787293E-01
   9.9787293E-01   9.9777431E-01   9.9777431E-01   9.9787293E-01   9.9787293E-01
   9.9777431E-01   9.9777431E-01   9.9804403E-01   9.9804403E-01   9.9804403E-01
   9.9805640E-01   9.9805640E-01   9.9804403E-01   9.9804403E-01   9.9805640E-01
   9.9805640E-01   9.9804403E-01   9.9804403E-01   9.9804403E-01   9.9805640E-01
   9.9805640E-01   9.9804403E-01   9.9805640E-01   9.9805640E-01   9.9804403E-01
   9.9804403E-01   9.9806937E-01   9.9805640E-01   9.9806937E-01   9.9805640E-01
   9.9805640E-01   9.9806937E-01

   1.0145830E+02   5.9101377E+08   3.1116339E+15   8.9428295E+00   4.6189921E-04   3.3491228E-02   1.0000000E+00    54 
   9.9917506E-01   9.9906609E-01   9.9906609E-01   9.9826787E-01   9.9826787E-01
   9.9725407E-01   9.9807217E-01   9.9807217E-01   9.9834282E-01   9.9834282E-01
   9.9814578E-01   9.9814578E-01   9.9913844E-01   9.9987471E-01   9.9987471E-01
   9.9876876E-01   9.9876876E-01   9.9835937E-01   9.9835937E-01   9.9876876E-01
   9.9876876E-01   9.9876876E-01   9.9835937E-01   9.9835937E-01   9.9886131E-01
   9.9886131E-01   9.9881331E-01   9.9881331E-01   9.9886131E-01   9.9886131E-01
   9.9886131E-01   9.9881331E-01   9.9881331E-01   9.9886131E-01   9.9886131E-01
   9.9881331E-01   9.9881331E-01   9.9892372E-01   9.9892372E-01   9.9892372E-01
   9.9892646E-01   9.9892646E-01   9.9892372E-01   9.9892372E-01   9.9892646E-01
   9.9892646E-01   9.9892372E-01   9.9892372E-01   9.9892372E-01   9.9892646E-01
   9.9892646E-01   9.9892372E-01   9.9892646E-01   9.9892646E-01   9.9892372E-01
   9.9892372E-01   9.9893264E-01   9.9892646E-01   9.9893264E-01   9.9892646E-01
   9.9892646E-01   9.9893264E-01

   1.0134230E+02   7.6258816E+08   4.0150075E+15   9.6077847E+00   3.3020328E-04   2.6018932E-02   1.0000000E+00    55 
   9.9989464E-01   9.9976180E-01   9.9976180E-01   9.9930703E-01   9.9930703E-01
   9.9867537E-01   9.9893360E-01   9.9893360E-01   9.9914201E-01   9.9914201E-01
   9.9924913E-01   9.9924913E-01   9.9926538E-01   9.9969560E-01   9.9969560E-01
   9.9940610E-01   9.9940610E-01   9.9922282E-01   9.9922282E-01   9.9940610E-01
   9.9940610E-01   9.9940610E-01   9.9922282E-01   9.9922282E-01   9.9940776E-01
   9.9940776E-01   9.9938563E-01   9.9938563E-01   9.9940776E-01   9.9940776E-01
   9.9940776E-01   9.9938563E-01   9.9938563E-01   9.9940776E-01   9.9940776E-01
   9.9938563E-01   9.9938563E-01   9.9942758E-01   9.9942758E-01   9.9942758E-01
   9.9942767E-01   9.9942767E-01   9.9942758E-01   9.9942758E-01   9.9942767E-01
   9.9942767E-01   9.9942758E-01   9.9942758E-01   9.9942758E-01   9.9942767E-01
   9.9942767E-01   9.9942758E-01   9.9942767E-01   9.9942767E-01   9.9942758E-01
   9.9942758E-01   9.9943032E-01   9.9942767E-01   9.9943032E-01   9.9942767E-01
   9.9942767E-01   9.9943032E-01

   1.0122043E+02   9.7806379E+08   5.1498192E+15   1.0331288E+01   2.4548280E-04   2.0337346E-02   1.0000000E+00    56 
   1.0001176E+00   1.0000277E+00   1.0000277E+00   9.9977261E-01   9.9977261E-01
   9.9940725E-01   9.9948767E-01   9.9948767E-01   9.9961512E-01   9.9961512E-01
   9.9974385E-01   9.9974385E-01   9.9952367E-01   9.9973933E-01   9.9973933E-01
   9.9970890E-01   9.9970890E-01   9.9963609E-01   9.9963609E-01   9.9970890E-01
   9.9970890E-01   9.9970890E-01   9.9963609E-01   9.9963609E-01   9.9968976E-01
   9.9968976E-01   9.9968231E-01   9.9968231E-01   9.9968976E-01   9.9968976E-01
   9.9968976E-01   9.9968231E-01   9.9968231E-01   9.9968976E-01   9.9968976E-01
   9.9968231E-01   9.9968231E-01   9.9969855E-01   9.9969855E-01   9.9969855E-01
   9.9969863E-01   9.9969863E-01   9.9969855E-01   9.9969855E-01   9.9969863E-01
   9.9969863E-01   9.9969855E-01   9.9969855E-01   9.9969855E-01   9.9969863E-01
   9.9969863E-01   9.9969855E-01   9.9969863E-01   9.9969863E-01   9.9969855E-01
   9.9969855E-01   9.9969974E-01   9.9969863E-01   9.9969974E-01   9.9969863E-01
   9.9969863E-01   9.9969974E-01

   1.0109170E+02   1.2493619E+09   6.5786482E+15   1.1117055E+01   1.9029306E-04   1.5962558E-02   1.0000000E+00    57 
   1.0001631E+00   1.0001130E+00   1.0001130E+00   9.9996378E-01   9.9996378E-01
   9.9975865E-01   9.9977611E-01   9.9977611E-01   9.9984137E-01   9.9984137E-01
   9.9993005E-01   9.9993005E-01   9.9972815E-01   9.9981880E-01   9.9981880E-01
   9.9984247E-01   9.9984247E-01   9.9981979E-01   9.9981979E-01   9.9984247E-01
   9.9984247E-01   9.9984247E-01   9.9981979E-01   9.9981979E-01   9.9983044E-01
   9.9983044E-01   9.9982908E-01   9.9982908E-01   9.9983044E-01   9.9983044E-01
   9.9983044E-01   9.9982908E-01   9.9982908E-01   9.9983044E-01   9.9983044E-01
   9.9982908E-01   9.9982908E-01   9.9983551E-01   9.9983551E-01   9.9983551E-01
   9.9983578E-01   9.9983578E-01   9.9983551E-01   9.9983551E-01   9.9983578E-01
   9.9983578E-01   9.9983551E-01   9.9983551E-01   9.9983551E-01   9.9983578E-01
   9.9983578E-01   9.9983551E-01   9.9983578E-01   9.9983578E-01   9.9983551E-01
   9.9983551E-01   9.9983627E-01   9.9983578E-01   9.9983627E-01   9.9983578E-01
   9.9983578E-01   9.9983627E-01

   1.0095493E+02   1.5957271E+09   8.4026701E+15   1.1969203E+01   1.5429134E-04   1.2532095E-02   1.0000000E+00    58 
   1.0001173E+00   1.0000928E+00   1.0000928E+00   1.0000120E+00   1.0000120E+00
   9.9989909E-01   9.9989993E-01   9.9989993E-01   9.9993237E-01   9.9993237E-01
   9.9998128E-01   9.9998128E-01   9.9985069E-01   9.9988780E-01   9.9988780E-01
   9.9991319E-01   9.9991319E-01   9.9990781E-01   9.9990781E-01   9.9991319E-01
   9.9991319E-01   9.9991319E-01   9.9990781E-01   9.9990781E-01   9.9991007E-01
   9.9991007E-01   9.9991023E-01   9.9991023E-01   9.9991007E-01   9.9991007E-01
   9.9991007E-01   9.9991023E-01   9.9991023E-01   9.9991007E-01   9.9991007E-01
   9.9991023E-01   9.9991023E-01   9.9991291E-01   9.9991291E-01   9.9991291E-01
   9.9991313E-01   9.9991313E-01   9.9991291E-01   9.9991291E-01   9.9991313E-01
   9.9991313E-01   9.9991291E-01   9.9991291E-01   9.9991291E-01   9.9991313E-01
   9.9991313E-01   9.9991291E-01   9.9991313E-01   9.9991313E-01   9.9991291E-01
   9.9991291E-01   9.9991335E-01   9.9991313E-01   9.9991335E-01   9.9991313E-01
   9.9991313E-01   9.9991335E-01

   1.0080607E+02   2.0575820E+09   1.0834728E+16   1.2911718E+01   1.3080799E-04   9.7480358E-03   1.0000000E+00    59 
   1.0000650E+00   1.0000541E+00   1.0000541E+00   1.0000153E+00   1.0000153E+00
   9.9995411E-01   9.9995351E-01   9.9995351E-01   9.9996968E-01   9.9996968E-01
   9.9999281E-01   9.9999281E-01   9.9992266E-01   9.9993858E-01   9.9993858E-01
   9.9995447E-01   9.9995447E-01   9.9995377E-01   9.9995377E-01   9.9995447E-01
   9.9995447E-01   9.9995447E-01   9.9995377E-01   9.9995377E-01   9.9995516E-01
   9.9995516E-01   9.9995548E-01   9.9995548E-01   9.9995516E-01   9.9995516E-01
   9.9995516E-01   9.9995548E-01   9.9995548E-01   9.9995516E-01   9.9995516E-01
   9.9995548E-01   9.9995548E-01   9.9995671E-01   9.9995671E-01   9.9995671E-01
   9.9995684E-01   9.9995684E-01   9.9995671E-01   9.9995671E-01   9.9995684E-01
   9.9995684E-01   9.9995671E-01   9.9995671E-01   9.9995671E-01   9.9995684E-01
   9.9995684E-01   9.9995671E-01   9.9995684E-01   9.9995684E-01   9.9995671E-01
   9.9995671E-01   9.9995694E-01   9.9995684E-01   9.9995694E-01   9.9995684E-01
   9.9995684E-01   9.9995694E-01

   1.0068651E+02   2.5064855E+09   1.3198529E+16   1.3679974E+01   1.1916953E-04   8.0213027E-03   1.0000000E+00    60 
   1.0000398E+00   1.0000344E+00   1.0000344E+00   1.0000138E+00   1.0000138E+00
   9.9997619E-01   9.9997578E-01   9.9997578E-01   9.9998494E-01   9.9998494E-01
   9.9999708E-01   9.9999708E-01   9.9995651E-01   9.9996487E-01   9.9996487E-01
   9.9997475E-01   9.9997475E-01   9.9997482E-01   9.9997482E-01   9.9997475E-01
   9.9997475E-01   9.9997475E-01   9.9997482E-01   9.9997482E-01   9.9997563E-01
   9.9997563E-01   9.9997586E-01   9.9997586E-01   9.9997563E-01   9.9997563E-01
   9.9997563E-01   9.9997586E-01   9.9997586E-01   9.9997563E-01   9.9997563E-01
   9.9997586E-01   9.9997586E-01   9.9997650E-01   9.9997650E-01   9.9997650E-01
   9.9997658E-01   9.9997658E-01   9.9997650E-01   9.9997650E-01   9.9997658E-01
   9.9997658E-01   9.9997650E-01   9.9997650E-01   9.9997650E-01   9.9997658E-01
   9.9997658E-01   9.9997650E-01   9.9997658E-01   9.9997658E-01   9.9997650E-01
   9.9997650E-01   9.9997663E-01   9.9997658E-01   9.9997663E-01   9.9997658E-01
   9.9997658E-01   9.9997663E-01

   1.0062098E+02   2.7875934E+09   1.4678757E+16   1.4105755E+01   1.1468459E-04   7.2218434E-03   1.0000000E+00    61 
   1.0000315E+00   1.0000279E+00   1.0000279E+00   1.0000134E+00   1.0000134E+00
   9.9998502E-01   9.9998441E-01   9.9998441E-01   9.9999084E-01   9.9999084E-01
   9.9999926E-01   9.9999926E-01   9.9996942E-01   9.9997514E-01   9.9997514E-01
   9.9998265E-01   9.9998265E-01   9.9998284E-01   9.9998284E-01   9.9998265E-01
   9.9998265E-01   9.9998265E-01   9.9998284E-01   9.9998284E-01   9.9998326E-01
   9.9998326E-01   9.9998343E-01   9.9998343E-01   9.9998326E-01   9.9998326E-01
   9.9998326E-01   9.9998343E-01   9.9998343E-01   9.9998326E-01   9.9998326E-01
   9.9998343E-01   9.9998343E-01   9.9998385E-01   9.9998385E-01   9.9998385E-01
   9.9998390E-01   9.9998390E-01   9.9998385E-01   9.9998385E-01   9.9998390E-01
   9.9998390E-01   9.9998385E-01   9.9998385E-01   9.9998385E-01   9.9998390E-01
   9.9998390E-01   9.9998385E-01   9.9998390E-01   9.9998390E-01   9.9998385E-01
   9.9998385E-01   9.9998394E-01   9.9998390E-01   9.9998394E-01   9.9998390E-01
   9.9998390E-01   9.9998394E-01

   1.0058758E+02   2.9416539E+09   1.5489991E+16   1.4324159E+01   1.1281795E-04   6.8481798E-03   1.0000000E+00    62 
   1.0000338E+00   1.0000302E+00   1.0000302E+00   1.0000156E+00   1.0000156E+00
   9.9998565E-01   9.9998509E-01   9.9998509E-01   9.9999160E-01   9.9999160E-01
   1.0000000E+00   1.0000000E+00   9.9996963E-01   9.9997542E-01   9.9997542E-01
   9.9998298E-01   9.9998298E-01   9.9998316E-01   9.9998316E-01   9.9998298E-01
   9.9998298E-01   9.9998298E-01   9.9998316E-01   9.9998316E-01   9.9998353E-01
   9.9998353E-01   9.9998371E-01   9.9998371E-01   9.9998353E-01   9.9998353E-01
   9.9998353E-01   9.9998371E-01   9.9998371E-01   9.9998353E-01   9.9998353E-01
   9.9998371E-01   9.9998371E-01   9.9998411E-01   9.9998411E-01   9.9998411E-01
   9.9998416E-01   9.9998416E-01   9.9998411E-01   9.9998411E-01   9.9998416E-01
   9.9998416E-01   9.9998411E-01   9.9998411E-01   9.9998411E-01   9.9998416E-01
   9.9998416E-01   9.9998411E-01   9.9998416E-01   9.9998416E-01   9.9998411E-01
   9.9998411E-01   9.9998420E-01   9.9998416E-01   9.9998420E-01   9.9998416E-01
   9.9998416E-01   9.9998420E-01

   1.0057637E+02   2.9952451E+09   1.5772185E+16   1.4397884E+01   1.1225935E-04   6.7271547E-03   1.0000000E+00    63 
   1.0002321E+00   1.0001916E+00   1.0001916E+00   1.0001307E+00   1.0001307E+00
   1.0000471E+00   1.0000472E+00   1.0000472E+00   1.0000472E+00   1.0000472E+00
   1.0000470E+00   1.0000470E+00   9.9999537E-01   1.0000011E+00   1.0000011E+00
   1.0000036E+00   1.0000036E+00   1.0000023E+00   1.0000023E+00   1.0000036E+00
   1.0000036E+00   1.0000036E+00   1.0000023E+00   1.0000023E+00   9.9999697E-01
   9.9999697E-01   9.9999653E-01   9.9999653E-01   9.9999697E-01   9.9999697E-01
   9.9999697E-01   9.9999653E-01   9.9999653E-01   9.9999697E-01   9.9999697E-01
   9.9999653E-01   9.9999653E-01   9.9999592E-01   9.9999592E-01   9.9999592E-01
   9.9999591E-01   9.9999591E-01   9.9999592E-01   9.9999592E-01   9.9999591E-01
   9.9999591E-01   9.9999592E-01   9.9999592E-01   9.9999592E-01   9.9999591E-01
   9.9999591E-01   9.9999592E-01   9.9999591E-01   9.9999591E-01   9.9999592E-01
   9.9999592E-01   9.9999592E-01   9.9999591E-01   9.9999592E-01   9.9999591E-01
   9.9999591E-01   9.9999592E-01
