
 24-FEB-2004                           !Format date

   1.0057637E+02     1.0810E+06       33       63

   1.1341482E+04   8.3292744E+01   2.8249382E+06   1.8495937E+00   1.1140070E-05   2.9481942E+03   1.0000000E+00     1 
   1.1985124E-02   6.9717618E-06   6.9717618E-06   7.5866191E-06   7.5866191E-06
   1.0330579E-04   4.7247189E-03   4.7247189E-03   5.0387220E-03   5.0387220E-03
   2.8730386E-05   2.8730386E-05   3.4024089E-03   1.3167798E-01   1.3167798E-01
   4.6049606E-02   4.6049606E-02   3.5143972E-04   3.5143972E-04   3.4652127E-04
   1.4668444E-02   7.1603516E-01   7.1603516E-01   4.2689352E-02   4.2689352E-02
   1.6083963E-03   1.6083963E-03   1.7475920E-03   9.0508702E-03   5.4340633E-01
   2.5496461E-02   4.3013895E-03   4.1514927E-03

   1.1234034E+04   8.4901043E+01   2.8794849E+06   1.8496862E+00   1.1140214E-05   2.9479382E+03   1.0000000E+00     2 
   1.1775790E-02   6.9798935E-06   6.9798935E-06   7.5934479E-06   7.5934479E-06
   1.0338407E-04   4.7277997E-03   4.7277997E-03   5.0413352E-03   5.0413352E-03
   2.8746434E-05   2.8746434E-05   3.4039468E-03   1.3172805E-01   1.3172805E-01
   4.6071750E-02   4.6071750E-02   3.5157124E-04   3.5157124E-04   3.4662987E-04
   1.4675147E-02   7.1633505E-01   7.1633505E-01   4.2709039E-02   4.2709039E-02
   1.6088051E-03   1.6088051E-03   1.7479943E-03   9.0556854E-03   5.4366560E-01
   2.5501836E-02   4.3022366E-03   4.1522278E-03

   1.1021993E+04   8.8214693E+01   2.9918700E+06   1.8498852E+00   1.1140474E-05   2.9474172E+03   1.0000000E+00     3 
   1.1370134E-02   6.9974372E-06   6.9974372E-06   7.6081087E-06   7.6081087E-06
   1.0355209E-04   4.7344141E-03   4.7344141E-03   5.0469384E-03   5.0469384E-03
   2.8780584E-05   2.8780584E-05   3.4072460E-03   1.3183594E-01   1.3183594E-01
   4.6118352E-02   4.6118352E-02   3.5184969E-04   3.5184969E-04   3.4686346E-04
   1.4689266E-02   7.1696727E-01   7.1696727E-01   4.2748627E-02   4.2748627E-02
   1.6096816E-03   1.6096816E-03   1.7488589E-03   9.0652894E-03   5.4417803E-01
   2.5513354E-02   4.3040535E-03   4.1538084E-03

   1.0610344E+04   9.5226902E+01   3.2296947E+06   1.8503157E+00   1.1140824E-05   2.9463495E+03   1.0000000E+00     4 
   1.0606515E-02   7.0355003E-06   7.0355003E-06   7.6397585E-06   7.6397585E-06
   1.0391440E-04   4.7486661E-03   4.7486661E-03   5.0590035E-03   5.0590035E-03
   2.8853964E-05   2.8853964E-05   3.4143509E-03   1.3206855E-01   1.3206855E-01
   4.6217415E-02   4.6217415E-02   3.5245013E-04   3.5245013E-04   3.4736876E-04
   1.4719204E-02   7.1830555E-01   7.1830555E-01   4.2833229E-02   4.2833229E-02
   1.6115751E-03   1.6115751E-03   1.7507271E-03   9.0857598E-03   5.4526995E-01
   2.5538227E-02   4.3079785E-03   4.1572273E-03

   9.8324823E+03   1.1097466E+02   3.7637926E+06   1.8512146E+00   1.1141318E-05   2.9441008E+03   1.0000000E+00     5 
   9.2345174E-03   7.1155182E-06   7.1155182E-06   7.7062868E-06   7.7062868E-06
   1.0467440E-04   4.7785015E-03   4.7785015E-03   5.0842504E-03   5.0842504E-03
   2.9008588E-05   2.9008588E-05   3.4292179E-03   1.3255284E-01   1.3255284E-01
   4.6426414E-02   4.6426414E-02   3.5372590E-04   3.5372590E-04   3.4842608E-04
   1.4782238E-02   7.2111308E-01   7.2111308E-01   4.3020440E-02   4.3020440E-02
   1.6155608E-03   1.6155608E-03   1.7546310E-03   9.1314940E-03   5.4771700E-01
   2.5590596E-02   4.3162297E-03   4.1643828E-03

   8.4398396E+03   1.5088194E+02   5.1172808E+06   1.8530458E+00   1.1143133E-05   2.9389838E+03   1.0000000E+00     6 
   6.9961573E-03   7.2805308E-06   7.2805308E-06   7.8448164E-06   7.8448164E-06
   1.0625034E-04   4.8401120E-03   4.8401120E-03   5.1362264E-03   5.1362264E-03
   2.9334588E-05   2.9334588E-05   3.4597939E-03   1.3353236E-01   1.3353236E-01
   4.6876023E-02   4.6876023E-02   3.5644731E-04   3.5644731E-04   3.5059101E-04
   1.4918046E-02   7.2712502E-01   7.2712502E-01   4.3457028E-02   4.3457028E-02
   1.6238881E-03   1.6238881E-03   1.7626050E-03   9.2407482E-03   5.5356309E-01
   2.5700149E-02   4.3333921E-03   4.1790559E-03

   6.2778820E+03   2.7386113E+02   9.2882207E+06   1.8563132E+00   1.1167749E-05   2.9264839E+03   1.0000000E+00     7 
   4.0707869E-03   7.5842674E-06   7.5842674E-06   8.1122165E-06   8.1122165E-06
   1.0926943E-04   4.9574311E-03   4.9574311E-03   5.2337383E-03   5.2337383E-03
   2.9978290E-05   2.9978290E-05   3.5173516E-03   1.3529911E-01   1.3529911E-01
   4.7825610E-02   4.7825610E-02   3.6184958E-04   3.6184958E-04   3.5450743E-04
   1.5210942E-02   7.3997233E-01   7.3997233E-01   4.4429814E-02   4.4429814E-02
   1.6400635E-03   1.6400635E-03   1.7769487E-03   9.4973426E-03   5.6684211E-01
   2.5914142E-02   4.3661039E-03   4.2058484E-03

   4.6756742E+03   4.9649234E+02   1.6838946E+07   1.8603975E+00   1.1202179E-05   2.9100589E+03   1.0000000E+00     8 
   2.4041631E-03   7.9782135E-06   7.9782135E-06   8.4668139E-06   8.4668139E-06
   1.1320163E-04   5.1084629E-03   5.1084629E-03   5.3572322E-03   5.3572322E-03
   3.0802578E-05   3.0802578E-05   3.5910843E-03   1.3751777E-01   1.3751777E-01
   4.9018967E-02   4.9018967E-02   3.6863323E-04   3.6863323E-04   3.5948595E-04
   1.5592221E-02   7.5647614E-01   7.5647614E-01   4.5390125E-02   4.5390125E-02
   1.6620575E-03   1.6620575E-03   1.7950205E-03   9.7658800E-03   5.7863043E-01
   2.6207637E-02   4.4091884E-03   4.2403712E-03

   3.4842997E+03   9.0084206E+02   3.0552823E+07   1.8657246E+00   1.1239622E-05   2.8881725E+03   1.0000000E+00     9 
   1.4469142E-03   8.5203115E-06   8.5203115E-06   8.9589687E-06   8.9589687E-06
   1.1852049E-04   5.3084827E-03   5.3084827E-03   5.5220297E-03   5.5220297E-03
   3.1921573E-05   3.1921573E-05   3.6915508E-03   1.4045171E-01   1.4045171E-01
   5.0582418E-02   5.0582418E-02   3.7826545E-04   3.7826545E-04   3.6609036E-04
   1.6098966E-02   7.7767634E-01   7.7767634E-01   4.6724310E-02   4.6724310E-02
   1.6933170E-03   1.6933170E-03   1.8188734E-03   1.0161980E-02   5.9444785E-01
   2.6633586E-02   4.4687919E-03   4.2867320E-03

   2.5985463E+03   1.6362867E+03   5.5496119E+07   1.8726938E+00   1.1278569E-05   2.8587913E+03   1.0000000E+00    10 
   8.9231723E-04   9.2837548E-06   9.2837548E-06   9.6569514E-06   9.6569514E-06
   1.2580879E-04   5.5749371E-03   5.5749371E-03   5.7393753E-03   5.7393753E-03
   3.3463392E-05   3.3463392E-05   3.8271741E-03   1.4420450E-01   1.4420450E-01
   5.2634464E-02   5.2634464E-02   3.9228692E-04   3.9228692E-04   3.7483215E-04
   1.6777258E-02   8.0471798E-01   8.0471798E-01   4.8626516E-02   4.8626516E-02
   1.7383750E-03   1.7383750E-03   1.8503953E-03   1.0765960E-02   6.1604069E-01
   2.7261618E-02   4.5537413E-03   4.3477753E-03

   1.9408575E+03   2.9741290E+03   1.0087043E+08   1.8822690E+00   1.1313750E-05   2.8193933E+03   1.0000000E+00    11 
   5.7207054E-04   1.0437674E-05   1.0437674E-05   1.0721130E-05   1.0721130E-05
   1.3647436E-04   5.9526541E-03   5.9526541E-03   6.0360460E-03   6.0360460E-03
   3.5682183E-05   3.5682183E-05   4.0178028E-03   1.4913775E-01   1.4913775E-01
   5.5342366E-02   5.5342366E-02   4.1362400E-04   4.1362400E-04   3.8696710E-04
   1.7695499E-02   8.3885762E-01   8.3885762E-01   5.1353282E-02   5.1353282E-02
   1.8071087E-03   1.8071087E-03   1.8939690E-03   1.1697485E-02   6.4473945E-01
   2.8226264E-02   4.6825660E-03   4.4297290E-03

   1.4530208E+03   5.4074841E+03   1.8340066E+08   1.8957601E+00   1.1332491E-05   2.7667114E+03   1.0000000E+00    12 
   3.8825823E-04   1.2270444E-05   1.2270444E-05   1.2429946E-05   1.2429946E-05
   1.5270473E-04   6.5034235E-03   6.5034235E-03   6.4461489E-03   6.4461489E-03
   3.8964423E-05   3.8964423E-05   4.2922544E-03   1.5565648E-01   1.5565648E-01
   5.8793828E-02   5.8793828E-02   4.4712846E-04   4.4712846E-04   4.0444646E-04
   1.8910948E-02   8.7908547E-01   8.7908547E-01   5.5240559E-02   5.5240559E-02
   1.9166978E-03   1.9166978E-03   1.9561914E-03   1.3142962E-02   6.8104405E-01
   2.9763089E-02   4.8851679E-03   4.5432977E-03

   1.0915123E+03   9.8312668E+03   3.3344042E+08   1.9147175E+00   1.1315183E-05   2.6967212E+03   1.0000000E+00    13 
   2.8444474E-04   1.5293771E-05   1.5293771E-05   1.5245837E-05   1.5245837E-05
   1.7740380E-04   7.2828476E-03   7.2828476E-03   7.0072583E-03   7.0072583E-03
   4.3932918E-05   4.3932918E-05   4.6909950E-03   1.6403469E-01   1.6403469E-01
   6.2904308E-02   6.2904308E-02   5.0158279E-04   5.0158279E-04   4.2998082E-04
   2.0444881E-02   9.1944141E-01   9.1944141E-01   6.1149832E-02   6.1149832E-02
   2.0952430E-03   2.0952430E-03   2.0459929E-03   1.5506580E-02   7.3083861E-01
   3.2284152E-02   5.2081423E-03   4.7039220E-03

   8.2390322E+02   1.7860964E+04   6.0578738E+08   1.9422445E+00   1.1231536E-05   2.6052265E+03   1.0000000E+00    14 
   2.3384232E-04   2.0706859E-05   2.0706859E-05   2.0307577E-05   2.0307577E-05
   2.1749620E-04   8.4327337E-03   8.4327337E-03   7.7810933E-03   7.7810933E-03
   5.2008310E-05   5.2008310E-05   5.2828049E-03   1.7436792E-01   1.7436792E-01
   6.7528816E-02   6.7528816E-02   5.9383077E-04   5.9383077E-04   4.6919967E-04
   2.2355708E-02   9.5042874E-01   9.5042874E-01   7.0123759E-02   7.0123759E-02
   2.3945620E-03   2.3945620E-03   2.1813432E-03   1.9361493E-02   7.9732058E-01
   3.6554239E-02   5.7388686E-03   4.9422415E-03

   6.2602163E+02   3.2361202E+04   1.0976257E+09   1.9845700E+00   1.1000647E-05   2.4905748E+03   1.0000000E+00    15 
   2.3184985E-04   3.1912334E-05   3.1912334E-05   3.0683418E-05   3.0683418E-05
   2.8993745E-04   1.0264975E-02   1.0264975E-02   8.9738311E-03   8.9738311E-03
   6.7005883E-05   6.7005883E-05   6.2603939E-03   1.8863377E-01   1.8863377E-01
   7.2958917E-02   7.2958917E-02   7.5834722E-04   7.5834722E-04   5.3442048E-04
   2.4962765E-02   9.6381460E-01   9.6381460E-01   8.4141690E-02   8.4141690E-02
   2.9145730E-03   2.9145730E-03   2.3992915E-03   2.5743949E-02   8.9103775E-01
   4.4020120E-02   6.6502822E-03   5.3202620E-03

   4.7890745E+02   5.8708447E+04   1.9914092E+09   2.0523961E+00   1.0569481E-05   2.3458450E+03   1.0000000E+00    16 
   3.0844662E-04   6.0639752E-05   6.0639752E-05   5.6656599E-05   5.6656599E-05
   4.4572542E-04   1.3692712E-02   1.3692712E-02   1.1112936E-02   1.1112936E-02
   1.0047989E-04   1.0047989E-04   8.1004783E-03   2.1140692E-01   2.1140692E-01
   8.1166590E-02   8.1166590E-02   1.0793669E-03   1.0793669E-03   6.5196943E-04
   2.9499850E-02   9.6584885E-01   9.6584885E-01   1.0738781E-01   1.0738781E-01
   3.8700352E-03   3.8700352E-03   2.7729542E-03   3.6847102E-02   1.0429408E+00
   5.7725723E-02   8.3041020E-03   5.9549871E-03

   3.6959393E+02   1.0704850E+05   3.6315609E+09   2.1590312E+00   9.9773008E-06   2.1600962E+03   1.0000000E+00    17 
   6.0624961E-04   1.5003149E-04   1.5003149E-04   1.3646410E-04   1.3646410E-04
   8.3558979E-04   2.0996105E-02   2.0996105E-02   1.5519089E-02   1.5519089E-02
   1.8928978E-04   1.8928978E-04   1.2013263E-02   2.5456042E-01   2.5456042E-01
   9.6356868E-02   9.6356868E-02   1.7584387E-03   1.7584387E-03   8.7391218E-04
   3.9295348E-02   9.7912802E-01   9.7912802E-01   1.4539472E-01   1.4539472E-01
   5.7492038E-03   5.7492038E-03   3.4279895E-03   5.6832343E-02   1.2844061E+00
   8.3330769E-02   1.1410621E-02   7.0291934E-03

   2.8900439E+02   1.9672577E+05   6.6747743E+09   2.3126674E+00   9.3957173E-06   1.9223545E+03   1.0000000E+00    18 
   1.7206159E-03   4.6245754E-04   4.6245754E-04   4.0761368E-04   4.0761368E-04
   1.9150774E-03   3.8280956E-02   3.8280956E-02   2.5412200E-02   2.5412200E-02
   4.4596804E-04   4.4596804E-04   2.0852059E-02   3.4598298E-01   3.4598298E-01
   1.2594288E-01   1.2594288E-01   3.2935469E-03   3.2935469E-03   1.2940076E-03
   6.0922307E-02   1.0372531E+00   1.0372531E+00   2.0730728E-01   2.0730728E-01
   9.5823369E-03   9.5823369E-03   4.5389903E-03   9.2559766E-02   1.6435609E+00
   1.2983226E-01   1.7238201E-02   8.7585622E-03

   2.3028591E+02   3.5965058E+05   1.2204120E+10   2.5283629E+00   8.7075538E-06   1.6561071E+03   1.0000000E+00    19 
   6.8534691E-03   1.8664930E-03   1.8664930E-03   1.4090318E-03   1.4090318E-03
   5.4549543E-03   8.4989043E-02   8.4989043E-02   5.2399849E-02   5.2399849E-02
   1.2145532E-03   1.2145532E-03   4.4009904E-02   5.9137498E-01   5.9137498E-01
   1.9070805E-01   1.9070805E-01   7.1895590E-03   7.1895590E-03   2.1479648E-03
   1.0785665E-01   1.1782218E+00   1.1782218E+00   3.2011482E-01   3.2011482E-01
   1.8023715E-02   1.8023715E-02   6.5029475E-03   1.5800514E-01   2.1585275E+00
   2.1804241E-01   2.9424389E-02   1.1595954E-02

   1.8732298E+02   6.6475046E+05   2.2558788E+10   2.8072781E+00   7.7390254E-06   1.3541399E+03   1.0000000E+00    20 
   2.9917016E-02   9.1220986E-03   9.1220986E-03   5.9210993E-03   5.9210993E-03
   1.6891553E-02   1.8208555E-01   1.8208555E-01   1.0912311E-01   1.0912311E-01
   3.6819714E-03   3.6819714E-03   9.6741231E-02   9.4192379E-01   9.4192379E-01
   3.4570526E-01   3.4570526E-01   1.7239431E-02   1.7239431E-02   4.0055909E-03
   2.0715652E-01   1.7955326E+00   1.7955326E+00   5.4094661E-01   5.4094661E-01
   3.8158842E-02   3.8158842E-02   1.0111861E-02   2.8959159E-01   2.7667353E+00
   4.0406947E-01   5.9221037E-02   1.6284775E-02

   1.5629712E+02   1.2566222E+06   4.2646154E+10   3.1032329E+00   7.0897925E-06   1.0289587E+03   1.0000000E+00    21 
   9.8510801E-02   3.3593285E-02   3.3593285E-02   2.0967801E-02   2.0967801E-02
   4.0631934E-02   2.9807488E-01   2.9807488E-01   1.6547822E-01   1.6547822E-01
   1.3106055E-02   1.3106055E-02   1.6532091E-01   9.1572457E-01   9.1572457E-01
   5.0509054E-01   5.0509054E-01   3.4872905E-02   3.4872905E-02   8.3466652E-03
   3.0973013E-01   2.2775166E+00   2.2775166E+00   7.8158829E-01   7.8158829E-01
   6.9623850E-02   6.9623850E-02   1.6511010E-02   4.9375783E-01   3.4243918E+00
   6.8662764E-01   1.0186800E-01   2.3815593E-02

   1.3525275E+02   2.3720455E+06   8.0502317E+10   3.4279018E+00   7.0392399E-06   7.2792964E+02   1.0000000E+00    22 
   2.9326871E-01   1.0173926E-01   1.0173926E-01   5.8429008E-02   5.8429008E-02
   9.0376507E-02   4.1862767E-01   4.1862767E-01   2.5312751E-01   2.5312751E-01
   3.5175518E-02   3.5175518E-02   2.6973236E-01   1.1373406E+00   1.1373406E+00
   6.3752128E-01   6.3752128E-01   6.1652782E-02   6.1652782E-02   1.8706158E-02
   4.5469931E-01   2.1134670E+00   2.1134670E+00   9.9738075E-01   9.9738075E-01
   1.1489596E-01   1.1489596E-01   2.7770463E-02   6.9492584E-01   3.2555976E+00
   8.7778351E-01   1.5942372E-01   3.5451876E-02

   1.2356812E+02   4.0174024E+06   1.3634361E+11   3.6397230E+00   7.1284746E-06   5.1492786E+02   1.0000000E+00    23 
   4.5850589E-01   1.8021480E-01   1.8021480E-01   1.0145618E-01   1.0145618E-01
   1.4535337E-01   5.1513727E-01   5.1513727E-01   3.4287906E-01   3.4287906E-01
   5.9806654E-02   5.9806654E-02   3.6485629E-01   1.3360950E+00   1.3360950E+00
   8.3406504E-01   8.3406504E-01   1.0072422E-01   1.0072422E-01   3.2971137E-02
   5.4973475E-01   2.7163924E+00   2.7163924E+00   1.1538144E+00   1.1538144E+00
   1.6869437E-01   1.6869437E-01   4.2406981E-02   9.1098981E-01   3.2269513E+00
   9.9079647E-01   2.2521533E-01   4.9767619E-02

   1.1645889E+02   6.3914300E+06   2.1691488E+11   3.7978819E+00   8.0927616E-06   3.6438532E+02   1.0000000E+00    24 
   6.2771747E-01   2.5566645E-01   2.5566645E-01   1.4087064E-01   1.4087064E-01
   1.9445497E-01   5.8606734E-01   5.8606734E-01   3.8602160E-01   3.8602160E-01
   8.6909603E-02   8.6909603E-02   4.2615093E-01   1.1444077E+00   1.1444077E+00
   8.5609434E-01   8.5609434E-01   1.3097488E-01   1.3097488E-01   4.8743121E-02
   5.9661959E-01   2.9085748E+00   2.9085748E+00   1.2877480E+00   1.2877480E+00
   2.0467229E-01   2.0467229E-01   5.7668444E-02   9.3018452E-01   3.4844598E+00
   1.0560201E+00   2.7233918E-01   6.3921243E-02

   1.1191196E+02   9.7507724E+06   3.3092522E+11   3.9319166E+00   9.7088334E-06   2.5864938E+02   1.0000000E+00    25 
   8.2503768E-01   3.3939307E-01   3.3939307E-01   1.6932596E-01   1.6932596E-01
   2.4198579E-01   6.4537116E-01   6.4537116E-01   4.2636588E-01   4.2636588E-01
   1.0731514E-01   1.0731514E-01   4.9698292E-01   1.0573543E+00   1.0573543E+00
   8.6823766E-01   8.6823766E-01   1.5097006E-01   1.5097006E-01   6.1844460E-02
   6.6446268E-01   2.8256323E+00   2.8256323E+00   1.3611624E+00   1.3611624E+00
   2.2601093E-01   2.2601093E-01   7.0426961E-02   9.6175999E-01   3.4730347E+00
   1.1529549E+00   2.9843149E-01   7.5938716E-02

   1.0890312E+02   1.4522708E+07   4.9287427E+11   4.0198827E+00   1.2565017E-05   1.8338929E+02   1.0000000E+00    26 
   9.9003237E-01   3.9403398E-01   3.9403398E-01   1.6493914E-01   1.6493914E-01
   2.7795927E-01   6.9963339E-01   6.9963339E-01   4.5621305E-01   4.5621305E-01
   1.0563529E-01   1.0563529E-01   5.4369360E-01   9.9645079E-01   9.9645079E-01
   8.8277440E-01   8.8277440E-01   1.5660685E-01   1.5660685E-01   6.4564579E-02
   7.0138884E-01   2.6144065E+00   2.6144065E+00   1.3704004E+00   1.3704004E+00
   2.3276486E-01   2.3276486E-01   7.5783929E-02   1.0468006E+00   3.3099909E+00
   1.1840559E+00   3.1409620E-01   8.2360465E-02

   1.0686730E+02   2.1249336E+07   7.2115837E+11   4.0754363E+00   1.7014877E-05   1.3015632E+02   1.0000000E+00    27 
   1.1192605E+00   4.2195985E-01   4.2195985E-01   1.5414629E-01   1.5414629E-01
   2.9624585E-01   6.9620423E-01   6.9620423E-01   4.5825028E-01   4.5825028E-01
   9.7191715E-02   9.7191715E-02   5.5749981E-01   8.9346867E-01   8.9346867E-01
   8.5861136E-01   8.5861136E-01   1.5711726E-01   1.5711726E-01   6.2825735E-02
   7.0787527E-01   2.4107810E+00   2.4107810E+00   1.3384749E+00   1.3384749E+00
   2.3412224E-01   2.3412224E-01   7.7778600E-02   1.1030426E+00   3.1055225E+00
   1.1630254E+00   3.2659836E-01   8.6022366E-02

   1.0545841E+02   3.0787409E+07   1.0448504E+12   4.1113438E+00   2.3379063E-05   9.2249065E+01   1.0000000E+00    28 
   1.2058557E+00   4.3426203E-01   4.3426203E-01   1.5157304E-01   1.5157304E-01
   2.9727918E-01   6.5342508E-01   6.5342508E-01   4.4459294E-01   4.4459294E-01
   9.1577501E-02   9.1577501E-02   5.5157557E-01   8.0689297E-01   8.0689297E-01
   8.1649826E-01   8.1649826E-01   1.5814082E-01   1.5814082E-01   6.1630208E-02
   7.1019825E-01   2.2221207E+00   2.2221207E+00   1.2807982E+00   1.2807982E+00
   2.3762303E-01   2.3762303E-01   7.9880890E-02   1.1007654E+00   2.8589821E+00
   1.1231033E+00   3.3667538E-01   8.9743985E-02

   1.0447983E+02   4.4382518E+07   1.5062157E+12   4.1367293E+00   3.2293781E-05   6.5195373E+01   1.0000000E+00    29 
   1.2623421E+00   4.4234675E-01   4.4234675E-01   1.5389220E-01   1.5389220E-01
   2.9008400E-01   5.9874818E-01   5.9874818E-01   4.2755792E-01   4.2755792E-01
   8.7445083E-02   8.7445083E-02   5.4067816E-01   7.6614138E-01   7.6614138E-01
   7.8335077E-01   7.8335077E-01   1.5895742E-01   1.5895742E-01   6.1018985E-02
   7.1968360E-01   2.0410332E+00   2.0410332E+00   1.2179900E+00   1.2179900E+00
   2.4235906E-01   2.4235906E-01   8.2064366E-02   1.0701022E+00   2.6027728E+00
   1.0842623E+00   3.4639214E-01   9.3657835E-02

   1.0379966E+02   6.3547719E+07   2.1565909E+12   4.1586923E+00   4.4228095E-05   4.6131403E+01   1.0000000E+00    30 
   1.2997701E+00   4.5598286E-01   4.5598286E-01   1.5902644E-01   1.5902644E-01
   2.8450431E-01   5.5013431E-01   5.5013431E-01   4.1442016E-01   4.1442016E-01
   8.4791951E-02   8.4791951E-02   5.3451839E-01   7.5800910E-01   7.5800910E-01
   7.6522564E-01   7.6522564E-01   1.6067966E-01   1.6067966E-01   6.1447784E-02
   7.3805870E-01   1.8744938E+00   1.8744938E+00   1.1616541E+00   1.1616541E+00
   2.4864542E-01   2.4864542E-01   8.4920237E-02   1.0371398E+00   2.3473440E+00
   1.0474838E+00   3.5790299E-01   9.8379401E-02

   1.0333957E+02   8.8809263E+07   3.0138127E+12   4.1647579E+00   5.9748475E-05   3.3303524E+01   1.0000000E+00    31 
   1.2803437E+00   4.5686571E-01   4.5686571E-01   1.6052707E-01   1.6052707E-01
   2.7331657E-01   4.9767545E-01   4.9767545E-01   3.9672177E-01   3.9672177E-01
   8.0697084E-02   8.0697084E-02   5.2254610E-01   7.5191627E-01   7.5191627E-01
   7.4623903E-01   7.4623903E-01   1.6013681E-01   1.6013681E-01   6.1266150E-02
   7.5240335E-01   1.7098478E+00   1.7098478E+00   1.1001554E+00   1.1001554E+00
   2.5249046E-01   2.5249046E-01   8.6999554E-02   9.9387924E-01   2.0760030E+00
   9.9851033E-01   3.6675586E-01   1.0260931E-01

   1.0311115E+02   1.2790696E+08   4.3404685E+12   4.1308309E+00   8.6555304E-05   2.3225478E+01   1.0000000E+00    32 
   1.1480363E+00   4.1550654E-01   4.1550654E-01   1.4861977E-01   1.4861977E-01
   2.4529502E-01   4.3272577E-01   4.3272577E-01   3.6471144E-01   3.6471144E-01
   7.1852090E-02   7.1852090E-02   4.8931578E-01   7.2684076E-01   7.2684076E-01
   7.0949477E-01   7.0949477E-01   1.5260682E-01   1.5260682E-01   5.8376891E-02
   7.4506512E-01   1.5499625E+00   1.5499625E+00   1.0178695E+00   1.0178695E+00
   2.4826081E-01   2.4826081E-01   8.6114863E-02   9.2989093E-01   1.7647489E+00
   9.1724873E-01   3.6585407E-01   1.0435744E-01

   1.0303449E+02   1.8169690E+08   6.1655873E+12   4.1001680E+00   1.2318641E-04   1.6373496E+01   1.0000000E+00    33 
   1.0334899E+00   3.8590126E-01   3.8590126E-01   1.4068332E-01   1.4068332E-01
   2.2901197E-01   3.9512902E-01   3.9512902E-01   3.4381323E-01   3.4381323E-01
   6.7497638E-02   6.7497638E-02   4.6868957E-01   6.9903666E-01   6.9903666E-01
   6.7923507E-01   6.7923507E-01   1.4863863E-01   1.4863863E-01   5.7779353E-02
   7.3785626E-01   1.4435152E+00   1.4435152E+00   9.5452617E-01   9.5452617E-01
   2.4700980E-01   2.4700980E-01   8.7234285E-02   8.9314588E-01   1.5447942E+00
   8.4581590E-01   3.6549726E-01   1.0790397E-01

   1.0299255E+02   2.5110287E+08   8.5204921E+12   4.0740833E+00   1.6866916E-04   1.1856899E+01   1.0000000E+00    34 
   9.3199557E-01   3.6502073E-01   3.6502073E-01   1.3636815E-01   1.3636815E-01
   2.1911758E-01   3.6854343E-01   3.6854343E-01   3.2843827E-01   3.2843827E-01
   6.5707621E-02   6.5707621E-02   4.5562969E-01   6.7113889E-01   6.7113889E-01
   6.5200736E-01   6.5200736E-01   1.4745372E-01   1.4745372E-01   5.8836359E-02
   7.3325310E-01   1.3494575E+00   1.3494575E+00   8.9773867E-01   8.9773867E-01
   2.4847911E-01   2.4847911E-01   9.0235012E-02   8.6402802E-01   1.3625181E+00
   7.8095155E-01   3.6542999E-01   1.1342161E-01

   1.0296080E+02   3.5874280E+08   1.2172607E+13   4.0502574E+00   2.3415777E-04   8.3038406E+00   1.0000000E+00    35 
   8.2748854E-01   3.5056910E-01   3.5056910E-01   1.3587062E-01   1.3587062E-01
   2.1425634E-01   3.4706382E-01   3.4706382E-01   3.1607511E-01   3.1607511E-01
   6.6397171E-02   6.6397171E-02   4.4870726E-01   6.4022640E-01   6.4022640E-01
   6.2329299E-01   6.2329299E-01   1.4954650E-01   1.4954650E-01   6.2191164E-02
   7.3194977E-01   1.2438400E+00   1.2438400E+00   8.3610636E-01   8.3610636E-01
   2.5367197E-01   2.5367197E-01   9.6415759E-02   8.3387937E-01   1.1815675E+00
   7.1292494E-01   3.6578092E-01   1.2275859E-01

   1.0292345E+02   5.0710794E+08   1.7206312E+13   4.0269935E+00   3.0681746E-04   5.8782133E+00   1.0000000E+00    36 
   6.9634521E-01   3.4166460E-01   3.4166460E-01   1.4255126E-01   1.4255126E-01
   2.1548870E-01   3.2731090E-01   3.2731090E-01   3.0581928E-01   3.0581928E-01
   7.1334535E-02   7.1334535E-02   4.4803495E-01   6.0074985E-01   6.0074985E-01
   5.9180648E-01   5.9180648E-01   1.5687968E-01   1.5687968E-01   6.9249193E-02
   7.2956506E-01   1.1083394E+00   1.1083394E+00   7.6813696E-01   7.6813696E-01
   2.6307982E-01   2.6307982E-01   1.0699061E-01   7.8856763E-01   9.8884882E-01
   6.4284253E-01   3.6545450E-01   1.3656685E-01

   1.0287946E+02   7.1623644E+08   2.4301188E+13   4.0169257E+00   3.7784691E-04   4.1651427E+00   1.0000000E+00    37 
   5.7206702E-01   3.4358140E-01   3.4358140E-01   1.6334627E-01   1.6334627E-01
   2.2726083E-01   3.1885664E-01   3.1885664E-01   3.0435876E-01   3.0435876E-01
   8.4416757E-02   8.4416757E-02   4.5684275E-01   5.6423603E-01   5.6423603E-01
   5.6407261E-01   5.6407261E-01   1.7402795E-01   1.7402795E-01   8.3309486E-02
   7.2634219E-01   9.6421147E-01   9.6421147E-01   7.0209563E-01   7.0209563E-01
   2.8065797E-01   2.8065797E-01   1.2539633E-01   7.3692790E-01   8.1744131E-01
   5.8184360E-01   3.6927855E-01   1.5802339E-01

   1.0282819E+02   1.0111142E+09   3.4304587E+13   4.0320141E+00   4.3834759E-04   2.9531994E+00   1.0000000E+00    38 
   4.8076204E-01   3.5648845E-01   3.5648845E-01   2.0568918E-01   2.0568918E-01
   2.5287243E-01   3.3024487E-01   3.3024487E-01   3.1804361E-01   3.1804361E-01
   1.1179646E-01   1.1179646E-01   4.7436973E-01   5.4326502E-01   5.4326502E-01
   5.4620155E-01   5.4620155E-01   2.0597126E-01   2.0597126E-01   1.0969589E-01
   7.2026132E-01   8.4068308E-01   8.4068308E-01   6.4806566E-01   6.4806566E-01
   3.1026847E-01   3.1026847E-01   1.5642291E-01   6.9203262E-01   6.9569928E-01
   5.4171769E-01   3.8345291E-01   1.9157061E-01

   1.0276873E+02   1.4274581E+09   4.8428475E+13   4.0821261E+00   4.8252020E-04   2.0941743E+00   1.0000000E+00    39 
   4.3172137E-01   3.7998538E-01   3.7998538E-01   2.7576210E-01   2.7576210E-01
   2.9702424E-01   3.6760718E-01   3.6760718E-01   3.5318180E-01   3.5318180E-01
   1.6468476E-01   1.6468476E-01   5.0059487E-01   5.4577692E-01   5.4577692E-01
   5.4402563E-01   5.4402563E-01   2.5798825E-01   2.5798825E-01   1.5784275E-01
   7.1213728E-01   7.5594084E-01   7.5594084E-01   6.1495976E-01   6.1495976E-01
   3.5550540E-01   3.5550540E-01   2.0718224E-01   6.6503053E-01   6.3138710E-01
   5.2941065E-01   4.1370530E-01   2.4369233E-01

   1.0270049E+02   2.0161932E+09   6.8401838E+13   4.1734515E+00   5.0728445E-04   1.4846026E+00   1.0000000E+00    40 
   4.2429493E-01   4.1477659E-01   4.1477659E-01   3.7065831E-01   3.7065831E-01
   3.6390624E-01   4.3294085E-01   4.3294085E-01   4.1569031E-01   4.1569031E-01
   2.5830922E-01   2.5830922E-01   5.3899398E-01   5.7437794E-01   5.7437794E-01
   5.6355373E-01   5.6355373E-01   3.3407178E-01   3.3407178E-01   2.4120236E-01
   7.0873103E-01   7.1445976E-01   7.1445976E-01   6.0923116E-01   6.0923116E-01
   4.1843647E-01   4.1843647E-01   2.8600585E-01   6.6115305E-01   6.1681648E-01
   5.4631217E-01   4.6326326E-01   3.2151874E-01

   1.0262342E+02   2.8433721E+09   9.6467906E+13   4.3089426E+00   5.0647287E-04   1.0542925E+00   1.0000000E+00    41 
   4.5226662E-01   4.6177929E-01   4.6177929E-01   4.7670952E-01   4.7670952E-01
   4.5231831E-01   5.2225671E-01   5.2225671E-01   5.0817191E-01   5.0817191E-01
   3.9908816E-01   3.9908816E-01   5.9428656E-01   6.2687435E-01   6.2687435E-01
   6.0944061E-01   6.0944061E-01   4.3705706E-01   4.3705706E-01   3.6986909E-01
   7.1947460E-01   7.1270146E-01   7.1270146E-01   6.3452404E-01   6.3452404E-01
   5.0124553E-01   5.0124553E-01   3.9862713E-01   6.8149978E-01   6.4112287E-01
   5.9202153E-01   5.3472876E-01   4.2968357E-01

   1.0254756E+02   3.8495733E+09   1.3061232E+14   4.4695166E+00   4.7818325E-04   7.7989620E-01   1.0000000E+00    42 
   5.0021154E-01   5.1533590E-01   5.1533590E-01   5.6841926E-01   5.6841926E-01
   5.4194645E-01   6.1266346E-01   6.1266346E-01   6.0870622E-01   6.0870622E-01
   5.4569705E-01   5.4569705E-01   6.5851104E-01   6.8896085E-01   6.8896085E-01
   6.7153673E-01   6.7153673E-01   5.4843764E-01   5.4843764E-01   5.1290548E-01
   7.4622516E-01   7.3948593E-01   7.3948593E-01   6.8247167E-01   6.8247167E-01
   5.9135580E-01   5.9135580E-01   5.2234295E-01   7.2001740E-01   6.8875259E-01
   6.5525389E-01   6.1648269E-01   5.4670455E-01

   1.0247369E+02   5.0470808E+09   1.7125313E+14   4.6495378E+00   4.3273982E-04   5.9573726E-01   1.0000000E+00    43 
   5.5913128E-01   5.7496888E-01   5.7496888E-01   6.4436992E-01   6.4436992E-01
   6.2472058E-01   6.9378051E-01   6.9378051E-01   7.0045267E-01   7.0045267E-01
   6.6814431E-01   6.6814431E-01   7.2525449E-01   7.5168279E-01   7.5168279E-01
   7.3777673E-01   7.3777673E-01   6.5391025E-01   6.5391025E-01   6.4099770E-01
   7.8401631E-01   7.8056899E-01   7.8056899E-01   7.4036285E-01   7.4036285E-01
   6.7944997E-01   6.7944997E-01   6.3819419E-01   7.6793208E-01   7.4555340E-01
   7.2368756E-01   6.9796042E-01   6.5537928E-01

   1.0239913E+02   6.5150002E+09   2.2107639E+14   4.8537518E+00   3.7805061E-04   4.6220706E-01   1.0000000E+00    44 
   6.2649677E-01   6.4142899E-01   6.4142899E-01   7.1136279E-01   7.1136279E-01
   7.0083921E-01   7.6447451E-01   7.6447451E-01   7.7744775E-01   7.7744775E-01
   7.6211366E-01   7.6211366E-01   7.9007549E-01   8.1089308E-01   8.1089308E-01
   8.0063750E-01   8.0063750E-01   7.4607893E-01   7.4607893E-01   7.4410074E-01
   8.2705814E-01   8.2647358E-01   8.2647358E-01   7.9934435E-01   7.9934435E-01
   7.5996635E-01   7.5996635E-01   7.3772416E-01   8.1816529E-01   8.0297511E-01
   7.8942133E-01   7.7278025E-01   7.4850910E-01

   1.0232234E+02   8.3589882E+09   2.8366900E+14   5.0864571E+00   3.2029681E-04   3.6080620E-01   1.0000000E+00    45 
   6.9901827E-01   7.1241282E-01   7.1241282E-01   7.7330540E-01   7.7330540E-01
   7.7020911E-01   8.2468360E-01   8.2468360E-01   8.3885380E-01   8.3885380E-01
   8.3220259E-01   8.3220259E-01   8.4804330E-01   8.6301923E-01   8.6301923E-01
   8.5530761E-01   8.5530761E-01   8.2119072E-01   8.2119072E-01   8.2255931E-01
   8.6945129E-01   8.7046368E-01   8.7046368E-01   8.5306714E-01   8.5306714E-01
   8.2863358E-01   8.2863358E-01   8.1758016E-01   8.6514703E-01   8.5528886E-01
   8.4730141E-01   8.3686252E-01   8.2376497E-01

   1.0224233E+02   1.0722471E+10   3.6389853E+14   5.3518948E+00   2.6422555E-04   2.8173224E-01   1.0000000E+00    46 
   7.7218201E-01   7.8364196E-01   7.8364196E-01   8.3116083E-01   8.3116083E-01
   8.3198540E-01   8.7477767E-01   8.7477767E-01   8.8687944E-01   8.8687944E-01
   8.8443315E-01   8.8443315E-01   8.9582354E-01   9.0583884E-01   9.0583884E-01
   8.9985666E-01   8.9985666E-01   8.7925496E-01   8.7925496E-01   8.8079424E-01
   9.0688762E-01   9.0854760E-01   9.0854760E-01   8.9801605E-01   8.9801605E-01
   8.8360523E-01   8.8360523E-01   8.7843100E-01   9.0533315E-01   8.9930044E-01
   8.9485422E-01   8.8858123E-01   8.8186598E-01

   1.0215847E+02   1.3800902E+10   4.6839809E+14   5.6536814E+00   2.1343852E-04   2.1925969E-01   1.0000000E+00    47 
   8.4042091E-01   8.4963764E-01   8.4963764E-01   8.8329615E-01   8.8329615E-01
   8.8449587E-01   9.1509193E-01   9.1509193E-01   9.2403933E-01   9.2403933E-01
   9.2329558E-01   9.2329558E-01   9.3237197E-01   9.3863673E-01   9.3863673E-01
   9.3413071E-01   9.3413071E-01   9.2216336E-01   9.2216336E-01   9.2311941E-01
   9.3709650E-01   9.3889604E-01   9.3889604E-01   9.3292409E-01   9.3292409E-01
   9.2497209E-01   9.2497209E-01   9.2270292E-01   9.3702105E-01   9.3365681E-01
   9.3133780E-01   9.2779980E-01   9.2456296E-01

   1.0207031E+02   1.7873663E+10   6.0665428E+14   5.9947117E+00   1.7032409E-04   1.6959821E-01   1.0000000E+00    48 
   8.9852403E-01   9.0528841E-01   9.0528841E-01   9.2691219E-01   9.2691219E-01
   9.2623876E-01   9.4604377E-01   9.4604377E-01   9.5210666E-01   9.5210666E-01
   9.5185968E-01   9.5185968E-01   9.5853349E-01   9.6211399E-01   9.6211399E-01
   9.5900371E-01   9.5900371E-01   9.5244950E-01   9.5244950E-01   9.5294877E-01
   9.5970130E-01   9.6134427E-01   9.6134427E-01   9.5822362E-01   9.5822362E-01
   9.5421951E-01   9.5421951E-01   9.5334300E-01   9.6017560E-01   9.5859423E-01
   9.5746589E-01   9.5564911E-01   9.5424559E-01

   1.0197771E+02   2.3341851E+10   7.9229842E+14   6.3764186E+00   1.3587207E-04   1.3010766E-01   1.0000000E+00    49 
   9.4251909E-01   9.4690035E-01   9.4690035E-01   9.5942231E-01   9.5942231E-01
   9.5663227E-01   9.6818538E-01   9.6818538E-01   9.7208913E-01   9.7208913E-01
   9.7204078E-01   9.7204078E-01   9.7594899E-01   9.7775631E-01   9.7775631E-01
   9.7587839E-01   9.7587839E-01   9.7265789E-01   9.7265789E-01   9.7294951E-01
   9.7554068E-01   9.7683695E-01   9.7683695E-01   9.7539154E-01   9.7539154E-01
   9.7361207E-01   9.7361207E-01   9.7336399E-01   9.7603498E-01   9.7553581E-01
   9.7504048E-01   9.7422127E-01   9.7372434E-01

   1.0188086E+02   3.0749886E+10   1.0438498E+15   6.7995322E+00   1.0967471E-04   9.8953532E-02   1.0000000E+00    50 
   9.7152537E-01   9.7396623E-01   9.7396623E-01   9.8032344E-01   9.8032344E-01
   9.7667937E-01   9.8269741E-01   9.8269741E-01   9.8508269E-01   9.8508269E-01
   9.8520591E-01   9.8520591E-01   9.8669498E-01   9.8753172E-01   9.8753172E-01
   9.8663534E-01   9.8663534E-01   9.8526603E-01   9.8526603E-01   9.8547483E-01
   9.8606091E-01   9.8694326E-01   9.8694326E-01   9.8639063E-01   9.8639063E-01
   9.8571037E-01   9.8571037E-01   9.8569684E-01   9.8646930E-01   9.8646508E-01
   9.8627673E-01   9.8595374E-01   9.8582665E-01

   1.0178030E+02   4.0698199E+10   1.3817440E+15   7.2649271E+00   9.0246783E-05   7.4914494E-02   1.0000000E+00    51 
   9.8791570E-01   9.8911657E-01   9.8911657E-01   9.9155196E-01   9.9155196E-01
   9.8861550E-01   9.9137864E-01   9.9137864E-01   9.9268549E-01   9.9268549E-01
   9.9283909E-01   9.9283909E-01   9.9291747E-01   9.9334420E-01   9.9334420E-01
   9.9305141E-01   9.9305141E-01   9.9256087E-01   9.9256087E-01   9.9270744E-01
   9.9263005E-01   9.9314285E-01   9.9314285E-01   9.9299007E-01   9.9299007E-01
   9.9276269E-01   9.9276269E-01   9.9280372E-01   9.9295808E-01   9.9306534E-01
   9.9300090E-01   9.9288259E-01   9.9286254E-01

   1.0167649E+02   5.3761906E+10   1.8255239E+15   7.7749293E+00   7.5840651E-05   5.6827558E-02   1.0000000E+00    52 
   9.9558340E-01   9.9611493E-01   9.9611493E-01   9.9686923E-01   9.9686923E-01
   9.9485142E-01   9.9604725E-01   9.9604725E-01   9.9670035E-01   9.9670035E-01
   9.9682684E-01   9.9682684E-01   9.9635560E-01   9.9664107E-01   9.9664107E-01
   9.9663481E-01   9.9663481E-01   9.9650851E-01   9.9650851E-01   9.9659930E-01
   9.9639349E-01   9.9666415E-01   9.9666415E-01   9.9665894E-01   9.9665894E-01
   9.9659405E-01   9.9659405E-01   9.9663257E-01   9.9664666E-01   9.9672987E-01
   9.9670695E-01   9.9666420E-01   9.9666445E-01

   1.0156938E+02   7.0491693E+10   2.3938737E+15   8.3330665E+00   6.5082300E-05   4.3432605E-02   1.0000000E+00    53 
   9.9865887E-01   9.9887441E-01   9.9887441E-01   9.9910165E-01   9.9910165E-01
   9.9781782E-01   9.9834031E-01   9.9834031E-01   9.9864858E-01   9.9864858E-01
   9.9873496E-01   9.9873496E-01   9.9823576E-01   9.9842886E-01   9.9842886E-01
   9.9850284E-01   9.9850284E-01   9.9849697E-01   9.9849697E-01   9.9854644E-01
   9.9836992E-01   9.9850553E-01   9.9850553E-01   9.9853656E-01   9.9853656E-01
   9.9852317E-01   9.9852317E-01   9.9854948E-01   9.9854463E-01   9.9859239E-01
   9.9858022E-01   9.9856380E-01   9.9856542E-01

   1.0145830E+02   9.1617117E+10   3.1116339E+15   8.9428295E+00   5.7107034E-05   3.3491228E-02   1.0000000E+00    54 
   9.9969856E-01   9.9977890E-01   9.9977890E-01   9.9994741E-01   9.9994741E-01
   9.9912570E-01   9.9937674E-01   9.9937674E-01   9.9952209E-01   9.9952209E-01
   9.9958083E-01   9.9958083E-01   9.9922742E-01   9.9934066E-01   9.9934066E-01
   9.9940812E-01   9.9940812E-01   9.9942873E-01   9.9942873E-01   9.9945327E-01
   9.9933215E-01   9.9939886E-01   9.9939886E-01   9.9942806E-01   9.9942806E-01
   9.9942897E-01   9.9942897E-01   9.9944485E-01   9.9943994E-01   9.9946600E-01
   9.9945736E-01   9.9945060E-01   9.9945141E-01

   1.0134230E+02   1.1819917E+11   4.0150075E+15   9.6077847E+00   5.1328148E-05   2.6018932E-02   1.0000000E+00    55 
   1.0000318E+00   1.0000591E+00   1.0000591E+00   1.0002155E+00   1.0002155E+00
   9.9969922E-01   9.9982547E-01   9.9982547E-01   9.9989132E-01   9.9989132E-01
   9.9992815E-01   9.9992815E-01   9.9971875E-01   9.9977521E-01   9.9977521E-01
   9.9981528E-01   9.9981528E-01   9.9983305E-01   9.9983305E-01   9.9984481E-01
   9.9977137E-01   9.9980244E-01   9.9980244E-01   9.9982046E-01   9.9982046E-01
   9.9982392E-01   9.9982392E-01   9.9983276E-01   9.9982643E-01   9.9983957E-01
   9.9983517E-01   9.9983282E-01   9.9983390E-01

   1.0122043E+02   1.5158510E+11   5.1498192E+15   1.0331288E+01   4.7262487E-05   2.0337346E-02   1.0000000E+00    56 
   1.0001457E+00   1.0001517E+00   1.0001517E+00   1.0002589E+00   1.0002589E+00
   9.9994801E-01   1.0000077E+00   1.0000077E+00   1.0000326E+00   1.0000326E+00
   1.0000525E+00   1.0000525E+00   9.9993829E-01   9.9996219E-01   9.9996219E-01
   9.9998025E-01   9.9998025E-01   9.9999070E-01   9.9999070E-01   9.9999633E-01
   9.9995453E-01   9.9996750E-01   9.9996750E-01   9.9997600E-01   9.9997600E-01
   9.9997891E-01   9.9997891E-01   9.9998366E-01   9.9997559E-01   9.9998115E-01
   9.9998054E-01   9.9998035E-01   9.9998204E-01

   1.0109170E+02   1.9362205E+11   6.5786482E+15   1.1117055E+01   4.4561730E-05   1.5962558E-02   1.0000000E+00    57 
   1.0001513E+00   1.0001506E+00   1.0001506E+00   1.0002115E+00   1.0002115E+00
   1.0000304E+00   1.0000569E+00   1.0000569E+00   1.0000638E+00   1.0000638E+00
   1.0000738E+00   1.0000738E+00   1.0000123E+00   1.0000212E+00   1.0000212E+00
   1.0000279E+00   1.0000279E+00   1.0000332E+00   1.0000332E+00   1.0000359E+00
   1.0000131E+00   1.0000180E+00   1.0000180E+00   1.0000215E+00   1.0000215E+00
   1.0000233E+00   1.0000233E+00   1.0000258E+00   1.0000192E+00   1.0000213E+00
   1.0000219E+00   1.0000222E+00   1.0000237E+00

   1.0095493E+02   2.4729207E+11   8.4026701E+15   1.1969203E+01   4.3065024E-05   1.2532095E-02   1.0000000E+00    58 
   1.0001063E+00   1.0001048E+00   1.0001048E+00   1.0001340E+00   1.0001340E+00
   1.0000370E+00   1.0000479E+00   1.0000479E+00   1.0000488E+00   1.0000488E+00
   1.0000532E+00   1.0000532E+00   1.0000216E+00   1.0000246E+00   1.0000246E+00
   1.0000268E+00   1.0000268E+00   1.0000292E+00   1.0000292E+00   1.0000305E+00
   1.0000188E+00   1.0000206E+00   1.0000206E+00   1.0000219E+00   1.0000219E+00
   1.0000229E+00   1.0000229E+00   1.0000241E+00   1.0000200E+00   1.0000208E+00
   1.0000213E+00   1.0000217E+00   1.0000226E+00

   1.0080607E+02   3.1885900E+11   1.0834728E+16   1.2911718E+01   4.2726188E-05   9.7480358E-03   1.0000000E+00    59 
   1.0000590E+00   1.0000588E+00   1.0000588E+00   1.0000705E+00   1.0000705E+00
   1.0000233E+00   1.0000276E+00   1.0000276E+00   1.0000273E+00   1.0000273E+00
   1.0000290E+00   1.0000290E+00   1.0000138E+00   1.0000148E+00   1.0000148E+00
   1.0000155E+00   1.0000155E+00   1.0000165E+00   1.0000165E+00   1.0000171E+00
   1.0000116E+00   1.0000123E+00   1.0000123E+00   1.0000127E+00   1.0000127E+00
   1.0000132E+00   1.0000132E+00   1.0000137E+00   1.0000118E+00   1.0000121E+00
   1.0000123E+00   1.0000125E+00   1.0000130E+00

   1.0068651E+02   3.8841988E+11   1.3198529E+16   1.3679974E+01   4.3221365E-05   8.0213027E-03   1.0000000E+00    60 
   1.0000363E+00   1.0000366E+00   1.0000366E+00   1.0000408E+00   1.0000408E+00
   1.0000151E+00   1.0000169E+00   1.0000169E+00   1.0000164E+00   1.0000164E+00
   1.0000171E+00   1.0000171E+00   1.0000088E+00   1.0000092E+00   1.0000092E+00
   1.0000094E+00   1.0000094E+00   1.0000099E+00   1.0000099E+00   1.0000102E+00
   1.0000073E+00   1.0000076E+00   1.0000076E+00   1.0000078E+00   1.0000078E+00
   1.0000080E+00   1.0000080E+00   1.0000083E+00   1.0000072E+00   1.0000073E+00
   1.0000075E+00   1.0000076E+00   1.0000078E+00

   1.0062098E+02   4.3197986E+11   1.4678757E+16   1.4105755E+01   4.3747117E-05   7.2218434E-03   1.0000000E+00    61 
   1.0000285E+00   1.0000289E+00   1.0000289E+00   1.0000303E+00   1.0000303E+00
   1.0000123E+00   1.0000132E+00   1.0000132E+00   1.0000126E+00   1.0000126E+00
   1.0000130E+00   1.0000130E+00   1.0000071E+00   1.0000073E+00   1.0000073E+00
   1.0000073E+00   1.0000073E+00   1.0000077E+00   1.0000077E+00   1.0000079E+00
   1.0000058E+00   1.0000060E+00   1.0000060E+00   1.0000061E+00   1.0000061E+00
   1.0000062E+00   1.0000062E+00   1.0000064E+00   1.0000057E+00   1.0000058E+00
   1.0000058E+00   1.0000059E+00   1.0000061E+00

   1.0058758E+02   4.5585287E+11   1.5489991E+16   1.4324159E+01   4.4081454E-05   6.8481798E-03   1.0000000E+00    62 
   1.0000297E+00   1.0000301E+00   1.0000301E+00   1.0000317E+00   1.0000317E+00
   1.0000129E+00   1.0000139E+00   1.0000139E+00   1.0000132E+00   1.0000132E+00
   1.0000136E+00   1.0000136E+00   1.0000075E+00   1.0000077E+00   1.0000077E+00
   1.0000077E+00   1.0000077E+00   1.0000080E+00   1.0000080E+00   1.0000082E+00
   1.0000061E+00   1.0000063E+00   1.0000063E+00   1.0000064E+00   1.0000064E+00
   1.0000065E+00   1.0000065E+00   1.0000067E+00   1.0000060E+00   1.0000061E+00
   1.0000061E+00   1.0000062E+00   1.0000064E+00

   1.0057637E+02   4.6415729E+11   1.5772185E+16   1.4397884E+01   4.4206465E-05   6.7271547E-03   1.0000000E+00    63 
   1.0001670E+00   1.0001475E+00   1.0001475E+00   1.0001235E+00   1.0001235E+00
   1.0000657E+00   1.0000652E+00   1.0000652E+00   1.0000588E+00   1.0000588E+00
   1.0000574E+00   1.0000574E+00   1.0000356E+00   1.0000356E+00   1.0000356E+00
   1.0000333E+00   1.0000333E+00   1.0000330E+00   1.0000330E+00   1.0000333E+00
   1.0000269E+00   1.0000269E+00   1.0000269E+00   1.0000261E+00   1.0000261E+00
   1.0000261E+00   1.0000261E+00   1.0000264E+00   1.0000246E+00   1.0000246E+00
   1.0000244E+00   1.0000244E+00   1.0000248E+00
