
 24-FEB-2004                           !Format date

   1.0057637E+02     1.0810E+06       58       63

   1.1341482E+04   4.5739776E+00   2.8249382E+06   1.8495937E+00   3.3440953E+00   2.9481942E+03   1.0000000E+00     1 
   7.2975718E-09   1.5807396E-12   1.5807396E-12   3.4063294E-12   3.4063294E-12
   6.8273776E-09   1.7321626E-06   1.7321626E-06   2.8402151E-07   2.8402151E-07
   2.0057976E-10   2.0057976E-10   2.9475842E-06   3.6559207E-04   3.6559207E-04
   4.3248782E-06   4.3248782E-06   1.3630561E-07   1.3630561E-07   3.5853182E-07
   4.4577857E-06   3.7193273E-05   3.7193273E-05   1.9700565E-04   1.9700565E-04
   2.6106464E-06   2.6106464E-06   1.5919242E-05   6.4115883E-05   7.4876537E-03
   7.4876537E-03   1.5306360E-04   1.5306360E-04   7.4876537E-03   7.4876537E-03
   1.4162131E-04   1.5306360E-04   1.2910596E-04   1.2910596E-04   6.8540708E-04
   6.8540708E-04   1.2910596E-04   1.2910596E-04   7.5359166E-04   6.8540708E-04
   3.7553981E-04   3.7553981E-04   2.5757142E-03   2.5757142E-03   3.7553981E-04
   3.7553981E-04   7.5359166E-04   2.5757142E-03   3.7553981E-04   2.5757142E-03
   2.5680833E-04   2.5680833E-04   2.8257373E-03

   1.1234034E+04   4.6636014E+00   2.8794849E+06   1.8496862E+00   3.3432867E+00   2.9479382E+03   1.0000000E+00     2 
   7.1779448E-09   1.5907300E-12   1.5907300E-12   3.4134594E-12   3.4134594E-12
   6.8376947E-09   1.7344811E-06   1.7344811E-06   2.8444316E-07   2.8444316E-07
   2.0085574E-10   2.0085574E-10   2.9513333E-06   3.6602247E-04   3.6602247E-04
   4.3289490E-06   4.3289490E-06   1.3640690E-07   1.3640690E-07   3.5877090E-07
   4.4627711E-06   3.7290935E-05   3.7290935E-05   1.9711633E-04   1.9711633E-04
   2.6120220E-06   2.6120220E-06   1.5926888E-05   6.4155308E-05   7.4910200E-03
   7.4910200E-03   1.5313636E-04   1.5313636E-04   7.4910200E-03   7.4910200E-03
   1.4167165E-04   1.5313636E-04   1.2919491E-04   1.2919491E-04   6.8564318E-04
   6.8564318E-04   1.2919491E-04   1.2919491E-04   7.5379876E-04   6.8564318E-04
   3.7566169E-04   3.7566169E-04   2.5764385E-03   2.5764385E-03   3.7566169E-04
   3.7566169E-04   7.5379876E-04   2.5764385E-03   3.7566169E-04   2.5764385E-03
   2.5686495E-04   2.5686495E-04   2.8262953E-03

   1.1021993E+04   4.8484500E+00   2.9918700E+06   1.8498852E+00   3.3415912E+00   2.9474172E+03   1.0000000E+00     3 
   6.9470960E-09   1.6133203E-12   1.6133203E-12   3.4280486E-12   3.4280486E-12
   6.8583690E-09   1.7390769E-06   1.7390769E-06   2.8531862E-07   2.8531862E-07
   2.0144283E-10   2.0144283E-10   2.9590629E-06   3.6690670E-04   3.6690670E-04
   4.3376024E-06   4.3376024E-06   1.3662346E-07   1.3662346E-07   3.5928496E-07
   4.4732521E-06   3.7496722E-05   3.7496722E-05   1.9735093E-04   1.9735093E-04
   2.6149688E-06   2.6149688E-06   1.5943310E-05   6.4238164E-05   7.4981194E-03
   7.4981194E-03   1.5329142E-04   1.5329142E-04   7.4981194E-03   7.4981194E-03
   1.4177996E-04   1.5329142E-04   1.2938122E-04   1.2938122E-04   6.8614829E-04
   6.8614829E-04   1.2938122E-04   1.2938122E-04   7.5424413E-04   6.8614829E-04
   3.7592265E-04   3.7592265E-04   2.5779839E-03   2.5779839E-03   3.7592265E-04
   3.7592265E-04   7.5424413E-04   2.5779839E-03   3.7592265E-04   2.5779839E-03
   2.5698614E-04   2.5698614E-04   2.8274947E-03

   1.0610344E+04   5.2405058E+00   3.2296947E+06   1.8503157E+00   3.3378931E+00   2.9463495E+03   1.0000000E+00     4 
   6.5138186E-09   1.6646673E-12   1.6646673E-12   3.4630715E-12   3.4630715E-12
   6.9096762E-09   1.7507092E-06   1.7507092E-06   2.8721282E-07   2.8721282E-07
   2.0270939E-10   2.0270939E-10   2.9757563E-06   3.6881541E-04   3.6881541E-04
   4.3558542E-06   4.3558542E-06   1.3709015E-07   1.3709015E-07   3.6039669E-07
   4.4951473E-06   3.7881019E-05   3.7881019E-05   1.9784802E-04   1.9784802E-04
   2.6213415E-06   2.6213415E-06   1.5978761E-05   6.4413809E-05   7.5130303E-03
   7.5130303E-03   1.5362616E-04   1.5362616E-04   7.5130303E-03   7.5130303E-03
   1.4201434E-04   1.5362616E-04   1.2977468E-04   1.2977468E-04   6.8724059E-04
   6.8724059E-04   1.2977468E-04   1.2977468E-04   7.5520742E-04   6.8724059E-04
   3.7648313E-04   3.7648313E-04   2.5813127E-03   2.5813127E-03   3.7648313E-04
   3.7648313E-04   7.5520742E-04   2.5813127E-03   3.7648313E-04   2.5813127E-03
   2.5724717E-04   2.5724717E-04   2.8300890E-03

   9.8324823E+03   6.1250634E+00   3.7637926E+06   1.8512146E+00   3.3292650E+00   2.9441008E+03   1.0000000E+00     5 
   5.7307299E-09   1.7829361E-12   1.7829361E-12   3.5383487E-12   3.5383487E-12
   7.0187701E-09   1.7753878E-06   1.7753878E-06   2.9129970E-07   2.9129970E-07
   2.0540244E-10   2.0540244E-10   3.0117981E-06   3.7293708E-04   3.7293708E-04
   4.3922966E-06   4.3922966E-06   1.3806816E-07   1.3806816E-07   3.6272142E-07
   4.5386574E-06   3.8355338E-05   3.8355338E-05   1.9885261E-04   1.9885261E-04
   2.6348007E-06   2.6348007E-06   1.6052690E-05   6.4777008E-05   7.5426370E-03
   7.5426370E-03   1.5433785E-04   1.5433785E-04   7.5426370E-03   7.5426370E-03
   1.4250492E-04   1.5433785E-04   1.3059208E-04   1.3059208E-04   6.8955628E-04
   6.8955628E-04   1.3059208E-04   1.3059208E-04   7.5722290E-04   6.8955628E-04
   3.7767264E-04   3.7767264E-04   2.5883237E-03   2.5883237E-03   3.7767264E-04
   3.7767264E-04   7.5722290E-04   2.5883237E-03   3.7767264E-04   2.5883237E-03
   2.5779286E-04   2.5779286E-04   2.8355272E-03

   8.4398396E+03   8.3882248E+00   5.1172808E+06   1.8530458E+00   3.3075747E+00   2.9389838E+03   1.0000000E+00     6 
   4.4288657E-09   2.0673248E-12   2.0673248E-12   3.6991454E-12   3.6991454E-12
   7.2431487E-09   1.8255802E-06   1.8255802E-06   3.0057903E-07   3.0057903E-07
   2.1133807E-10   2.1133807E-10   3.0942758E-06   3.8237194E-04   3.8237194E-04
   4.4713137E-06   4.4713137E-06   1.4009548E-07   1.4009548E-07   3.6747340E-07
   4.6401308E-06   4.0080817E-05   4.0080817E-05   2.0077277E-04   2.0077277E-04
   2.6631623E-06   2.6631623E-06   1.6203039E-05   6.5524391E-05   7.5970000E-03
   7.5970000E-03   1.5586763E-04   1.5586763E-04   7.5970000E-03   7.5970000E-03
   1.4350953E-04   1.5586763E-04   1.3214344E-04   1.3214344E-04   6.9448108E-04
   6.9448108E-04   1.3214344E-04   1.3214344E-04   7.6135021E-04   6.9448108E-04
   3.7985779E-04   3.7985779E-04   2.6030162E-03   2.6030162E-03   3.7985779E-04
   3.7985779E-04   7.6135021E-04   2.6030162E-03   3.7985779E-04   2.6030162E-03
   2.5891277E-04   2.5891277E-04   2.8467290E-03

   6.2778820E+03   1.5328879E+01   9.2882207E+06   1.8563132E+00   3.2901571E+00   2.9264839E+03   1.0000000E+00     7 
   2.6816778E-09   2.7142938E-12   2.7142938E-12   4.0176550E-12   4.0176550E-12
   7.6311588E-09   1.9091773E-06   1.9091773E-06   3.1895593E-07   3.1895593E-07
   2.2524628E-10   2.2524628E-10   3.2557706E-06   4.0041812E-04   4.0041812E-04
   4.6677820E-06   4.6677820E-06   1.4439454E-07   1.4439454E-07   3.7638353E-07
   4.9054571E-06   4.2515353E-05   4.2515353E-05   2.0587439E-04   2.0587439E-04
   2.7195484E-06   2.7195484E-06   1.6488148E-05   6.7667613E-05   7.7601600E-03
   7.7601600E-03   1.5918755E-04   1.5918755E-04   7.7601600E-03   7.7601600E-03
   1.4532525E-04   1.5918755E-04   1.3514121E-04   1.3514121E-04   7.0463957E-04
   7.0463957E-04   1.3514121E-04   1.3514121E-04   7.6883017E-04   7.0463957E-04
   3.8402201E-04   3.8402201E-04   2.6316978E-03   2.6316978E-03   3.8402201E-04
   3.8402201E-04   7.6883017E-04   2.6316978E-03   3.8402201E-04   2.6316978E-03
   2.6097029E-04   2.6097029E-04   2.8674207E-03

   4.6756742E+03   2.8014436E+01   1.6838946E+07   1.8603975E+00   3.2729130E+00   2.9100589E+03   1.0000000E+00     8 
   1.6659345E-09   3.5834823E-12   3.5834823E-12   4.5155679E-12   4.5155679E-12
   8.1541795E-09   2.0188158E-06   2.0188158E-06   3.3988010E-07   3.3988010E-07
   2.4777331E-10   2.4777331E-10   3.4283077E-06   4.1832320E-04   4.1832320E-04
   4.9683295E-06   4.9683295E-06   1.5046671E-07   1.5046671E-07   3.8788204E-07
   5.3298891E-06   4.5016208E-05   4.5016208E-05   2.1295702E-04   2.1295702E-04
   2.7988053E-06   2.7988053E-06   1.6854660E-05   7.0975843E-05   7.9868410E-03
   7.9868410E-03   1.6415180E-04   1.6415180E-04   7.9868410E-03   7.9868410E-03
   1.4763093E-04   1.6415180E-04   1.3905280E-04   1.3905280E-04   7.1946089E-04
   7.1946089E-04   1.3905280E-04   1.3905280E-04   7.7834474E-04   7.1946089E-04
   3.8951615E-04   3.8951615E-04   2.6703651E-03   2.6703651E-03   3.8951615E-04
   3.8951615E-04   7.7834474E-04   2.6703651E-03   3.8951615E-04   2.6703651E-03
   2.6360633E-04   2.6360633E-04   2.8938259E-03

   3.4842997E+03   5.1296603E+01   3.0552823E+07   1.8657246E+00   3.2612713E+00   2.8881725E+03   1.0000000E+00     9 
   1.0748428E-09   5.0188017E-12   5.0188017E-12   5.4686992E-12   5.4686992E-12
   9.0152613E-09   2.1948784E-06   2.1948784E-06   3.7457438E-07   3.7457438E-07
   2.8940835E-10   2.8940835E-10   3.7094254E-06   4.4640884E-04   4.4640884E-04
   5.4904469E-06   5.4904469E-06   1.5988766E-07   1.5988766E-07   4.0352529E-07
   6.0723507E-06   4.7593320E-05   4.7593320E-05   2.2365061E-04   2.2365061E-04
   2.9204816E-06   2.9204816E-06   1.7351082E-05   7.6518210E-05   8.3296575E-03
   8.3296575E-03   1.7225202E-04   1.7225202E-04   8.3296575E-03   8.3296575E-03
   1.5069322E-04   1.7225202E-04   1.4411680E-04   1.4411680E-04   7.4317561E-04
   7.4317561E-04   1.4411680E-04   1.4411680E-04   7.9099489E-04   7.4317561E-04
   3.9703844E-04   3.9703844E-04   2.7275165E-03   2.7275165E-03   3.9703844E-04
   3.9703844E-04   7.9099489E-04   2.7275165E-03   3.9703844E-04   2.7275165E-03
   2.6723276E-04   2.6723276E-04   2.9279260E-03

   2.5985463E+03   9.4058453E+01   5.5496119E+07   1.8726938E+00   3.2655200E+00   2.8587913E+03   1.0000000E+00    10 
   7.3054445E-10   7.4999159E-12   7.4999159E-12   7.3645671E-12   7.3645671E-12
   1.0251361E-08   2.4226306E-06   2.4226306E-06   4.3357313E-07   4.3357313E-07
   3.7724431E-10   3.7724431E-10   4.1657879E-06   4.8867065E-04   4.8867065E-04
   6.4734045E-06   6.4734045E-06   1.7569505E-07   1.7569505E-07   4.2508299E-07
   7.4182881E-06   5.0458862E-05   5.0458862E-05   2.3987676E-04   2.3987676E-04
   3.1233830E-06   3.1233830E-06   1.8030586E-05   8.5913529E-05   8.8432056E-03
   8.8432056E-03   1.8611292E-04   1.8611292E-04   8.8432056E-03   8.8432056E-03
   1.5479949E-04   1.8611292E-04   1.5110890E-04   1.5110890E-04   7.8335628E-04
   7.8335628E-04   1.5110890E-04   1.5110890E-04   8.0798607E-04   7.8335628E-04
   4.0767269E-04   4.0767269E-04   2.8161334E-03   2.8161334E-03   4.0767269E-04
   4.0767269E-04   8.0798607E-04   2.8161334E-03   4.0767269E-04   2.8161334E-03
   2.7242828E-04   2.7242828E-04   2.9717460E-03

   1.9408575E+03   1.7238107E+02   1.0087043E+08   1.8822690E+00   3.3045299E+00   2.8193933E+03   1.0000000E+00    11 
   5.4096614E-10   1.2250050E-11   1.2250050E-11   1.2098650E-11   1.2098650E-11
   1.2525021E-08   2.8009439E-06   2.8009439E-06   5.4640546E-07   5.4640546E-07
   6.1345995E-10   6.1345995E-10   4.9806094E-06   5.5578262E-04   5.5578262E-04
   8.5532354E-06   8.5532354E-06   2.0771109E-07   2.0771109E-07   4.5679578E-07
   1.0070784E-05   5.4688967E-05   5.4688967E-05   2.6641720E-04   2.6641720E-04
   3.5278638E-06   3.5278638E-06   1.9020358E-05   1.0306304E-04   9.6622448E-03
   9.6622448E-03   2.1213420E-04   2.1213420E-04   9.6622448E-03   9.6622448E-03
   1.6062281E-04   2.1213420E-04   1.6191845E-04   1.6191845E-04   8.5854890E-04
   8.5854890E-04   1.6191845E-04   1.6191845E-04   8.3207358E-04   8.5854890E-04
   4.2430434E-04   4.2430434E-04   2.9664955E-03   2.9664955E-03   4.2430434E-04
   4.2430434E-04   8.3207358E-04   2.9664955E-03   4.2430434E-04   2.9664955E-03
   2.8063830E-04   2.8063830E-04   3.0319608E-03

   1.4530208E+03   3.1464838E+02   1.8340066E+08   1.8957601E+00   3.4179387E+00   2.7667114E+03   1.0000000E+00    12 
   4.5773539E-10   2.2606809E-11   2.2606809E-11   2.6106352E-11   2.6106352E-11
   1.7208455E-08   3.4669512E-06   3.4669512E-06   7.9470683E-07   7.9470683E-07
   1.4524305E-09   1.4524305E-09   6.6188061E-06   6.6914742E-04   6.6914742E-04
   1.3468705E-05   1.3468705E-05   2.9196406E-07   2.9196406E-07   5.0583955E-07
   1.5716531E-05   6.2357782E-05   6.2357782E-05   3.1308746E-04   3.1308746E-04
   4.5435169E-06   4.5435169E-06   2.0526345E-05   1.3677553E-04   1.1041008E-02
   1.1041008E-02   2.6536745E-04   2.6536745E-04   1.1041008E-02   1.1041008E-02
   1.6913946E-04   2.6536745E-04   1.8120199E-04   1.8120199E-04   1.0138602E-03
   1.0138602E-03   1.8120199E-04   1.8120199E-04   8.6715106E-04   1.0138602E-03
   4.5370886E-04   4.5370886E-04   3.2450371E-03   3.2450371E-03   4.5370886E-04
   4.5370886E-04   8.6715106E-04   3.2450371E-03   4.5370886E-04   3.2450371E-03
   2.9551421E-04   2.9551421E-04   3.1185995E-03

   1.0915123E+03   5.6785705E+02   3.3344042E+08   1.9147175E+00   3.6900097E+00   2.6967212E+03   1.0000000E+00    13 
   4.7042319E-10   4.9354704E-11   4.9354704E-11   7.6381875E-11   7.6381875E-11
   2.8448417E-08   4.7372527E-06   4.7372527E-06   1.4449055E-06   1.4449055E-06
   5.3689520E-09   5.3689520E-09   1.0458015E-05   8.7576014E-04   8.7576014E-04
   2.6587912E-05   2.6587912E-05   5.9796860E-07   5.9796860E-07   5.8494869E-07
   2.8970706E-05   7.8488071E-05   7.8488071E-05   4.0313928E-04   4.0313928E-04
   7.8576474E-06   7.8576474E-06   2.2891229E-05   2.1009314E-04   1.3512133E-02
   1.3512133E-02   3.8649389E-04   3.8649389E-04   1.3512133E-02   1.3512133E-02
   1.8171720E-04   3.8649389E-04   2.2237026E-04   2.2237026E-04   1.3757031E-03
   1.3757031E-03   2.2237026E-04   2.2237026E-04   9.1887627E-04   1.3757031E-03
   5.1582610E-04   5.1582610E-04   3.8191920E-03   3.8191920E-03   5.1582610E-04
   5.1582610E-04   9.1887627E-04   3.8191920E-03   5.1582610E-04   3.8191920E-03
   3.2941949E-04   3.2941949E-04   3.2448748E-03

   8.2390322E+02   9.9983559E+02   6.0578738E+08   1.9422445E+00   4.2824740E+00   2.6052265E+03   1.0000000E+00    14 
   6.5401233E-10   1.3798073E-10   1.3798073E-10   3.0633632E-10   3.0633632E-10
   6.2461452E-08   7.5768014E-06   7.5768014E-06   3.5840674E-06   3.5840674E-06
   2.8874347E-08   2.8874347E-08   2.1583059E-05   1.3069947E-03   1.3069947E-03
   6.7103123E-05   6.7103123E-05   2.1205347E-06   2.1205347E-06   7.2825877E-07
   6.4791495E-05   1.1784856E-04   1.1784856E-04   6.0291827E-04   6.0291827E-04
   2.1597176E-05   2.1597176E-05   2.6927101E-05   3.9661770E-04   1.8307931E-02
   1.8307931E-02   7.0811306E-04   7.0811306E-04   1.8307931E-02   1.8307931E-02
   2.0152295E-04   7.0811306E-04   3.3483084E-04   3.3483084E-04   2.3598511E-03
   2.3598511E-03   3.3483084E-04   3.3483084E-04   1.0007570E-03   2.3598511E-03
   6.8796848E-04   6.8796848E-04   5.1926662E-03   5.1926662E-03   6.8796848E-04
   6.8796848E-04   1.0007570E-03   5.1926662E-03   6.8796848E-04   5.1926662E-03
   4.3921595E-04   4.3921595E-04   3.4367614E-03

   6.2602163E+02   1.6716278E+03   1.0976257E+09   1.9845700E+00   5.5753887E+00   2.4905748E+03   1.0000000E+00    15 
   1.4902556E-09   5.8625915E-10   5.8625915E-10   1.8129601E-09   1.8129601E-09
   2.1071456E-07   1.5954227E-05   1.5954227E-05   1.3343746E-05   1.3343746E-05
   2.1426903E-07   2.1426903E-07   6.5169255E-05   2.4405376E-03   2.4405376E-03
   2.2432515E-04   2.2432515E-04   1.2398813E-05   1.2398813E-05   1.0754499E-06
   1.8779197E-04   2.4479107E-04   2.4479107E-04   1.1722274E-03   1.1722274E-03
   9.6745957E-05   9.6745957E-05   3.5100630E-05   1.0111020E-03   2.9153775E-02
   2.9153775E-02   1.7926130E-03   1.7926130E-03   2.9153775E-02   2.9153775E-02
   2.3703343E-04   1.7926130E-03   7.5651161E-04   7.5651161E-04   5.6981142E-03
   5.6981142E-03   7.5651161E-04   7.5651161E-04   1.1485919E-03   5.6981142E-03
   1.3624538E-03   1.3624538E-03   9.3101736E-03   9.3101736E-03   1.3624538E-03
   1.3624538E-03   1.1485919E-03   9.3101736E-03   1.3624538E-03   9.3101736E-03
   9.5471115E-04   9.5471115E-04   3.7523205E-03

   4.7890745E+02   2.5960339E+03   1.9914092E+09   2.0523961E+00   8.2312244E+00   2.3458450E+03   1.0000000E+00    16 
   6.9882746E-09   4.5817597E-09   4.5817597E-09   1.7376150E-08   1.7376150E-08
   1.2400494E-06   4.9571339E-05   4.9571339E-05   7.8079455E-05   7.8079455E-05
   2.1672679E-06   2.1672679E-06   3.0078167E-04   5.9598805E-03   5.9598805E-03
   1.0105721E-03   1.0105721E-03   1.0449316E-04   1.0449316E-04   2.6889594E-06
   7.4260327E-04   8.1397730E-04   8.1397730E-04   3.3648981E-03   3.3648981E-03
   6.5959395E-04   6.5959395E-04   5.7811215E-05   3.7040525E-03   5.7049134E-02
   5.7049134E-02   6.4534974E-03   6.4534974E-03   5.7049134E-02   5.7049134E-02
   3.1881789E-04   6.4534974E-03   2.9356859E-03   2.9356859E-03   1.9812130E-02
   1.9812130E-02   2.9356859E-03   2.9356859E-03   1.4762713E-03   1.9812130E-02
   5.0041544E-03   5.0041544E-03   2.4926511E-02   2.4926511E-02   5.0041544E-03
   5.0041544E-03   1.4762713E-03   2.4926511E-02   5.0041544E-03   2.4926511E-02
   4.2055630E-03   4.2055630E-03   4.3451775E-03

   3.6959393E+02   4.0926142E+03   3.6315609E+09   2.1590312E+00   1.1769554E+01   2.1600962E+03   1.0000000E+00    17 
   6.9055020E-08   6.2720932E-08   6.2720932E-08   2.3775077E-07   2.3775077E-07
   1.1322868E-05   2.0804153E-04   2.0804153E-04   5.9525516E-04   5.9525516E-04
   2.4029138E-05   2.4029138E-05   1.7488641E-03   1.6939846E-02   1.6939846E-02
   5.0765042E-03   5.0765042E-03   9.6570470E-04   9.6570470E-04   1.7197500E-05
   3.5268591E-03   3.9310478E-03   3.9310478E-03   1.2943527E-02   1.2943527E-02
   5.1167032E-03   5.1167032E-03   1.6086597E-04   1.6420459E-02   1.2217189E-01
   1.2217189E-01   2.6554825E-02   2.6554825E-02   1.2217189E-01   1.2217189E-01
   6.1636722E-04   2.6554825E-02   1.4991115E-02   1.4991115E-02   7.7908031E-02
   7.7908031E-02   1.4991115E-02   1.4991115E-02   2.4152085E-03   7.7908031E-02
   2.5499780E-02   2.5499780E-02   8.4167154E-02   8.4167154E-02   2.5499780E-02
   2.5499780E-02   2.4152085E-03   8.4167154E-02   2.5499780E-02   8.4167154E-02
   2.3920794E-02   2.3920794E-02   5.7001931E-03

   2.8900439E+02   8.9607149E+03   6.6747743E+09   2.3126674E+00   1.1020225E+01   1.9223545E+03   1.0000000E+00    18 
   9.0335001E-07   8.8819309E-07   8.8819309E-07   2.7215364E-06   2.7215364E-06
   8.6491262E-05   7.4077933E-04   7.4077933E-04   3.3979577E-03   3.3979577E-03
   1.7024932E-04   1.7024932E-04   7.4688339E-03   3.6568674E-02   3.6568674E-02
   1.7175704E-02   1.7175704E-02   5.4764585E-03   5.4764585E-03   1.2056753E-04
   1.2565813E-02   1.5751602E-02   1.5751602E-02   3.9002496E-02   3.9002496E-02
   2.3363656E-02   2.3363656E-02   6.3039633E-04   5.1334933E-02   1.9154017E-01
   1.9154017E-01   7.4311044E-02   7.4311044E-02   1.9154017E-01   1.9154017E-01
   1.7256212E-03   7.4311044E-02   5.3084206E-02   5.3084206E-02   2.0266192E-01
   2.0266192E-01   5.3084206E-02   5.3084206E-02   4.9076498E-03   2.0266192E-01
   9.1060173E-02   9.1060173E-02   2.0310563E-01   2.0310563E-01   9.1060173E-02
   9.1060173E-02   4.9076498E-03   2.0310563E-01   9.1060173E-02   2.0310563E-01
   8.3105914E-02   8.3105914E-02   8.7415322E-03

   2.3028591E+02   3.0160196E+04   1.2204120E+10   2.5283629E+00   5.9068755E+00   1.6561071E+03   1.0000000E+00    19 
   1.3086610E-05   1.2791370E-05   1.2791370E-05   2.7284364E-05   2.7284364E-05
   5.2345802E-04   2.2792155E-03   2.2792155E-03   1.4351052E-02   1.4351052E-02
   8.8282417E-04   8.8282417E-04   2.2597442E-02   5.4887219E-02   5.4887219E-02
   3.9662145E-02   3.9662145E-02   1.8850983E-02   1.8850983E-02   6.2203434E-04
   3.2020556E-02   4.2552624E-02   4.2552624E-02   8.1371394E-02   8.1371394E-02
   6.9386900E-02   6.9386900E-02   2.2320401E-03   1.0292976E-01   2.2171857E-01
   2.2171857E-01   1.3604197E-01   1.3604197E-01   2.2171857E-01   2.2171857E-01
   4.9018198E-03   1.3604197E-01   1.1204683E-01   1.1204683E-01   3.3893617E-01
   3.3893617E-01   1.1204683E-01   1.1204683E-01   1.0349469E-02   3.3893617E-01
   2.0694433E-01   2.0694433E-01   3.2442636E-01   3.2442636E-01   2.0694433E-01
   2.0694433E-01   1.0349469E-02   3.2442636E-01   2.0694433E-01   3.2442636E-01
   1.7125807E-01   1.7125807E-01   1.4884089E-02

   1.8732298E+02   1.1835896E+05   2.2558788E+10   2.8072781E+00   2.3324198E+00   1.3541399E+03   1.0000000E+00    20 
   1.8034501E-04   1.7635641E-04   1.7635641E-04   2.7383867E-04   2.7383867E-04
   3.2092635E-03   7.1322564E-03   7.1322564E-03   5.3520821E-02   5.3520821E-02
   4.0499699E-03   4.0499699E-03   5.3552630E-02   7.4418196E-02   7.4418196E-02
   7.2317768E-02   7.2317768E-02   5.3692518E-02   5.3692518E-02   2.4749167E-03
   6.5735987E-02   9.2484373E-02   9.2484373E-02   1.4571749E-01   1.4571749E-01
   1.8219865E-01   1.8219865E-01   7.1960405E-03   1.6091329E-01   2.9689415E-01
   2.9689415E-01   1.9779247E-01   1.9779247E-01   2.9689415E-01   2.9689415E-01
   1.3894142E-02   1.9779247E-01   1.7655154E-01   1.7655154E-01   4.4606363E-01
   4.4606363E-01   1.7655154E-01   1.7655154E-01   2.2749977E-02   4.4606363E-01
   3.7478290E-01   3.7478290E-01   4.2037905E-01   4.2037905E-01   3.7478290E-01
   3.7478290E-01   2.2749977E-02   4.2037905E-01   3.7478290E-01   4.2037905E-01
   2.9458945E-01   2.9458945E-01   2.7460798E-02

   1.5629712E+02   3.7319187E+05   4.2646154E+10   3.1032329E+00   1.0163381E+00   1.0289587E+03   1.0000000E+00    21 
   1.5430087E-03   1.4571478E-03   1.4571478E-03   2.0202912E-03   2.0202912E-03
   1.9547197E-02   1.9423276E-02   1.9423276E-02   1.4337838E-01   1.4337838E-01
   1.6146476E-02   1.6146476E-02   9.1880710E-02   1.0388216E-01   1.0388216E-01
   1.2210301E-01   1.2210301E-01   1.2675933E-01   1.2675933E-01   9.8709654E-03
   1.1316032E-01   1.8152647E-01   1.8152647E-01   2.3264621E-01   2.3264621E-01
   4.3022516E-01   4.3022516E-01   2.0349835E-02   2.1308784E-01   4.3215484E-01
   4.3215484E-01   2.4996903E-01   2.4996903E-01   4.3215484E-01   4.3215484E-01
   3.5336166E-02   2.4996903E-01   2.1925587E-01   2.1925587E-01   5.1931380E-01
   5.1931380E-01   2.1925587E-01   2.1925587E-01   4.9650159E-02   5.1931380E-01
   6.1685557E-01   6.1685557E-01   4.9042204E-01   4.9042204E-01   6.1685557E-01
   6.1685557E-01   4.9650159E-02   4.9042204E-01   6.1685557E-01   4.9042204E-01
   4.8866901E-01   4.8866901E-01   5.1917842E-02

   1.3525275E+02   9.1149626E+05   8.0502317E+10   3.4279018E+00   5.6406223E-01   7.2792964E+02   1.0000000E+00    22 
   1.1802804E-02   1.0236865E-02   1.0236865E-02   1.3806538E-02   1.3806538E-02
   6.5805180E-02   5.2991443E-02   5.2991443E-02   3.2601255E-01   3.2601255E-01
   5.2096553E-02   5.2096553E-02   2.0894229E-01   1.8884621E-01   1.8884621E-01
   2.4533432E-01   2.4533432E-01   3.5958406E-01   3.5958406E-01   3.0244542E-02
   2.0249725E-01   3.4465062E-01   3.4465062E-01   3.5449862E-01   3.5449862E-01
   9.8298699E-01   9.8298699E-01   5.9705835E-02   3.0076716E-01   7.6553946E-01
   7.6553946E-01   3.4296998E-01   3.4296998E-01   7.6553946E-01   7.6553946E-01
   8.8059222E-02   3.4296998E-01   3.0444512E-01   3.0444512E-01   6.0112811E-01
   6.0112811E-01   3.0444512E-01   3.0444512E-01   1.1375454E-01   6.0112811E-01
   8.0989192E-01   8.0989192E-01   6.0270843E-01   6.0270843E-01   8.0989192E-01
   8.0989192E-01   1.1375454E-01   6.0270843E-01   8.0989192E-01   6.0270843E-01
   7.0558803E-01   7.0558803E-01   9.9385526E-02

   1.2356812E+02   1.7479189E+06   1.3634361E+11   3.6397230E+00   3.8321426E-01   5.1492786E+02   1.0000000E+00    23 
   2.9028789E-02   2.7033221E-02   2.7033221E-02   3.4187716E-02   3.4187716E-02
   1.0842293E-01   8.9306413E-02   8.9306413E-02   5.0825904E-01   5.0825904E-01
   1.0952197E-01   1.0952197E-01   2.7507009E-01   2.4951818E-01   2.4951818E-01
   3.3920928E-01   3.3920928E-01   5.7398999E-01   5.7398999E-01   6.3221554E-02
   2.7830031E-01   4.5751112E-01   4.5751112E-01   4.3184410E-01   4.3184410E-01
   1.3086865E+00   1.3086865E+00   1.0794611E-01   3.5807972E-01   9.6133554E-01
   9.6133554E-01   3.9447489E-01   3.9447489E-01   9.6133554E-01   9.6133554E-01
   1.5180907E-01   3.9447489E-01   3.9379850E-01   3.9379850E-01   6.4811264E-01
   6.4811264E-01   3.9379850E-01   3.9379850E-01   1.8570235E-01   6.4811264E-01
   8.0872208E-01   8.0872208E-01   6.3053591E-01   6.3053591E-01   8.0872208E-01
   8.0872208E-01   1.8570235E-01   6.3053591E-01   8.0872208E-01   6.3053591E-01
   9.0633649E-01   9.0633649E-01   1.5498346E-01

   1.1645889E+02   2.8812405E+06   2.1691488E+11   3.7978819E+00   3.3534400E-01   3.6438532E+02   1.0000000E+00    24 
   5.4348176E-02   5.1034475E-02   5.1034475E-02   5.8584203E-02   5.8584203E-02
   1.5191495E-01   1.2850467E-01   1.2850467E-01   6.6880860E-01   6.6880860E-01
   1.7488171E-01   1.7488171E-01   3.3093476E-01   3.0764805E-01   3.0764805E-01
   4.1332522E-01   4.1332522E-01   6.4731315E-01   6.4731315E-01   1.0016120E-01
   3.3380555E-01   5.3014883E-01   5.3014883E-01   4.8423689E-01   4.8423689E-01
   1.4167787E+00   1.4167787E+00   1.4632682E-01   4.0575435E-01   1.0355286E+00
   1.0355286E+00   4.3694397E-01   4.3694397E-01   1.0355286E+00   1.0355286E+00
   1.9654291E-01   4.3694397E-01   4.9990362E-01   4.9990362E-01   6.7702692E-01
   6.7702692E-01   4.9990362E-01   4.9990362E-01   2.2775164E-01   6.7702692E-01
   9.0943249E-01   9.0943249E-01   6.4435447E-01   6.4435447E-01   9.0943249E-01
   9.0943249E-01   2.2775164E-01   6.4435447E-01   9.0943249E-01   6.4435447E-01
   9.1623482E-01   9.1623482E-01   1.9657466E-01

   1.1191196E+02   4.3225242E+06   3.3092522E+11   3.9319166E+00   3.5783754E-01   2.5864938E+02   1.0000000E+00    25 
   9.9856990E-02   8.7493690E-02   8.7493690E-02   9.3012218E-02   9.3012218E-02
   2.0970574E-01   1.7653329E-01   1.7653329E-01   8.1081602E-01   8.1081602E-01
   2.3926015E-01   2.3926015E-01   3.8185571E-01   3.7731271E-01   3.7731271E-01
   4.8404080E-01   4.8404080E-01   6.0627997E-01   6.0627997E-01   1.3659180E-01
   3.7577164E-01   5.9626464E-01   5.9626464E-01   5.3593009E-01   5.3593009E-01
   1.4931552E+00   1.4931552E+00   1.7052879E-01   4.6271446E-01   1.0612394E+00
   1.0612394E+00   5.0071982E-01   5.0071982E-01   1.0612394E+00   1.0612394E+00
   2.2564089E-01   5.0071982E-01   6.2111750E-01   6.2111750E-01   7.0597436E-01
   7.0597436E-01   6.2111750E-01   6.2111750E-01   2.5279558E-01   7.0597436E-01
   9.8923991E-01   9.8923991E-01   6.9089815E-01   6.9089815E-01   9.8923991E-01
   9.8923991E-01   2.5279558E-01   6.9089815E-01   9.8923991E-01   6.9089815E-01
   9.6181640E-01   9.6181640E-01   2.2480680E-01

   1.0890312E+02   6.1378664E+06   4.9287427E+11   4.0198827E+00   4.2372047E-01   1.8338929E+02   1.0000000E+00    26 
   1.4466383E-01   1.2050496E-01   1.2050496E-01   1.2465295E-01   1.2465295E-01
   2.1966378E-01   2.1156229E-01   2.1156229E-01   8.8562020E-01   8.8562020E-01
   2.8130551E-01   2.8130551E-01   3.9877403E-01   4.3134339E-01   4.3134339E-01
   5.3536680E-01   5.3536680E-01   4.7952352E-01   4.7952352E-01   1.6697306E-01
   3.9466228E-01   6.3698019E-01   6.3698019E-01   5.6744565E-01   5.6744565E-01
   1.5008031E+00   1.5008031E+00   1.7595077E-01   5.1181869E-01   1.0451289E+00
   1.0451289E+00   5.5793622E-01   5.5793622E-01   1.0451289E+00   1.0451289E+00
   2.3851835E-01   5.5793622E-01   6.6865755E-01   6.6865755E-01   7.1648072E-01
   7.1648072E-01   6.6865755E-01   6.6865755E-01   2.6250571E-01   7.1648072E-01
   9.9891065E-01   9.9891065E-01   7.3262014E-01   7.3262014E-01   9.9891065E-01
   9.9891065E-01   2.6250571E-01   7.3262014E-01   9.9891065E-01   7.3262014E-01
   9.9171201E-01   9.9171201E-01   2.3821341E-01

   1.0686730E+02   8.4235804E+06   7.2115837E+11   4.0754363E+00   5.1672106E-01   1.3015632E+02   1.0000000E+00    27 
   1.7358429E-01   1.4414552E-01   1.4414552E-01   1.4741345E-01   1.4741345E-01
   2.0914958E-01   2.3326561E-01   2.3326561E-01   9.1335774E-01   9.1335774E-01
   2.9640079E-01   2.9640079E-01   3.8374857E-01   4.7728226E-01   4.7728226E-01
   5.6428811E-01   5.6428811E-01   4.2649488E-01   4.2649488E-01   1.7787099E-01
   4.0365590E-01   6.6325861E-01   6.6325861E-01   5.8523850E-01   5.8523850E-01
   1.4214033E+00   1.4214033E+00   1.8102405E-01   5.4100328E-01   9.9925054E-01
   9.9925054E-01   6.0143972E-01   6.0143972E-01   9.9925054E-01   9.9925054E-01
   2.4612658E-01   6.0143972E-01   6.8010190E-01   6.8010190E-01   7.1850005E-01
   7.1850005E-01   6.8010190E-01   6.8010190E-01   2.6806709E-01   7.1850005E-01
   9.8297844E-01   9.8297844E-01   7.6037420E-01   7.6037420E-01   9.8297844E-01
   9.8297844E-01   2.6806709E-01   7.6037420E-01   9.8297844E-01   7.6037420E-01
   9.9187910E-01   9.9187910E-01   2.4721301E-01

   1.0545841E+02   1.1227537E+07   1.0448504E+12   4.1113438E+00   6.4629731E-01   9.2249065E+01   1.0000000E+00    28 
   1.8834962E-01   1.6087180E-01   1.6087180E-01   1.6485215E-01   1.6485215E-01
   2.1694797E-01   2.4948523E-01   2.4948523E-01   9.0865146E-01   9.0865146E-01
   3.0555440E-01   3.0555440E-01   3.5201243E-01   4.9966571E-01   4.9966571E-01
   5.7696135E-01   5.7696135E-01   4.2857670E-01   4.2857670E-01   1.8015430E-01
   4.0902387E-01   6.8575097E-01   6.8575097E-01   6.0026410E-01   6.0026410E-01
   1.2962598E+00   1.2962598E+00   1.9036854E-01   5.5174678E-01   9.5567212E-01
   9.5567212E-01   6.3016774E-01   6.3016774E-01   9.5567212E-01   9.5567212E-01
   2.5324857E-01   6.3016774E-01   6.8724304E-01   6.8724304E-01   7.1629942E-01
   7.1629942E-01   6.8724304E-01   6.8724304E-01   2.7514177E-01   7.1629942E-01
   9.4629191E-01   9.4629191E-01   7.7319028E-01   7.7319028E-01   9.4629191E-01
   9.4629191E-01   2.7514177E-01   7.7319028E-01   9.4629191E-01   7.7319028E-01
   9.7261814E-01   9.7261814E-01   2.5875447E-01

   1.0447983E+02   1.4471971E+07   1.5062157E+12   4.1367293E+00   8.3651211E-01   6.5195373E+01   1.0000000E+00    29 
   1.9807470E-01   1.7564447E-01   1.7564447E-01   1.8312428E-01   1.8312428E-01
   2.4691416E-01   2.6761352E-01   2.6761352E-01   8.8492519E-01   8.8492519E-01
   3.2490121E-01   3.2490121E-01   3.2535233E-01   5.0510057E-01   5.0510057E-01
   5.8185969E-01   5.8185969E-01   4.4709766E-01   4.4709766E-01   1.8488053E-01
   4.1602387E-01   7.1060184E-01   7.1060184E-01   6.1815854E-01   6.1815854E-01
   1.1663593E+00   1.1663593E+00   2.0382523E-01   5.5472240E-01   9.3482068E-01
   9.3482068E-01   6.5061638E-01   6.5061638E-01   9.3482068E-01   9.3482068E-01
   2.6304641E-01   6.5061638E-01   6.9818447E-01   6.9818447E-01   7.1117180E-01
   7.1117180E-01   6.9818447E-01   6.9818447E-01   2.8677167E-01   7.1117180E-01
   9.0307992E-01   9.0307992E-01   7.7477546E-01   7.7477546E-01   9.0307992E-01
   9.0307992E-01   2.8677167E-01   7.7477546E-01   9.0307992E-01   7.7477546E-01
   9.4216496E-01   9.4216496E-01   2.7558312E-01

   1.0379966E+02   1.7923636E+07   2.1565909E+12   4.1586923E+00   1.1146646E+00   4.6131403E+01   1.0000000E+00    30 
   2.1095775E-01   1.9380397E-01   1.9380397E-01   2.0582012E-01   2.0582012E-01
   2.8825186E-01   2.9150601E-01   2.9150601E-01   8.5914158E-01   8.5914158E-01
   3.5773968E-01   3.5773968E-01   3.1389240E-01   5.0572515E-01   5.0572515E-01
   5.8522401E-01   5.8522401E-01   4.6891869E-01   4.6891869E-01   1.9604394E-01
   4.2793356E-01   7.3626627E-01   7.3626627E-01   6.3738535E-01   6.3738535E-01
   1.0570303E+00   1.0570303E+00   2.2140270E-01   5.5827455E-01   9.2996059E-01
   9.2996059E-01   6.6826777E-01   6.6826777E-01   9.2996059E-01   9.2996059E-01
   2.7746466E-01   6.6826777E-01   7.1323462E-01   7.1323462E-01   7.0427514E-01
   7.0427514E-01   7.1323462E-01   7.1323462E-01   3.0403916E-01   7.0427514E-01
   8.6654588E-01   8.6654588E-01   7.7148649E-01   7.7148649E-01   8.6654588E-01
   8.6654588E-01   3.0403916E-01   7.7148649E-01   8.6654588E-01   7.7148649E-01
   9.0967785E-01   9.0967785E-01   2.9805514E-01

   1.0333957E+02   2.0485795E+07   3.0138127E+12   4.1647579E+00   1.5689399E+00   3.3303524E+01   1.0000000E+00    31 
   2.2032104E-01   2.0662904E-01   2.0662904E-01   2.1752868E-01   2.1752868E-01
   3.1426310E-01   3.0451019E-01   3.0451019E-01   8.1853331E-01   8.1853331E-01
   3.7336683E-01   3.7336683E-01   3.0477334E-01   4.9190971E-01   4.9190971E-01
   5.7745342E-01   5.7745342E-01   4.6777084E-01   4.6777084E-01   1.9811142E-01
   4.3871195E-01   7.4512287E-01   7.4512287E-01   6.4474207E-01   6.4474207E-01
   9.5154788E-01   9.5154788E-01   2.2981657E-01   5.5731198E-01   9.0246553E-01
   9.0246553E-01   6.7393609E-01   6.7393609E-01   9.0246553E-01   9.0246553E-01
   2.8412839E-01   6.7393609E-01   7.2421175E-01   7.2421175E-01   6.9221943E-01
   6.9221943E-01   7.2421175E-01   7.2421175E-01   3.1464433E-01   6.9221943E-01
   8.2464510E-01   8.2464510E-01   7.5916709E-01   7.5916709E-01   8.2464510E-01
   8.2464510E-01   3.1464433E-01   7.5916709E-01   8.2464510E-01   7.5916709E-01
   8.6367749E-01   8.6367749E-01   3.1516851E-01

   1.0311115E+02   2.1071847E+07   4.3404685E+12   4.1308309E+00   2.5483925E+00   2.3225478E+01   1.0000000E+00    32 
   2.0092970E-01   1.9039276E-01   1.9039276E-01   1.9791355E-01   1.9791355E-01
   3.0341939E-01   2.8315466E-01   2.8315466E-01   7.2745789E-01   7.2745789E-01
   3.4381680E-01   3.4381680E-01   2.7115597E-01   4.5029585E-01   4.5029585E-01
   5.4994432E-01   5.4994432E-01   4.2466705E-01   4.2466705E-01   1.7910267E-01
   4.3662368E-01   7.2160864E-01   7.2160864E-01   6.3201013E-01   6.3201013E-01
   8.3032962E-01   8.3032962E-01   2.1780865E-01   5.4649844E-01   8.5164438E-01
   8.5164438E-01   6.5647134E-01   6.5647134E-01   8.5164438E-01   8.5164438E-01
   2.7242183E-01   6.5647134E-01   7.2010169E-01   7.2010169E-01   6.7278342E-01
   6.7278342E-01   7.2010169E-01   7.2010169E-01   3.0973241E-01   6.7278342E-01
   7.6885204E-01   7.6885204E-01   7.3433876E-01   7.3433876E-01   7.6885204E-01
   7.6885204E-01   3.0973241E-01   7.3433876E-01   7.6885204E-01   7.3433876E-01
   7.9527748E-01   7.9527748E-01   3.1948838E-01

   1.0303449E+02   2.1141218E+07   6.1655873E+12   4.1001680E+00   3.9330418E+00   1.6373496E+01   1.0000000E+00    33 
   1.7958908E-01   1.7251660E-01   1.7251660E-01   1.8133552E-01   1.8133552E-01
   2.9049789E-01   2.6536892E-01   2.6536892E-01   6.6017596E-01   6.6017596E-01
   3.2489467E-01   3.2489467E-01   2.4897568E-01   4.2336502E-01   4.2336502E-01
   5.3193090E-01   5.3193090E-01   3.9843809E-01   3.9843809E-01   1.6916703E-01
   4.3247548E-01   7.0130613E-01   7.0130613E-01   6.2036822E-01   6.2036822E-01
   7.6362395E-01   7.6362395E-01   2.1169878E-01   5.3863294E-01   8.2657278E-01
   8.2657278E-01   6.4222483E-01   6.4222483E-01   8.2657278E-01   8.2657278E-01
   2.6811287E-01   6.4222483E-01   7.1221053E-01   7.1221053E-01   6.5763004E-01
   6.5763004E-01   7.1221053E-01   7.1221053E-01   3.1161916E-01   6.5763004E-01
   7.3430420E-01   7.3430420E-01   7.1418624E-01   7.1418624E-01   7.3430420E-01
   7.3430420E-01   3.1161916E-01   7.1418624E-01   7.3430420E-01   7.1418624E-01
   7.4565546E-01   7.4565546E-01   3.2858731E-01

   1.0299255E+02   2.0782317E+07   8.5204921E+12   4.0740833E+00   5.7831220E+00   1.1856899E+01   1.0000000E+00    34 
   1.6146087E-01   1.5719075E-01   1.5719075E-01   1.6835265E-01   1.6835265E-01
   2.7870501E-01   2.5200706E-01   2.5200706E-01   6.0783595E-01   6.0783595E-01
   3.1278594E-01   3.1278594E-01   2.3432548E-01   4.0399361E-01   4.0399361E-01
   5.1771925E-01   5.1771925E-01   3.8166264E-01   3.8166264E-01   1.6403688E-01
   4.2838236E-01   6.8396238E-01   6.8396238E-01   6.0831392E-01   6.0831392E-01
   7.1671675E-01   7.1671675E-01   2.0956516E-01   5.3127170E-01   8.0803996E-01
   8.0803996E-01   6.2982902E-01   6.2982902E-01   8.0803996E-01   8.0803996E-01
   2.6841949E-01   6.2982902E-01   7.0309255E-01   7.0309255E-01   6.4317123E-01
   6.4317123E-01   7.0309255E-01   7.0309255E-01   3.1784423E-01   6.4317123E-01
   7.0734870E-01   7.0734870E-01   6.9445270E-01   6.9445270E-01   7.0734870E-01
   7.0734870E-01   3.1784423E-01   6.9445270E-01   7.0734870E-01   6.9445270E-01
   7.0582128E-01   7.0582128E-01   3.4075447E-01

   1.0296080E+02   2.0118283E+07   1.2172607E+13   4.0502574E+00   8.7136777E+00   8.3038406E+00   1.0000000E+00    35 
   1.4572781E-01   1.4373645E-01   1.4373645E-01   1.5782886E-01   1.5782886E-01
   2.6846525E-01   2.4201313E-01   2.4201313E-01   5.6084532E-01   5.6084532E-01
   3.0586675E-01   3.0586675E-01   2.2462023E-01   3.8882961E-01   3.8882961E-01
   5.0543896E-01   5.0543896E-01   3.7064427E-01   3.7064427E-01   1.6266231E-01
   4.2514417E-01   6.6822501E-01   6.6822501E-01   5.9490734E-01   5.9490734E-01
   6.8006999E-01   6.8006999E-01   2.1135976E-01   5.2401957E-01   7.9047373E-01
   7.9047373E-01   6.1883004E-01   6.1883004E-01   7.9047373E-01   7.9047373E-01
   2.7394727E-01   6.1883004E-01   6.9193369E-01   6.9193369E-01   6.2796030E-01
   6.2796030E-01   6.9193369E-01   6.9193369E-01   3.3010115E-01   6.2796030E-01
   6.8164198E-01   6.8164198E-01   6.7280271E-01   6.7280271E-01   6.8164198E-01
   6.8164198E-01   3.3010115E-01   6.7280271E-01   6.8164198E-01   6.7280271E-01
   6.6879904E-01   6.6879904E-01   3.5859084E-01

   1.0292345E+02   1.9088726E+07   1.7206312E+13   4.0269935E+00   1.3023450E+01   5.8782133E+00   1.0000000E+00    36 
   1.3215553E-01   1.3142897E-01   1.3142897E-01   1.4867710E-01   1.4867710E-01
   2.6147147E-01   2.3545533E-01   2.3545533E-01   5.1094219E-01   5.1094219E-01
   3.0451032E-01   3.0451032E-01   2.1891796E-01   3.7594541E-01   3.7594541E-01
   4.9232320E-01   4.9232320E-01   3.6283919E-01   3.6283919E-01   1.6562559E-01
   4.2270192E-01   6.5217049E-01   6.5217049E-01   5.7788803E-01   5.7788803E-01
   6.4431477E-01   6.4431477E-01   2.1763912E-01   5.1716412E-01   7.6825640E-01
   7.6825640E-01   6.0782553E-01   6.0782553E-01   7.6825640E-01   7.6825640E-01
   2.8472640E-01   6.0782553E-01   6.8002438E-01   6.8002438E-01   6.1221492E-01
   6.1221492E-01   6.8002438E-01   6.8002438E-01   3.4810380E-01   6.1221492E-01
   6.5891750E-01   6.5891750E-01   6.5153574E-01   6.5153574E-01   6.5891750E-01
   6.5891750E-01   3.4810380E-01   6.5153574E-01   6.5891750E-01   6.5153574E-01
   6.4031001E-01   6.4031001E-01   3.8117925E-01

   1.0287946E+02   1.8465246E+07   2.4301188E+13   4.0169257E+00   1.8901936E+01   4.1651427E+00   1.0000000E+00    37 
   1.2701381E-01   1.2669889E-01   1.2669889E-01   1.4531426E-01   1.4531426E-01
   2.6893613E-01   2.3833630E-01   2.3833630E-01   4.7227690E-01   4.7227690E-01
   3.1313510E-01   3.1313510E-01   2.2210738E-01   3.7298111E-01   3.7298111E-01
   4.8355185E-01   4.8355185E-01   3.6027477E-01   3.6027477E-01   1.7467133E-01
   4.2586720E-01   6.4099981E-01   6.4099981E-01   5.6525443E-01   5.6525443E-01
   6.1123843E-01   6.1123843E-01   2.2954597E-01   5.1911166E-01   7.4085844E-01
   7.4085844E-01   6.0432151E-01   6.0432151E-01   7.4085844E-01   7.4085844E-01
   3.0138727E-01   6.0432151E-01   6.6906818E-01   6.6906818E-01   6.0599372E-01
   6.0599372E-01   6.6906818E-01   6.6906818E-01   3.7217697E-01   6.0599372E-01
   6.4296879E-01   6.4296879E-01   6.3875647E-01   6.3875647E-01   6.4296879E-01
   6.4296879E-01   3.7217697E-01   6.3875647E-01   6.4296879E-01   6.3875647E-01
   6.2078324E-01   6.2078324E-01   4.0856677E-01

   1.0282819E+02   1.9272502E+07   3.4304587E+13   4.0320141E+00   2.5307204E+01   2.9531994E+00   1.0000000E+00    38 
   1.3311407E-01   1.3294769E-01   1.3294769E-01   1.5074618E-01   1.5074618E-01
   2.9972872E-01   2.5493588E-01   2.5493588E-01   4.5222605E-01   4.5222605E-01
   3.3443626E-01   3.3443626E-01   2.3623307E-01   3.8603460E-01   3.8603460E-01
   4.8817710E-01   4.8817710E-01   3.6253622E-01   3.6253622E-01   1.9071535E-01
   4.4167671E-01   6.3802499E-01   6.3802499E-01   5.6570031E-01   5.6570031E-01
   5.8084911E-01   5.8084911E-01   2.4706727E-01   5.3583579E-01   7.0934414E-01
   7.0934414E-01   6.1173883E-01   6.1173883E-01   7.0934414E-01   7.0934414E-01
   3.2310060E-01   6.1173883E-01   6.5929398E-01   6.5929398E-01   6.1281856E-01
   6.1281856E-01   6.5929398E-01   6.5929398E-01   4.0111143E-01   6.1281856E-01
   6.3408196E-01   6.3408196E-01   6.3513417E-01   6.3513417E-01   6.3408196E-01
   6.3408196E-01   4.0111143E-01   6.3513417E-01   6.3408196E-01   6.3513417E-01
   6.0842734E-01   6.0842734E-01   4.3898492E-01

   1.0276873E+02   2.3162860E+07   4.8428475E+13   4.0821261E+00   2.9520854E+01   2.0941743E+00   1.0000000E+00    39 
   1.5246888E-01   1.5237985E-01   1.5237985E-01   1.6781151E-01   1.6781151E-01
   3.5610288E-01   2.8973839E-01   2.8973839E-01   4.5636614E-01   4.5636614E-01
   3.7020476E-01   3.7020476E-01   2.6357450E-01   4.1955099E-01   4.1955099E-01
   5.1346566E-01   5.1346566E-01   3.7113343E-01   3.7113343E-01   2.1537979E-01
   4.7507715E-01   6.4556304E-01   6.4556304E-01   5.8383043E-01   5.8383043E-01
   5.6530024E-01   5.6530024E-01   2.7140339E-01   5.6948097E-01   6.7880364E-01
   6.7880364E-01   6.2939628E-01   6.2939628E-01   6.7880364E-01   6.7880364E-01
   3.5074646E-01   6.2939628E-01   6.5256976E-01   6.5256976E-01   6.3032313E-01
   6.3032313E-01   6.5256976E-01   6.5256976E-01   4.3510476E-01   6.3032313E-01
   6.3166450E-01   6.3166450E-01   6.3781012E-01   6.3781012E-01   6.3166450E-01
   6.3166450E-01   4.3510476E-01   6.3781012E-01   6.3166450E-01   6.3781012E-01
   6.0280967E-01   6.0280967E-01   4.7210437E-01

   1.0270049E+02   3.3721100E+07   6.8401838E+13   4.1734515E+00   2.8820268E+01   1.4846026E+00   1.0000000E+00    40 
   1.8732436E-01   1.8728356E-01   1.8728356E-01   1.9982265E-01   1.9982265E-01
   4.3451017E-01   3.4818394E-01   3.4818394E-01   4.8987687E-01   4.8987687E-01
   4.2384667E-01   4.2384667E-01   3.0750402E-01   4.7352740E-01   4.7352740E-01
   5.5760134E-01   5.5760134E-01   3.9332673E-01   3.9332673E-01   2.5401913E-01
   5.2465156E-01   6.6431764E-01   6.6431764E-01   6.1782195E-01   6.1782195E-01
   5.7721092E-01   5.7721092E-01   3.0777339E-01   6.1734377E-01   6.5900248E-01
   6.5900248E-01   6.5453390E-01   6.5453390E-01   6.5900248E-01   6.5900248E-01
   3.8911553E-01   6.5453390E-01   6.5382201E-01   6.5382201E-01   6.5466277E-01
   6.5466277E-01   6.5382201E-01   6.5382201E-01   4.7778340E-01   6.5466277E-01
   6.3774876E-01   6.3774876E-01   6.4697385E-01   6.4697385E-01   6.3774876E-01
   6.3774876E-01   4.7778340E-01   6.4697385E-01   6.3774876E-01   6.4697385E-01
   6.0823462E-01   6.0823462E-01   5.1161997E-01

   1.0262342E+02   6.0482679E+07   9.6467906E+13   4.3089426E+00   2.3145555E+01   1.0542925E+00   1.0000000E+00    41 
   2.3953406E-01   2.3952390E-01   2.3952390E-01   2.4928098E-01   2.4928098E-01
   5.2585008E-01   4.3284610E-01   4.3284610E-01   5.5361762E-01   5.5361762E-01
   5.0101532E-01   5.0101532E-01   3.7116845E-01   5.4222152E-01   5.4222152E-01
   6.1474307E-01   6.1474307E-01   4.4100670E-01   4.4100670E-01   3.1946619E-01
   5.8547036E-01   6.9345098E-01   6.9345098E-01   6.6301062E-01   6.6301062E-01
   6.1488107E-01   6.1488107E-01   3.6627660E-01   6.7390396E-01   6.6045798E-01
   6.6045798E-01   6.8534044E-01   6.8534044E-01   6.6045798E-01   6.6045798E-01
   4.4625976E-01   6.8534044E-01   6.6907345E-01   6.6907345E-01   6.8494236E-01
   6.8494236E-01   6.6907345E-01   6.6907345E-01   5.3479956E-01   6.8494236E-01
   6.5734237E-01   6.5734237E-01   6.6715308E-01   6.6715308E-01   6.5734237E-01
   6.5734237E-01   5.3479956E-01   6.6715308E-01   6.5734237E-01   6.6715308E-01
   6.3123276E-01   6.3123276E-01   5.6365321E-01

   1.0254756E+02   1.1968140E+08   1.3061232E+14   4.4695166E+00   1.6171212E+01   7.7989620E-01   1.0000000E+00    42 
   3.0275331E-01   3.0276075E-01   3.0276075E-01   3.1015259E-01   3.1015259E-01
   6.1020459E-01   5.2731741E-01   5.2731741E-01   6.3071065E-01   6.3071065E-01
   5.9119979E-01   5.9119979E-01   4.4658253E-01   6.1075203E-01   6.1075203E-01
   6.7295716E-01   6.7295716E-01   5.1333802E-01   5.1333802E-01   4.1759178E-01
   6.4508448E-01   7.2731554E-01   7.2731554E-01   7.0913548E-01   7.0913548E-01
   6.6348036E-01   6.6348036E-01   4.4745132E-01   7.2657385E-01   6.8406122E-01
   6.8406122E-01   7.1843939E-01   7.1843939E-01   6.8406122E-01   6.8406122E-01
   5.1986143E-01   7.1843939E-01   6.9897621E-01   6.9897621E-01   7.1976829E-01
   7.1976829E-01   6.9897621E-01   6.9897621E-01   6.0191425E-01   7.1976829E-01
   6.9126773E-01   6.9126773E-01   6.9989398E-01   6.9989398E-01   6.9126773E-01
   6.9126773E-01   6.0191425E-01   6.9989398E-01   6.9126773E-01   6.9989398E-01
   6.7099995E-01   6.7099995E-01   6.2498212E-01

   1.0247369E+02   2.4579539E+08   1.7125313E+14   4.6495378E+00   1.0368236E+01   5.9573726E-01   1.0000000E+00    43 
   3.7575371E-01   3.7577050E-01   3.7577050E-01   3.8120383E-01   3.8120383E-01
   6.8498579E-01   6.2044502E-01   6.2044502E-01   7.0651986E-01   7.0651986E-01
   6.7857271E-01   6.7857271E-01   5.3127266E-01   6.7655683E-01   6.7655683E-01
   7.2987855E-01   7.2987855E-01   6.0511800E-01   6.0511800E-01   5.4481498E-01
   7.0128673E-01   7.6399322E-01   7.6399322E-01   7.5396903E-01   7.5396903E-01
   7.1590599E-01   7.1590599E-01   5.4834419E-01   7.7293356E-01   7.2266844E-01
   7.2266844E-01   7.5463682E-01   7.5463682E-01   7.2266844E-01   7.2266844E-01
   6.0590861E-01   7.5463682E-01   7.4032953E-01   7.4032953E-01   7.5999539E-01
   7.5999539E-01   7.4032953E-01   7.4032953E-01   6.7556310E-01   7.5999539E-01
   7.3687876E-01   7.3687876E-01   7.4361863E-01   7.4361863E-01   7.3687876E-01
   7.3687876E-01   6.7556310E-01   7.4361863E-01   7.3687876E-01   7.4361863E-01
   7.2274057E-01   7.2274057E-01   6.9258768E-01

   1.0239913E+02   5.1730347E+08   2.2107639E+14   4.8537518E+00   6.1867445E+00   4.6220706E-01   1.0000000E+00    44 
   4.5983736E-01   4.5985813E-01   4.5985813E-01   4.6380176E-01   4.6380176E-01
   7.5260292E-01   7.0684759E-01   7.0684759E-01   7.7346078E-01   7.7346078E-01
   7.5332790E-01   7.5332790E-01   6.2568740E-01   7.4079379E-01   7.4079379E-01
   7.8601898E-01   7.8601898E-01   7.0801783E-01   7.0801783E-01   6.8021722E-01
   7.5566386E-01   8.0341402E-01   8.0341402E-01   7.9845665E-01   7.9845665E-01
   7.7044194E-01   7.7044194E-01   6.6103729E-01   8.1493331E-01   7.7110086E-01
   7.7110086E-01   7.9524083E-01   7.9524083E-01   7.7110086E-01   7.7110086E-01
   6.9852606E-01   7.9524083E-01   7.8952082E-01   7.8952082E-01   8.0532070E-01
   8.0532070E-01   7.8952082E-01   7.8952082E-01   7.5166575E-01   8.0532070E-01
   7.9033854E-01   7.9033854E-01   7.9513667E-01   7.9513667E-01   7.9033854E-01
   7.9033854E-01   7.5166575E-01   7.9513667E-01   7.9033854E-01   7.9513667E-01
   7.8160611E-01   7.8160611E-01   7.6308657E-01

   1.0232234E+02   1.0931918E+09   2.8366900E+14   5.0864571E+00   3.4638725E+00   3.6080620E-01   1.0000000E+00    45 
   5.5360715E-01   5.5362819E-01   5.5362819E-01   5.5654056E-01   5.5654056E-01
   8.1251486E-01   7.8235433E-01   7.8235433E-01   8.2951385E-01   8.2951385E-01
   8.1453875E-01   8.1453875E-01   7.2538916E-01   8.0323979E-01   8.0323979E-01
   8.3946061E-01   8.3946061E-01   8.0342390E-01   8.0342390E-01   7.9343427E-01
   8.0897286E-01   8.4469939E-01   8.4469939E-01   8.4246147E-01   8.4246147E-01
   8.2499859E-01   8.2499859E-01   7.6842106E-01   8.5409436E-01   8.2359595E-01
   8.2359595E-01   8.3885116E-01   8.3885116E-01   8.2359595E-01   8.2359595E-01
   7.8599623E-01   8.3885116E-01   8.4060275E-01   8.4060275E-01   8.5191090E-01
   8.5191090E-01   8.4060275E-01   8.4060275E-01   8.2211023E-01   8.5191090E-01
   8.4449443E-01   8.4449443E-01   8.4771845E-01   8.4771845E-01   8.4449443E-01
   8.4449443E-01   8.2211023E-01   8.4771845E-01   8.4449443E-01   8.4771845E-01
   8.3995001E-01   8.3995001E-01   8.2935814E-01

   1.0224233E+02   2.2447984E+09   3.6389853E+14   5.3518948E+00   1.8320864E+00   2.8173224E-01   1.0000000E+00    46 
   6.5268419E-01   6.5270308E-01   6.5270308E-01   6.5493419E-01   6.5493419E-01
   8.6313881E-01   8.4486439E-01   8.4486439E-01   8.7660862E-01   8.7660862E-01
   8.6498967E-01   8.6498967E-01   8.1847374E-01   8.6161621E-01   8.6161621E-01
   8.8665524E-01   8.8665524E-01   8.7547501E-01   8.7547501E-01   8.7365870E-01
   8.6052839E-01   8.8569882E-01   8.8569882E-01   8.8471404E-01   8.8471404E-01
   8.7650637E-01   8.7650637E-01   8.5442674E-01   8.9054810E-01   8.7345351E-01
   8.7345351E-01   8.8157518E-01   8.8157518E-01   8.7345351E-01   8.7345351E-01
   8.5751427E-01   8.8157518E-01   8.8694591E-01   8.8694591E-01   8.9433059E-01
   8.9433059E-01   8.8694591E-01   8.8694591E-01   8.7958834E-01   8.9433059E-01
   8.9179658E-01   8.9179658E-01   8.9393527E-01   8.9393527E-01   8.9179658E-01
   8.9179658E-01   8.7958834E-01   8.9393527E-01   8.9179658E-01   8.9393527E-01
   8.9000067E-01   8.9000067E-01   8.8427076E-01

   1.0215847E+02   4.2953299E+09   4.6839809E+14   5.6536814E+00   9.2272121E-01   2.1925969E-01   1.0000000E+00    47 
   7.4854742E-01   7.4856286E-01   7.4856286E-01   7.5032549E-01   7.5032549E-01
   9.0364728E-01   8.9387577E-01   8.9387577E-01   9.1577473E-01   9.1577473E-01
   9.0693658E-01   9.0693658E-01   8.9119472E-01   9.1083580E-01   9.1083580E-01
   9.2482694E-01   9.2482694E-01   9.2393117E-01   9.2393117E-01   9.2444795E-01
   9.0651584E-01   9.2238215E-01   9.2238215E-01   9.2213186E-01   9.2213186E-01
   9.2003291E-01   9.2003291E-01   9.1310649E-01   9.2301137E-01   9.1576675E-01
   9.1576675E-01   9.1933276E-01   9.1933276E-01   9.1576675E-01   9.1576675E-01
   9.1046494E-01   9.1933276E-01   9.2488239E-01   9.2488239E-01   9.2929282E-01
   9.2929282E-01   9.2488239E-01   9.2488239E-01   9.2261461E-01   9.2929282E-01
   9.2900640E-01   9.2900640E-01   9.3039142E-01   9.3039142E-01   9.2900640E-01
   9.2900640E-01   9.2261461E-01   9.3039142E-01   9.2900640E-01   9.3039142E-01
   9.2861265E-01   9.2861265E-01   9.2563295E-01

   1.0207031E+02   7.4204334E+09   6.0665428E+14   5.9947117E+00   4.4808608E-01   1.6959821E-01   1.0000000E+00    48 
   8.3104247E-01   8.3105419E-01   8.3105419E-01   8.3242953E-01   8.3242953E-01
   9.3468879E-01   9.3058455E-01   9.3058455E-01   9.4658523E-01   9.4658523E-01
   9.4037639E-01   9.4037639E-01   9.3892710E-01   9.4676646E-01   9.4676646E-01
   9.5323241E-01   9.5323241E-01   9.5465421E-01   9.5465421E-01   9.5479585E-01
   9.4225314E-01   9.5108308E-01   9.5108308E-01   9.5140771E-01   9.5140771E-01
   9.5191460E-01   9.5191460E-01   9.4940792E-01   9.4981870E-01   9.4812367E-01
   9.4812367E-01   9.4927840E-01   9.4927840E-01   9.4812367E-01   9.4812367E-01
   9.4700380E-01   9.4927840E-01   9.5334197E-01   9.5334197E-01   9.5571566E-01
   9.5571566E-01   9.5334197E-01   9.5334197E-01   9.5289978E-01   9.5571566E-01
   9.5610005E-01   9.5610005E-01   9.5693380E-01   9.5693380E-01   9.5610005E-01
   9.5610005E-01   9.5289978E-01   9.5693380E-01   9.5610005E-01   9.5693380E-01
   9.5619030E-01   9.5619030E-01   9.5469166E-01

   1.0197771E+02   1.1578762E+10   7.9229842E+14   6.3764186E+00   2.1422160E-01   1.3010766E-01   1.0000000E+00    49 
   8.9383310E-01   8.9383964E-01   8.9383964E-01   8.9482277E-01   8.9482277E-01
   9.5770539E-01   9.5684972E-01   9.5684972E-01   9.6872348E-01   9.6872348E-01
   9.6458040E-01   9.6458040E-01   9.6662851E-01   9.6961208E-01   9.6961208E-01
   9.7258014E-01   9.7258014E-01   9.7361551E-01   9.7361551E-01   9.7342997E-01
   9.6643379E-01   9.7101567E-01   9.7101567E-01   9.7173703E-01   9.7173703E-01
   9.7277844E-01   9.7277844E-01   9.7146567E-01   9.6986468E-01   9.7030793E-01
   9.7030793E-01   9.7047679E-01   9.7047679E-01   9.7030793E-01   9.7030793E-01
   9.7031895E-01   9.7047679E-01   9.7282706E-01   9.7282706E-01   9.7394238E-01
   9.7394238E-01   9.7282706E-01   9.7282706E-01   9.7284751E-01   9.7394238E-01
   9.7435798E-01   9.7435798E-01   9.7480442E-01   9.7480442E-01   9.7435798E-01
   9.7435798E-01   9.7284751E-01   9.7480442E-01   9.7435798E-01   9.7480442E-01
   9.7450677E-01   9.7450677E-01   9.7378633E-01

   1.0188086E+02   1.6799664E+10   1.0438498E+15   6.7995322E+00   1.0317433E-01   9.8953532E-02   1.0000000E+00    50 
   9.3710425E-01   9.3710264E-01   9.3710264E-01   9.3766908E-01   9.3766908E-01
   9.7444834E-01   9.7494094E-01   9.7494094E-01   9.8344851E-01   9.8344851E-01
   9.8066416E-01   9.8066416E-01   9.8217928E-01   9.8330299E-01   9.8330299E-01
   9.8490318E-01   9.8490318E-01   9.8537165E-01   9.8537165E-01   9.8510649E-01
   9.8159019E-01   9.8404465E-01   9.8404465E-01   9.8487573E-01   9.8487573E-01
   9.8580042E-01   9.8580042E-01   9.8504756E-01   9.8357279E-01   9.8438617E-01
   9.8438617E-01   9.8425366E-01   9.8425366E-01   9.8438617E-01   9.8438617E-01
   9.8448445E-01   9.8425366E-01   9.8533809E-01   9.8533809E-01   9.8576618E-01
   9.8576618E-01   9.8533809E-01   9.8533809E-01   9.8540032E-01   9.8576618E-01
   9.8604802E-01   9.8604802E-01   9.8624349E-01   9.8624349E-01   9.8604802E-01
   9.8604802E-01   9.8540032E-01   9.8624349E-01   9.8604802E-01   9.8624349E-01
   9.8613215E-01   9.8613215E-01   9.8581801E-01

   1.0178030E+02   2.3346006E+10   1.3817440E+15   7.2649271E+00   5.0863383E-02   7.4914494E-02   1.0000000E+00    51 
   9.6510990E-01   9.6509901E-01   9.6509901E-01   9.6528110E-01   9.6528110E-01
   9.8607403E-01   9.8675933E-01   9.8675933E-01   9.9240638E-01   9.9240638E-01
   9.9053604E-01   9.9053604E-01   9.9100933E-01   9.9147351E-01   9.9147351E-01
   9.9235846E-01   9.9235846E-01   9.9256327E-01   9.9256327E-01   9.9230833E-01
   9.9072167E-01   9.9212325E-01   9.9212325E-01   9.9277887E-01   9.9277887E-01
   9.9344117E-01   9.9344117E-01   9.9303258E-01   9.9203838E-01   9.9265709E-01
   9.9265709E-01   9.9248846E-01   9.9248846E-01   9.9265709E-01   9.9265709E-01
   9.9267512E-01   9.9248846E-01   9.9288427E-01   9.9288427E-01   9.9300155E-01
   9.9300155E-01   9.9288427E-01   9.9288427E-01   9.9291030E-01   9.9300155E-01
   9.9315840E-01   9.9315840E-01   9.9322041E-01   9.9322041E-01   9.9315840E-01
   9.9315840E-01   9.9291030E-01   9.9322041E-01   9.9315840E-01   9.9322041E-01
   9.9319009E-01   9.9319009E-01   9.9306782E-01

   1.0167649E+02   3.1595087E+10   1.8255239E+15   7.7749293E+00   2.5794739E-02   5.6827558E-02   1.0000000E+00    52 
   9.8152329E-01   9.8150554E-01   9.8150554E-01   9.8146941E-01   9.8146941E-01
   9.9308788E-01   9.9361594E-01   9.9361594E-01   9.9719093E-01   9.9719093E-01
   9.9594477E-01   9.9594477E-01   9.9578922E-01   9.9602413E-01   9.9602413E-01
   9.9653723E-01   9.9653723E-01   9.9678472E-01   9.9678472E-01   9.9682668E-01
   9.9575899E-01   9.9654904E-01   9.9654904E-01   9.9690154E-01   9.9690154E-01
   9.9725103E-01   9.9725103E-01   9.9696159E-01   9.9654220E-01   9.9691907E-01
   9.9691907E-01   9.9679904E-01   9.9679904E-01   9.9691907E-01   9.9691907E-01
   9.9687728E-01   9.9679904E-01   9.9691399E-01   9.9691399E-01   9.9693156E-01
   9.9693156E-01   9.9691399E-01   9.9691399E-01   9.9690694E-01   9.9693156E-01
   9.9700066E-01   9.9700066E-01   9.9701267E-01   9.9701267E-01   9.9700066E-01
   9.9700066E-01   9.9690694E-01   9.9701267E-01   9.9700066E-01   9.9701267E-01
   9.9700829E-01   9.9700829E-01   9.9696210E-01

   1.0156938E+02   4.1930698E+10   2.3938737E+15   8.3330665E+00   1.3480151E-02   4.3432605E-02   1.0000000E+00    53 
   9.8988432E-01   9.8986562E-01   9.8986562E-01   9.8980805E-01   9.8980805E-01
   9.9654258E-01   9.9690559E-01   9.9690559E-01   9.9913250E-01   9.9913250E-01
   9.9828713E-01   9.9828713E-01   9.9808925E-01   9.9820144E-01   9.9820144E-01
   9.9852672E-01   9.9852672E-01   9.9870685E-01   9.9870685E-01   9.9881538E-01
   9.9819049E-01   9.9861842E-01   9.9861842E-01   9.9878008E-01   9.9878008E-01
   9.9893732E-01   9.9893732E-01   9.9874341E-01   9.9859643E-01   9.9881283E-01
   9.9881283E-01   9.9874685E-01   9.9874685E-01   9.9881283E-01   9.9881283E-01
   9.9876532E-01   9.9874685E-01   9.9878077E-01   9.9878077E-01   9.9877874E-01
   9.9877874E-01   9.9878077E-01   9.9878077E-01   9.9876851E-01   9.9877874E-01
   9.9880667E-01   9.9880667E-01   9.9880734E-01   9.9880734E-01   9.9880667E-01
   9.9880667E-01   9.9876851E-01   9.9880734E-01   9.9880667E-01   9.9880734E-01
   9.9880893E-01   9.9880893E-01   9.9878919E-01

   1.0145830E+02   5.4831007E+10   3.1116339E+15   8.9428295E+00   7.3007037E-03   3.3491228E-02   1.0000000E+00    54 
   9.9404389E-01   9.9403187E-01   9.9403187E-01   9.9403618E-01   9.9403618E-01
   9.9798486E-01   9.9822410E-01   9.9822410E-01   9.9952587E-01   9.9952587E-01
   9.9899383E-01   9.9899383E-01   9.9909748E-01   9.9913152E-01   9.9913152E-01
   9.9933881E-01   9.9933881E-01   9.9935676E-01   9.9935676E-01   9.9939317E-01
   9.9922217E-01   9.9942345E-01   9.9942345E-01   9.9948285E-01   9.9948285E-01
   9.9952567E-01   9.9952567E-01   9.9941388E-01   9.9938210E-01   9.9948791E-01
   9.9948791E-01   9.9946367E-01   9.9946367E-01   9.9948791E-01   9.9948791E-01
   9.9945547E-01   9.9946367E-01   9.9947761E-01   9.9947761E-01   9.9947679E-01
   9.9947679E-01   9.9947761E-01   9.9947761E-01   9.9946841E-01   9.9947679E-01
   9.9948566E-01   9.9948566E-01   9.9948598E-01   9.9948598E-01   9.9948566E-01
   9.9948566E-01   9.9946841E-01   9.9948598E-01   9.9948566E-01   9.9948598E-01
   9.9948670E-01   9.9948670E-01   9.9947739E-01

   1.0134230E+02   7.0963352E+10   4.0150075E+15   9.6077847E+00   4.1242549E-03   2.6018932E-02   1.0000000E+00    55 
   9.9631553E-01   9.9631591E-01   9.9631591E-01   9.9637225E-01   9.9637225E-01
   9.9857671E-01   9.9872240E-01   9.9872240E-01   9.9938648E-01   9.9938648E-01
   9.9911594E-01   9.9911594E-01   9.9951759E-01   9.9951756E-01   9.9951756E-01
   9.9963894E-01   9.9963894E-01   9.9952556E-01   9.9952556E-01   9.9950652E-01
   9.9959907E-01   9.9965398E-01   9.9965398E-01   9.9965630E-01   9.9965630E-01
   9.9962643E-01   9.9962643E-01   9.9957190E-01   9.9961028E-01   9.9964093E-01
   9.9964093E-01   9.9964291E-01   9.9964291E-01   9.9964093E-01   9.9964093E-01
   9.9962203E-01   9.9964291E-01   9.9964894E-01   9.9964894E-01   9.9965231E-01
   9.9965231E-01   9.9964894E-01   9.9964894E-01   9.9964266E-01   9.9965231E-01
   9.9965204E-01   9.9965204E-01   9.9965359E-01   9.9965359E-01   9.9965204E-01
   9.9965204E-01   9.9964266E-01   9.9965359E-01   9.9965204E-01   9.9965359E-01
   9.9965242E-01   9.9965242E-01   9.9964786E-01

   1.0122043E+02   9.1159698E+10   5.1498192E+15   1.0331288E+01   2.4422590E-03   2.0337346E-02   1.0000000E+00    56 
   9.9756851E-01   9.9758034E-01   9.9758034E-01   9.9766980E-01   9.9766980E-01
   9.9891223E-01   9.9900899E-01   9.9900899E-01   9.9934263E-01   9.9934263E-01
   9.9921500E-01   9.9921500E-01   9.9966271E-01   9.9966889E-01   9.9966889E-01
   9.9974163E-01   9.9974163E-01   9.9959061E-01   9.9959061E-01   9.9955572E-01
   9.9972317E-01   9.9971136E-01   9.9971136E-01   9.9969813E-01   9.9969813E-01
   9.9964773E-01   9.9964773E-01   9.9962350E-01   9.9968447E-01   9.9968203E-01
   9.9968203E-01   9.9969311E-01   9.9969311E-01   9.9968203E-01   9.9968203E-01
   9.9967141E-01   9.9969311E-01   9.9969527E-01   9.9969527E-01   9.9970014E-01
   9.9970014E-01   9.9969527E-01   9.9969527E-01   9.9969153E-01   9.9970014E-01
   9.9969686E-01   9.9969686E-01   9.9969879E-01   9.9969879E-01   9.9969686E-01
   9.9969686E-01   9.9969153E-01   9.9969879E-01   9.9969686E-01   9.9969879E-01
   9.9969694E-01   9.9969694E-01   9.9969491E-01

   1.0109170E+02   1.1654632E+11   6.5786482E+15   1.1117055E+01   1.5229726E-03   1.5962558E-02   1.0000000E+00    57 
   9.9834264E-01   9.9835942E-01   9.9835942E-01   9.9846282E-01   9.9846282E-01
   9.9918467E-01   9.9926179E-01   9.9926179E-01   9.9945505E-01   9.9945505E-01
   9.9938398E-01   9.9938398E-01   9.9971436E-01   9.9973910E-01   9.9973910E-01
   9.9978864E-01   9.9978864E-01   9.9966163E-01   9.9966163E-01   9.9963222E-01
   9.9978116E-01   9.9975502E-01   9.9975502E-01   9.9974415E-01   9.9974415E-01
   9.9970223E-01   9.9970223E-01   9.9969068E-01   9.9974410E-01   9.9973396E-01
   9.9973396E-01   9.9974451E-01   9.9974451E-01   9.9973396E-01   9.9973396E-01
   9.9972820E-01   9.9974451E-01   9.9974464E-01   9.9974464E-01   9.9974884E-01
   9.9974884E-01   9.9974464E-01   9.9974464E-01   9.9974303E-01   9.9974884E-01
   9.9974577E-01   9.9974577E-01   9.9974739E-01   9.9974739E-01   9.9974577E-01
   9.9974577E-01   9.9974303E-01   9.9974739E-01   9.9974577E-01   9.9974739E-01
   9.9974583E-01   9.9974583E-01   9.9974516E-01

   1.0095493E+02   1.4892843E+11   8.4026701E+15   1.1969203E+01   1.0059798E-03   1.2532095E-02   1.0000000E+00    58 
   9.9896026E-01   9.9897566E-01   9.9897566E-01   9.9906558E-01   9.9906558E-01
   9.9945642E-01   9.9951493E-01   9.9951493E-01   9.9962796E-01   9.9962796E-01
   9.9958619E-01   9.9958619E-01   9.9977818E-01   9.9980941E-01   9.9980941E-01
   9.9984183E-01   9.9984183E-01   9.9975831E-01   9.9975831E-01   9.9973933E-01
   9.9984326E-01   9.9982396E-01   9.9982396E-01   9.9981623E-01   9.9981623E-01
   9.9978949E-01   9.9978949E-01   9.9978361E-01   9.9981942E-01   9.9981138E-01
   9.9981138E-01   9.9981835E-01   9.9981835E-01   9.9981138E-01   9.9981138E-01
   9.9980868E-01   9.9981835E-01   9.9981816E-01   9.9981816E-01   9.9982089E-01
   9.9982089E-01   9.9981816E-01   9.9981816E-01   9.9981783E-01   9.9982089E-01
   9.9981903E-01   9.9981903E-01   9.9982010E-01   9.9982010E-01   9.9981903E-01
   9.9981903E-01   9.9981783E-01   9.9982010E-01   9.9981903E-01   9.9982010E-01
   9.9981915E-01   9.9981915E-01   9.9981907E-01

   1.0080607E+02   1.9208672E+11   1.0834728E+16   1.2911718E+01   7.0320796E-04   9.7480358E-03   1.0000000E+00    59 
   9.9941968E-01   9.9943027E-01   9.9943027E-01   9.9949268E-01   9.9949268E-01
   9.9968164E-01   9.9972014E-01   9.9972014E-01   9.9978118E-01   9.9978118E-01
   9.9975836E-01   9.9975836E-01   9.9985197E-01   9.9987878E-01   9.9987878E-01
   9.9989750E-01   9.9989750E-01   9.9985085E-01   9.9985085E-01   9.9983978E-01
   9.9990216E-01   9.9989174E-01   9.9989174E-01   9.9988714E-01   9.9988714E-01
   9.9987287E-01   9.9987287E-01   9.9987015E-01   9.9989064E-01   9.9988631E-01
   9.9988631E-01   9.9989009E-01   9.9989009E-01   9.9988631E-01   9.9988631E-01
   9.9988535E-01   9.9989009E-01   9.9989029E-01   9.9989029E-01   9.9989177E-01
   9.9989177E-01   9.9989029E-01   9.9989029E-01   9.9989046E-01   9.9989177E-01
   9.9989094E-01   9.9989094E-01   9.9989153E-01   9.9989153E-01   9.9989094E-01
   9.9989094E-01   9.9989046E-01   9.9989153E-01   9.9989094E-01   9.9989153E-01
   9.9989106E-01   9.9989106E-01   9.9989115E-01

   1.0068651E+02   2.3402500E+11   1.3198529E+16   1.3679974E+01   5.6055860E-04   8.0213027E-03   1.0000000E+00    60 
   9.9965550E-01   9.9966227E-01   9.9966227E-01   9.9970458E-01   9.9970458E-01
   9.9980488E-01   9.9983025E-01   9.9983025E-01   9.9986551E-01   9.9986551E-01
   9.9985203E-01   9.9985203E-01   9.9990156E-01   9.9992140E-01   9.9992140E-01
   9.9993259E-01   9.9993259E-01   9.9990475E-01   9.9990475E-01   9.9989740E-01
   9.9993724E-01   9.9993141E-01   9.9993141E-01   9.9992865E-01   9.9992865E-01
   9.9992052E-01   9.9992052E-01   9.9991921E-01   9.9993180E-01   9.9992946E-01
   9.9992946E-01   9.9993163E-01   9.9993163E-01   9.9992946E-01   9.9992946E-01
   9.9992916E-01   9.9993163E-01   9.9993199E-01   9.9993199E-01   9.9993284E-01
   9.9993284E-01   9.9993199E-01   9.9993199E-01   9.9993225E-01   9.9993284E-01
   9.9993245E-01   9.9993245E-01   9.9993280E-01   9.9993280E-01   9.9993245E-01
   9.9993245E-01   9.9993225E-01   9.9993280E-01   9.9993245E-01   9.9993280E-01
   9.9993256E-01   9.9993256E-01   9.9993265E-01

   1.0062098E+02   2.6028465E+11   1.4678757E+16   1.4105755E+01   5.0520084E-04   7.2218434E-03   1.0000000E+00    61 
   9.9974893E-01   9.9975371E-01   9.9975371E-01   9.9978659E-01   9.9978659E-01
   9.9985441E-01   9.9987388E-01   9.9987388E-01   9.9989949E-01   9.9989949E-01
   9.9988974E-01   9.9988974E-01   9.9992307E-01   9.9993946E-01   9.9993946E-01
   9.9994777E-01   9.9994777E-01   9.9992716E-01   9.9992716E-01   9.9992119E-01
   9.9995207E-01   9.9994795E-01   9.9994795E-01   9.9994593E-01   9.9994593E-01
   9.9994008E-01   9.9994008E-01   9.9993928E-01   9.9994879E-01   9.9994717E-01
   9.9994717E-01   9.9994874E-01   9.9994874E-01   9.9994717E-01   9.9994717E-01
   9.9994709E-01   9.9994874E-01   9.9994911E-01   9.9994911E-01   9.9994972E-01
   9.9994972E-01   9.9994911E-01   9.9994911E-01   9.9994936E-01   9.9994972E-01
   9.9994948E-01   9.9994948E-01   9.9994974E-01   9.9994974E-01   9.9994948E-01
   9.9994948E-01   9.9994936E-01   9.9994974E-01   9.9994948E-01   9.9994974E-01
   9.9994957E-01   9.9994957E-01   9.9994966E-01

   1.0058758E+02   2.7467565E+11   1.5489991E+16   1.4324159E+01   4.8155714E-04   6.8481798E-03   1.0000000E+00    62 
   9.9974541E-01   9.9975093E-01   9.9975093E-01   9.9978555E-01   9.9978555E-01
   9.9985111E-01   9.9987140E-01   9.9987140E-01   9.9989720E-01   9.9989720E-01
   9.9988755E-01   9.9988755E-01   9.9991970E-01   9.9993721E-01   9.9993721E-01
   9.9994578E-01   9.9994578E-01   9.9992508E-01   9.9992508E-01   9.9991930E-01
   9.9995016E-01   9.9994603E-01   9.9994603E-01   9.9994396E-01   9.9994396E-01
   9.9993809E-01   9.9993809E-01   9.9993735E-01   9.9994679E-01   9.9994517E-01
   9.9994517E-01   9.9994676E-01   9.9994676E-01   9.9994517E-01   9.9994517E-01
   9.9994511E-01   9.9994676E-01   9.9994716E-01   9.9994716E-01   9.9994778E-01
   9.9994778E-01   9.9994716E-01   9.9994716E-01   9.9994744E-01   9.9994778E-01
   9.9994756E-01   9.9994756E-01   9.9994782E-01   9.9994782E-01   9.9994756E-01
   9.9994756E-01   9.9994744E-01   9.9994782E-01   9.9994756E-01   9.9994782E-01
   9.9994766E-01   9.9994766E-01   9.9994775E-01

   1.0057637E+02   2.7968159E+11   1.5772185E+16   1.4397884E+01   4.7421738E-04   6.7271547E-03   1.0000000E+00    63 
   9.9977551E-01   9.9979361E-01   9.9979361E-01   9.9983152E-01   9.9983152E-01
   9.9988064E-01   9.9990554E-01   9.9990554E-01   9.9992950E-01   9.9992950E-01
   9.9990861E-01   9.9990861E-01   9.9992291E-01   9.9994720E-01   9.9994720E-01
   9.9995610E-01   9.9995610E-01   9.9992614E-01   9.9992614E-01   9.9991564E-01
   9.9994212E-01   9.9993803E-01   9.9993803E-01   9.9993340E-01   9.9993340E-01
   9.9992422E-01   9.9992422E-01   9.9992243E-01   9.9992849E-01   9.9992616E-01
   9.9992616E-01   9.9992826E-01   9.9992826E-01   9.9992616E-01   9.9992616E-01
   9.9992585E-01   9.9992826E-01   9.9992715E-01   9.9992715E-01   9.9992808E-01
   9.9992808E-01   9.9992715E-01   9.9992715E-01   9.9992724E-01   9.9992808E-01
   9.9992743E-01   9.9992743E-01   9.9992778E-01   9.9992778E-01   9.9992743E-01
   9.9992743E-01   9.9992724E-01   9.9992778E-01   9.9992743E-01   9.9992778E-01
   9.9992740E-01   9.9992740E-01   9.9992747E-01
